PrecinctName	ReportingType	PrecinctID	Precincts	Registration	Ballots Cast	Turnout (%)	JEFF SHEEHY	LAWRENCE ''STARK'' DAGESSE	RAFAEL MANDELMAN	WRITE-IN	Under Vote	Over Vote
Pct 7801	Election Day	7801	1	970	230	23.71	72	5	123	0	30	0
Pct 7801	VBM	7801	1	970	424	43.71	137	5	251	0	36	0
Pct 7802	Election Day	7802	1	762	205	26.9	60	0	120	1	25	0
Pct 7802	VBM	7802	1	762	313	41.08	121	5	163	0	25	1
Pct 7803	Election Day	7803	1	823	143	17.38	44	2	87	0	10	0
Pct 7803	VBM	7803	1	823	412	50.06	168	4	217	0	24	0
Pct 7804	Election Day	7804	1	891	236	26.49	82	4	126	3	20	1
Pct 7804	VBM	7804	1	891	394	44.22	155	4	210	4	21	1
Pct 7805	Election Day	7805	1	785	176	22.42	43	1	120	1	9	0
Pct 7805	VBM	7805	1	785	348	44.33	95	6	215	1	31	0
Pct 7806	Election Day	7806	1	699	163	23.32	43	3	97	0	19	0
Pct 7806	VBM	7806	1	699	283	40.49	82	7	169	0	24	1
Pct 7807	Election Day	7807	1	796	228	28.64	57	3	151	0	17	1
Pct 7807	VBM	7807	1	796	273	34.3	88	5	157	1	23	0
Pct 7808	Election Day	7808	1	655	178	27.18	66	4	95	0	13	0
Pct 7808	VBM	7808	1	655	243	37.1	72	2	151	1	16	0
Pct 7809	Election Day	7809	1	742	160	21.56	40	5	91	0	24	1
Pct 7809	VBM	7809	1	742	267	35.98	78	9	154	0	23	1
Pct 7811	Election Day	7811	1	726	186	25.62	57	5	112	1	12	0
Pct 7811	VBM	7811	1	726	243	33.47	63	9	152	1	17	0
Pct 7812	Election Day	7812	1	843	207	24.56	48	8	131	0	21	0
Pct 7812	VBM	7812	1	843	292	34.64	89	7	170	3	23	1
Pct 7813	Election Day	7813	1	988	251	25.4	74	6	151	0	21	0
Pct 7813	VBM	7813	1	988	362	36.64	116	4	205	0	36	0
Pct 7814	Election Day	7814	1	892	173	19.39	38	10	93	2	30	0
Pct 7814	VBM	7814	1	892	223	25	83	5	110	0	25	2
Pct 7815	Election Day	7815	1	914	178	19.47	58	4	96	0	21	0
Pct 7815	VBM	7815	1	914	407	44.53	140	6	242	0	20	0
Pct 7816	Election Day	7816	1	858	202	23.54	70	3	118	0	10	0
Pct 7816	VBM	7816	1	858	390	45.45	155	3	205	0	27	0
Pct 7817	Election Day	7817	1	795	215	27.04	66	6	136	0	8	0
Pct 7817	VBM	7817	1	795	309	38.87	96	4	202	0	7	0
Pct 7818	Election Day	7818	1	823	172	20.9	45	3	100	0	25	0
Pct 7818	VBM	7818	1	823	335	40.7	111	7	190	3	25	1
Pct 7819	Election Day	7819	1	760	169	22.24	47	2	99	0	21	0
Pct 7819	VBM	7819	1	760	297	39.08	102	7	163	0	23	0
Pct 7821	Election Day	7821	1	947	229	24.18	93	2	124	0	11	0
Pct 7821	VBM	7821	1	947	439	46.36	165	8	244	0	19	1
Pct 7822	Election Day	7822	1	927	244	26.32	66	4	157	0	17	0
Pct 7822	VBM	7822	1	927	343	37	115	7	198	0	22	0
Pct 7823	Election Day	7823	1	857	237	27.65	78	2	142	1	14	0
Pct 7823	VBM	7823	1	857	347	40.49	125	6	201	1	15	0
Pct 7824	Election Day	7824	1	756	170	22.49	60	2	91	2	15	0
Pct 7824	VBM	7824	1	756	274	36.24	111	8	144	0	11	0
Pct 7825	Election Day	7825	1	580	160	27.59	46	3	95	0	15	0
Pct 7825	VBM	7825	1	580	215	37.07	73	4	121	0	16	0
Pct 7826	Election Day	7826	1	665	214	32.18	61	3	122	0	29	0
Pct 7826	VBM	7826	1	665	194	29.17	58	3	121	0	14	0
Pct 7827	Election Day	7827	1	828	199	24.03	49	8	115	0	27	0
Pct 7827	VBM	7827	1	828	252	30.43	73	2	150	2	25	0
Pct 7828	Election Day	7828	1	976	205	21	83	7	93	0	22	0
Pct 7828	VBM	7828	1	976	397	40.68	145	2	220	1	29	0
Pct 7829	Election Day	7829	1	882	199	22.56	85	2	102	1	9	0
Pct 7829	VBM	7829	1	882	391	44.33	159	5	199	1	28	0
Pct 7831	Election Day	7831	1	828	202	24.4	64	6	120	0	11	0
Pct 7831	VBM	7831	1	828	369	44.57	126	2	221	0	20	0
Pct 7832	Election Day	7832	1	781	162	20.74	63	2	82	1	15	0
Pct 7832	VBM	7832	1	781	343	43.92	114	3	201	0	26	0
Pct 7833	Election Day	7833	1	745	182	24.43	43	1	121	0	17	0
Pct 7833	VBM	7833	1	745	271	36.38	86	4	166	0	16	0
Pct 7834	Election Day	7834	1	836	225	26.91	60	2	142	0	22	0
Pct 7834	VBM	7834	1	836	288	34.45	75	4	185	0	25	0
Pct 7835	Election Day	7835	1	808	175	21.66	55	10	94	3	13	0
Pct 7835	VBM	7835	1	808	338	41.83	130	6	189	0	16	0
Pct 7836	Election Day	7836	1	979	199	20.33	76	5	101	1	16	0
Pct 7836	VBM	7836	1	979	421	43	169	10	212	1	28	0
Pct 7837	Election Day	7837	1	883	237	26.84	74	3	139	0	20	0
Pct 7837	VBM	7837	1	883	339	38.39	114	7	187	0	28	0
Pct 7838	Election Day	7838	1	891	210	23.57	79	0	118	0	13	0
Pct 7838	VBM	7838	1	891	413	46.35	151	2	236	0	22	2
Pct 7839	Election Day	7839	1	830	172	20.72	65	3	88	0	17	0
Pct 7839	VBM	7839	1	830	389	46.87	157	2	206	1	24	0
Pct 7841	Election Day	7841	1	898	240	26.73	77	5	136	2	20	0
Pct 7841	VBM	7841	1	898	353	39.31	126	6	201	1	18	0
Pct 7842	Election Day	7842	1	873	214	24.51	67	2	131	0	14	0
Pct 7842	VBM	7842	1	873	308	35.28	94	5	189	1	18	0
Pct 7843	Election Day	7843	1	751	182	24.23	51	2	114	1	15	0
Pct 7843	VBM	7843	1	751	267	35.55	76	7	158	1	24	0
Pct 7844	Election Day	7844	1	635	160	25.2	44	1	94	0	21	0
Pct 7844	VBM	7844	1	635	245	38.58	67	4	151	0	24	0
Pct 7845	Election Day	7845	1	803	202	25.16	72	2	106	0	22	0
Pct 7845	VBM	7845	1	803	314	39.1	109	3	179	0	25	0
Pct 7846	Election Day	7846	1	871	221	25.37	80	3	123	0	15	0
Pct 7846	VBM	7846	1	871	330	37.89	142	2	157	1	24	2
Pct 7847	Election Day	7847	1	878	207	23.58	70	3	119	2	15	0
Pct 7847	VBM	7847	1	878	358	40.77	135	2	202	0	21	0
Pct 7848	Election Day	7848	1	838	209	24.94	68	1	129	1	11	0
Pct 7848	VBM	7848	1	838	346	41.29	123	1	198	0	27	0
Pct 7849	Election Day	7849	1	904	237	26.22	76	2	145	0	15	0
Pct 7849	VBM	7849	1	904	353	39.05	132	7	188	1	27	0
Pct 7851	Election Day	7851	1	493	118	23.94	56	4	41	1	16	0
Pct 7851	VBM	7851	1	493	204	41.38	89	6	90	1	18	0
Pct 7852	Election Day	7852	1	634	104	16.4	49	4	43	0	8	0
Pct 7852	VBM	7852	1	634	303	47.79	137	8	139	2	17	1
Pct 7853	Election Day	7853	1	837	180	21.51	74	3	78	1	24	0
Pct 7853	VBM	7853	1	837	333	39.78	139	2	168	0	22	1
Pct 7854	Election Day	7854	1	874	216	24.71	75	2	124	0	16	0
Pct 7854	VBM	7854	1	874	346	39.59	127	3	185	3	29	0
Pct 7855	Election Day	7855	1	949	259	27.29	80	2	158	1	18	0
Pct 7855	VBM	7855	1	949	359	37.83	137	2	191	1	34	0
Pct 7856	Election Day	7856	1	790	204	25.82	64	1	118	0	19	0
Pct 7856	VBM	7856	1	790	312	39.49	106	5	186	0	16	0
Pct 7857	Election Day	7857	1	913	225	24.64	80	2	120	1	22	0
Pct 7857	VBM	7857	1	913	350	38.34	113	3	203	0	32	0
Pct 7858	Election Day	7858	1	743	192	25.84	51	6	108	1	26	0
Pct 7858	VBM	7858	1	743	252	33.92	69	4	162	0	16	1
Pct 7859	Election Day	7859	1	879	219	24.91	92	1	108	1	17	0
Pct 7859	VBM	7859	1	879	352	40.05	145	8	176	0	24	0
Pct 7861	Election Day	7861	1	835	184	22.04	55	6	103	1	19	0
Pct 7861	VBM	7861	1	835	367	43.95	128	6	207	0	26	0
Pct 7862	Election Day	7862	1	850	237	27.88	79	3	131	1	23	0
Pct 7862	VBM	7862	1	850	323	38	121	6	170	2	27	0
Pct 7863	Election Day	7863	1	870	237	27.24	79	9	133	0	15	0
Pct 7863	VBM	7863	1	870	302	34.71	116	3	162	2	20	0
Pct 7864	Election Day	7864	1	773	188	24.32	48	6	122	0	12	0
Pct 7864	VBM	7864	1	773	284	36.74	94	3	172	2	15	0
Pct 7865	Election Day	7865	1	808	178	22.03	58	2	95	0	23	0
Pct 7865	VBM	7865	1	808	310	38.37	109	5	172	1	26	0
Pct 7866	Election Day	7866	1	816	184	22.55	71	2	92	3	16	0
Pct 7866	VBM	7866	1	816	389	47.67	152	7	197	1	30	2
Pct 7867	Election Day	7867	1	932	209	22.42	87	5	99	1	17	0
Pct 7867	VBM	7867	1	932	385	41.31	174	7	183	0	20	0
Pct 7868	Election Day	7868	1	860	218	25.35	107	4	91	1	15	0
Pct 7868	VBM	7868	1	860	324	37.67	139	10	155	0	21	0
Pct 7869	Election Day	7869	1	842	219	26.01	83	3	120	0	13	0
Pct 7869	VBM	7869	1	842	376	44.66	132	3	221	0	22	0
Pct 7871	Election Day	7871	1	882	240	27.21	116	3	101	0	19	3
Pct 7871	VBM	7871	1	882	364	41.27	173	7	163	2	18	0
Pct 7872	Election Day	7872	1	864	242	28.01	115	5	107	0	15	0
Pct 7872	VBM	7872	1	864	369	42.71	174	6	174	0	16	0
Pct 7873	Election Day	7873	1	841	231	27.47	78	2	136	0	14	0
Pct 7873	VBM	7873	1	841	387	46.02	167	1	192	0	28	0
Pct 7874	Election Day	7874	1	453	85	18.76	30	3	45	0	7	0
Pct 7874	VBM	7874	1	453	174	38.41	58	4	100	1	11	0
Pct 7875	Election Day	7875	1	615	127	20.65	41	3	64	1	18	0
Pct 7875	VBM	7875	1	615	203	33.01	52	5	116	3	27	1
Pct 7876	Election Day	7876	1	491	101	20.57	46	3	40	1	11	0
Pct 7876	VBM	7876	1	491	148	30.14	59	4	63	0	23	0
Pct 9801	Election Day	9801	1	399	76	19.05	29	3	31	0	14	0
Pct 9801	VBM	9801	1	399	148	37.09	66	5	57	3	17	0
Pct 9901 MB	Election Day	9901	1	0	0	0	0	0	0	0	0	0
Pct 9901 MB	VBM	9901	1	0	0	0	0	0	0	0	0	0
