DistrictName	ReportingType	DistrictLabel	Precincts	Registration	Ballots Cast	Turnout (%)	JOSH JONES	J. BRIBIESCA	GLORIA ESTELA LA RIVA	PETER Y LIU	ANTONIO VILLARAIGOSA	YVONNE GIRARD	ROBERT DAVIDSON GRIFFIS	SHUBHAM GOEL	TRAVIS ALLEN	AKINYEMI AGBEDE	JOHNNY WATTENBURG	NICKOLAS WILDSTAR	DESMOND SILVEIRA	MICHAEL SHELLENBERGER	ZOLTAN ISTVAN	CHRISTOPHER N. CARLSON	THOMAS JEFFERSON CARES	JOHN CHIANG	JOHN H. COX	AMANDA RENTERIA	DELAINE EASTIN	JEFFREY EDWARD TAYLOR	KLEMENT TINAJ	HAKAN ''HAWK'' MIKADO	ALBERT CAESAR MEZZETTI	GAVIN NEWSOM	ROBERT C. NEWMAN, II	WRITE-IN	WRITE-IN K. PEARCE	WRITE-IN VERONIKA FIMBRES	WRITE-IN ARMANDO M. ARREOLA	WRITE-IN ARMAN SOLTANI	WRITE-IN PETER CRAWFORD VALENTINO	Under Vote	Over Vote
12TH CONGRESSIONAL DISTRICT	NA	Congressional:12	529	426647	225359	52.82	751	236	724	428	19710	144	116	32	4352	178	47	235	72	573	517	267	522	19087	13218	2787	26090	129	169	173	286	125446	583	186	0	25	0	0	1	4705	3570
13TH CONGRESSIONAL DISTRICT	NA	Congressional:13	1	0	0	0	0	0	0	0	0	0	0	0	0	0	0	0	0	0	0	0	0	0	0	0	0	0	0	0	0	0	0	0	0	0	0	0	0	0	0
14TH CONGRESSIONAL DISTRICT	NA	Congressional:14	74	55344	28223	51	73	31	97	122	2501	28	24	6	975	28	9	31	15	59	35	33	21	2624	2759	349	2150	24	19	21	50	14817	119	31	0	1	0	0	0	567	604
11TH SENATORIAL DISTRICT	NA	Senatorial:11	604	481991	253582	52.61	824	267	821	550	22211	172	140	38	5327	206	56	266	87	632	552	300	543	21711	15977	3136	28240	153	188	194	336	140263	702	217	0	26	0	0	1	5272	4174
17TH ASSEMBLY DISTRICT	NA	Assembly:17	353	280269	147300	52.56	452	141	525	192	13447	89	70	19	2357	126	27	143	44	380	320	186	488	11791	6540	1696	18146	80	115	98	174	83519	289	106	0	18	0	0	0	3142	2580
19TH ASSEMBLY DISTRICT	NA	Assembly:19	251	201722	106282	52.69	372	126	296	358	8764	83	70	19	2970	80	29	123	43	252	232	114	55	9920	9437	1440	10094	73	73	96	162	56744	413	111	0	8	0	0	1	2130	1594
BART DISTRICT 4	NA	BART:4	1	0	0	0	0	0	0	0	0	0	0	0	0	0	0	0	0	0	0	0	0	0	0	0	0	0	0	0	0	0	0	0	0	0	0	0	0	0	0
BART DISTRICT 7	NA	BART:7	46	36166	15261	42.2	23	18	52	39	1270	12	5	5	385	18	1	13	6	33	44	15	82	1493	727	220	1065	14	13	16	22	8901	30	15	0	1	0	0	0	345	378
BART DISTRICT 8	NA	BART:8	266	215670	112119	51.99	366	124	283	377	9122	90	64	19	3263	76	33	127	42	264	233	111	129	11280	10205	1458	9587	80	92	94	170	59662	425	112	0	12	0	0	0	2405	1814
BART DISTRICT 9	NA	BART:9	291	230155	126202	54.83	435	125	486	134	11819	70	71	14	1679	112	22	126	39	335	275	174	332	8938	5045	1458	17588	59	83	84	144	71700	247	90	0	13	0	0	1	2522	1982
SUPERVISORIAL DISTRICT 1	NA	Supervisorial:1	48	40919	22431	54.82	93	28	68	52	1629	19	12	4	488	11	6	34	8	50	51	17	4	2295	1691	295	2805	15	18	31	25	11802	75	27	0	2	0	0	0	432	344
SUPERVISORIAL DISTRICT 2	NA	Supervisorial:2	62	48242	24389	50.56	49	24	29	33	2623	17	12	3	485	15	3	26	3	59	71	17	23	1293	2439	390	1601	5	19	11	23	14418	89	17	0	1	0	0	0	393	198
SUPERVISORIAL DISTRICT 3	NA	Supervisorial:3	45	38273	18567	48.51	62	18	47	28	1536	11	12	0	399	10	4	16	6	46	42	22	72	2178	1273	237	1626	13	20	8	25	9878	36	12	0	5	0	0	0	553	372
SUPERVISORIAL DISTRICT 4	NA	Supervisorial:4	48	41216	21994	53.36	103	23	58	130	1304	16	16	6	868	16	7	22	16	59	45	34	14	2893	2162	293	2103	25	17	23	45	10717	105	27	0	4	0	0	0	527	316
SUPERVISORIAL DISTRICT 5	NA	Supervisorial:5	67	52114	28694	55.06	112	37	94	31	2510	12	22	2	251	28	3	31	9	86	71	47	60	1771	895	377	4276	13	26	21	33	16742	67	23	0	0	0	0	1	610	433
SUPERVISORIAL DISTRICT 6	NA	Supervisorial:6	48	41151	17498	42.52	53	30	82	25	1354	13	12	5	314	19	5	29	9	51	60	21	83	1543	926	293	1601	10	12	19	18	9977	45	15	0	3	0	0	0	443	428
SUPERVISORIAL DISTRICT 7	NA	Supervisorial:7	63	46301	26230	56.65	74	24	77	70	2242	27	7	5	678	22	13	22	8	56	46	23	26	2301	2719	290	2179	17	20	20	43	14336	93	22	0	3	0	0	0	451	316
SUPERVISORIAL DISTRICT 8	NA	Supervisorial:8	71	56415	36014	63.84	108	18	96	18	3384	12	11	6	287	28	6	34	7	87	79	32	74	2006	1149	338	4911	7	11	14	33	22302	44	24	0	3	0	0	0	587	298
SUPERVISORIAL DISTRICT 9	NA	Supervisorial:9	54	41665	22565	54.16	72	25	122	26	2475	13	8	4	352	16	3	22	7	62	36	37	55	1681	744	234	4141	8	16	16	33	11372	37	19	0	5	0	0	0	455	469
SUPERVISORIAL DISTRICT 10	NA	Supervisorial:10	53	39848	17900	44.92	49	21	56	52	1548	17	7	1	508	25	3	16	6	37	34	26	94	1855	739	173	1504	17	20	16	27	10116	37	16	0	0	0	0	0	417	463
SUPERVISORIAL DISTRICT 11	NA	Supervisorial:11	45	35847	17300	48.26	49	19	92	85	1606	15	21	2	697	16	3	14	8	39	17	24	38	1895	1240	216	1493	23	9	15	31	8603	74	15	0	0	0	0	0	404	537
CITY/COUNTY OF SAN FRANCISCO	NA	City:0	604	481991	253582	52.61	824	267	821	550	22211	172	140	38	5327	206	56	266	87	632	552	300	543	21711	15977	3136	28240	153	188	194	336	140263	702	217	0	26	0	0	1	5272	4174
BAYVIEW/HUNTERS POINT	NA	Neighborhood:BAYVW/HTRSPT	27	19131	7881	41.19	15	8	37	32	640	7	3	1	257	17	0	5	5	12	11	7	56	857	279	73	459	11	9	8	19	4539	14	8	0	0	0	0	0	199	293
CHINATOWN	NA	Neighborhood:CHINA	20	16742	8038	48.01	24	7	10	19	585	4	4	0	174	1	2	5	4	15	16	11	31	1122	529	84	625	4	9	5	9	4281	15	5	0	1	0	0	0	268	169
CIVIC CENTER/DOWNTOWN	NA	Neighborhood:CVC CTR/DWTN	33	27631	12231	44.27	60	16	71	12	987	7	7	1	239	19	6	19	7	37	28	17	59	1152	696	179	1226	14	15	10	14	6580	30	15	0	5	0	0	0	380	323
DIAMOND HEIGHTS	NA	Neighborhood:DIAMD HTS	9	6857	4487	65.44	12	0	11	5	401	1	0	0	56	3	0	4	2	11	4	5	16	320	245	44	387	3	4	5	10	2799	6	5	0	1	0	0	0	69	58
EXCELSIOR (OUTER MISSION)	NA	Neighborhood:EXCELSIOR	33	26541	12895	48.59	37	12	80	55	1209	12	21	2	511	9	2	11	7	22	13	18	29	1446	1008	156	1139	23	9	9	21	6294	64	8	0	0	0	0	0	269	399
HAIGHT ASHBURY	NA	Neighborhood:HAIGHT ASH	18	14552	8410	57.79	34	6	32	4	750	4	4	2	55	9	0	7	3	28	14	13	17	439	173	105	1442	1	7	3	9	4997	19	7	0	0	0	0	0	156	70
INGLESIDE	NA	Neighborhood:INGLESIDE	14	11506	5461	47.46	16	7	22	34	471	6	2	0	231	7	1	7	2	20	7	6	10	573	306	76	449	2	2	6	10	2838	18	7	0	0	0	0	0	159	166
INNER SUNSET	NA	Neighborhood:INNER SUNSET	13	9393	5438	57.89	26	13	21	13	483	2	8	0	62	4	2	8	2	12	19	9	3	366	249	82	851	2	3	8	6	3007	15	4	0	0	0	0	0	100	58
LAKE MERCED	NA	Neighborhood:LAKE MERCED	10	8641	3424	39.63	12	3	10	15	260	3	2	0	113	8	2	6	2	4	3	4	3	327	447	56	270	1	4	4	7	1709	18	3	0	1	0	0	0	76	51
LAUREL HEIGHTS/ANZA VISTA	NA	Neighborhood:LRL HTS/ANZA	13	9744	5037	51.69	16	5	9	3	438	2	2	0	70	5	0	9	2	8	14	6	1	348	321	92	600	0	5	5	3	2899	15	3	0	0	0	0	1	96	59
MARINA/PACIFIC HEIGHTS	NA	Neighborhood:MAR/PAC HTS	49	38757	19070	49.2	43	23	20	27	2022	19	10	2	379	10	2	20	2	58	59	12	25	973	1947	322	1190	6	15	10	17	11289	71	14	0	1	0	0	0	317	165
MISSION	NA	Neighborhood:MISSION	37	30096	16088	53.46	63	18	98	12	1915	6	8	1	144	15	4	15	3	61	33	30	43	996	377	193	3385	7	12	7	24	7994	22	16	0	4	0	0	0	304	278
NOE VALLEY	NA	Neighborhood:NOE VALLEY	19	16415	10583	64.47	32	2	19	8	970	3	3	3	89	9	1	13	2	25	25	7	17	624	362	92	1429	2	1	5	8	6565	13	8	0	1	0	0	0	182	63
NORTH BERNAL HTS	NA	Neighborhood:N BERNAL HTS	12	8622	5494	63.72	16	7	30	1	559	0	0	1	34	4	0	1	2	13	9	3	9	268	111	54	1123	2	6	3	5	3060	7	3	0	0	0	0	0	105	58
NORTH EMBARCADERO	NA	Neighborhood:N EMBRCDRO	8	6827	3580	52.44	13	5	8	4	335	2	1	0	78	1	0	1	0	8	7	4	17	346	290	47	281	2	1	1	9	1972	7	-1	0	1	0	0	0	65	75
PORTOLA	NA	Neighborhood:PORTOLA	13	8914	4445	49.87	8	4	15	18	354	6	2	1	203	2	0	1	2	8	5	4	9	644	344	36	330	1	0	6	10	2142	14	3	0	0	0	0	0	115	158
POTRERO HILL	NA	Neighborhood:POTRERO HILL	17	15511	7917	51.04	22	10	13	8	768	6	4	0	103	6	1	13	1	23	25	15	29	631	315	106	973	4	1	6	6	4600	11	5	0	1	0	0	0	159	52
RICHMOND	NA	Neighborhood:RICHMOND	41	35688	19724	55.27	79	24	63	51	1404	16	11	4	453	9	6	28	6	42	43	16	3	2075	1498	248	2485	15	14	23	25	10279	70	24	0	2	0	0	0	396	312
SEA CLIFF/PRESIDIO HEIGHTS	NA	Neighborhood:SECLF/PREHTS	10	7813	4593	58.79	10	3	10	4	517	2	0	1	83	3	1	4	1	8	10	3	3	322	458	46	301	0	5	6	5	2674	15	3	0	0	0	0	0	57	38
SOUTH BERNAL HEIGHT	NA	Neighborhood:S BERNAL HTS	13	9230	5452	59.07	17	0	23	1	554	5	1	2	66	5	1	10	1	10	8	11	12	323	180	49	872	2	2	2	9	3118	5	3	0	1	0	0	0	93	66
SOUTH OF MARKET	NA	Neighborhood:SOMA	27	23278	10026	43.07	15	17	32	14	800	9	10	4	183	8	1	14	3	30	44	9	37	877	590	177	914	2	7	9	6	5738	24	7	0	0	0	0	0	236	209
SUNSET	NA	Neighborhood:SUNSET	47	40651	21684	53.34	101	23	58	129	1275	16	14	6	863	16	7	22	16	59	43	34	14	2865	2142	288	2055	25	17	22	44	10562	103	27	0	4	0	0	0	522	312
UPPER MARKET/EUREKA VALLEY	NA	Neighborhood:UPRMKT/EURKA	22	18424	12111	65.73	37	11	23	3	1094	3	5	2	65	4	3	11	3	20	30	9	22	583	296	95	1515	1	4	7	5	7980	13	6	0	2	0	0	0	180	79
VISITATION VALLEY	NA	Neighborhood:VISITA VLY	13	7867	3226	41.01	10	6	8	15	224	6	1	0	161	2	2	3	0	7	4	5	18	479	202	27	127	3	10	3	4	1663	15	3	0	0	0	0	0	87	131
WEST OF TWIN PEAKS	NA	Neighborhood:W TWIN PKS	47	33960	20797	61.24	52	20	56	44	1843	21	4	5	515	13	11	14	5	44	40	16	21	1784	2136	214	1660	10	10	12	33	11574	67	19	0	1	0	0	0	318	235
WESTERN ADDITION	NA	Neighborhood:WST ADDITION	39	29200	15490	53.05	54	17	42	19	1353	4	13	0	140	17	1	15	4	47	38	26	39	971	476	195	2152	10	16	9	18	9110	31	12	0	0	0	0	0	364	297
