PrecinctName	ReportingType	PrecinctID	Precincts	Registration	Ballots Cast	Turnout (%)	STEVE POIZNER	RICARDO LARA	NATHALIE HRIZI	ASIF MAHMOOD	WRITE-IN	Under Vote	Over Vote
Pct 1101	Election Day	1101	1	544	83	15.26	17	29	10	14	1	12	0
Pct 1101	VBM	1101	1	544	198	36.4	41	77	16	38	0	26	0
Pct 1102	Election Day	1102	1	964	188	19.5	35	62	34	34	0	25	0
Pct 1102	VBM	1102	1	964	337	34.96	75	128	42	48	0	43	0
Pct 1103	Election Day	1103	1	914	163	17.83	37	55	29	20	2	19	1
Pct 1103	VBM	1103	1	914	348	38.07	88	121	37	53	0	48	0
Pct 1104/1105	Election Day	1104	1	953	167	17.52	32	59	27	22	0	26	1
Pct 1104/1105	VBM	1104	1	953	292	30.64	59	109	37	43	0	41	3
Pct 1106	Election Day	1106	1	740	113	15.27	31	34	11	21	0	16	0
Pct 1106	VBM	1106	1	740	231	31.22	62	76	28	34	0	31	0
Pct 1107	Election Day	1107	1	721	101	14.01	18	36	15	16	1	14	1
Pct 1107	VBM	1107	1	721	240	33.29	52	78	23	33	1	48	0
Pct 1108	Election Day	1108	1	882	156	17.69	30	42	14	30	1	39	1
Pct 1108	VBM	1108	1	882	328	37.19	56	133	33	56	2	44	1
Pct 1109	Election Day	1109	1	758	124	16.36	23	44	24	18	0	15	0
Pct 1109	VBM	1109	1	758	265	34.96	51	102	29	45	0	37	1
Pct 1111	Election Day	1111	1	938	132	14.07	16	48	29	23	0	17	0
Pct 1111	VBM	1111	1	938	330	35.18	65	117	42	49	3	51	0
Pct 1112	Election Day	1112	1	702	96	13.68	10	35	13	22	0	15	1
Pct 1112	VBM	1112	1	702	221	31.48	43	78	18	49	2	30	0
Pct 1113	Election Day	1113	1	701	82	11.7	15	25	15	9	1	17	0
Pct 1113	VBM	1113	1	701	272	38.8	71	81	31	30	3	53	1
Pct 1114	Election Day	1114	1	915	139	15.19	21	52	24	19	1	22	0
Pct 1114	VBM	1114	1	915	280	30.6	68	99	48	34	0	31	0
Pct 1115	Election Day	1115	1	835	97	11.62	20	28	17	16	2	15	0
Pct 1115	VBM	1115	1	835	279	33.41	60	86	27	42	0	62	1
Pct 1116	Election Day	1116	1	842	141	16.75	17	35	20	38	0	30	1
Pct 1116	VBM	1116	1	842	275	32.66	50	106	29	34	2	51	2
Pct 1117	Election Day	1117	1	827	138	16.69	20	52	19	24	0	26	0
Pct 1117	VBM	1117	1	827	240	29.02	44	84	29	43	0	39	0
Pct 1118	Election Day	1118	1	974	158	16.22	24	57	33	28	0	16	0
Pct 1118	VBM	1118	1	974	335	34.39	76	132	33	41	1	52	0
Pct 1119	Election Day	1119	1	745	97	13.02	12	28	17	25	0	15	0
Pct 1119	VBM	1119	1	745	274	36.78	63	89	32	59	2	29	0
Pct 1121	Election Day	1121	1	653	104	15.93	24	29	11	23	0	18	0
Pct 1121	VBM	1121	1	653	221	33.84	48	81	23	28	0	39	0
Pct 1122	Election Day	1122	1	607	69	11.37	13	22	11	7	1	15	0
Pct 1122	VBM	1122	1	607	213	35.09	54	42	22	37	1	57	0
Pct 1123	Election Day	1123	1	876	118	13.47	26	40	14	15	3	20	0
Pct 1123	VBM	1123	1	876	254	29	50	100	38	39	2	24	0
Pct 1124	Election Day	1124	1	773	109	14.1	12	41	11	18	2	25	0
Pct 1124	VBM	1124	1	773	200	25.87	34	78	23	35	1	29	1
Pct 1125	Election Day	1125	1	987	80	8.11	8	28	11	12	3	19	0
Pct 1125	VBM	1125	1	987	329	33.33	64	148	32	46	3	34	3
Pct 1126	Election Day	1126	1	900	92	10.22	17	42	9	14	0	12	0
Pct 1126	VBM	1126	1	900	292	32.44	61	114	26	47	2	41	0
Pct 1127	Election Day	1127	1	875	141	16.11	27	48	25	21	2	19	0
Pct 1127	VBM	1127	1	875	277	31.66	61	112	27	38	1	36	1
Pct 1128	Election Day	1128	1	813	104	12.79	30	35	12	9	2	15	1
Pct 1128	VBM	1128	1	813	246	30.26	62	73	21	49	0	39	2
Pct 1129	Election Day	1129	1	924	120	12.99	22	50	14	19	1	14	0
Pct 1129	VBM	1129	1	924	274	29.65	49	142	27	28	1	25	0
Pct 1131	Election Day	1131	1	783	85	10.86	24	32	10	7	1	11	0
Pct 1131	VBM	1131	1	783	288	36.78	76	107	20	42	1	40	1
Pct 1132	Election Day	1132	1	910	112	12.31	12	40	18	24	1	17	0
Pct 1132	VBM	1132	1	910	324	35.6	78	116	34	41	0	54	1
Pct 1133	Election Day	1133	1	826	99	11.99	18	34	11	19	1	16	0
Pct 1133	VBM	1133	1	826	292	35.35	67	110	25	40	2	49	1
Pct 1134	Election Day	1134	1	727	126	17.33	21	52	24	16	0	13	0
Pct 1134	VBM	1134	1	727	241	33.15	39	102	22	20	0	57	1
Pct 1135	Election Day	1135	1	511	71	13.89	12	35	3	12	0	9	0
Pct 1135	VBM	1135	1	511	217	42.47	45	77	20	31	0	43	1
Pct 1136	Election Day	1136	1	807	97	12.02	16	35	10	17	2	16	1
Pct 1136	VBM	1136	1	807	287	35.56	74	98	19	47	1	47	0
Pct 1141	Election Day	1141	1	998	149	14.93	31	64	22	12	1	19	0
Pct 1141	VBM	1141	1	998	368	36.87	78	149	40	46	1	54	0
Pct 1142	Election Day	1142	1	822	120	14.6	28	48	17	11	0	16	0
Pct 1142	VBM	1142	1	822	266	32.36	60	108	38	30	0	29	0
Pct 1143	Election Day	1143	1	989	147	14.86	30	65	18	14	2	19	0
Pct 1143	VBM	1143	1	989	311	31.45	55	117	40	35	4	59	1
Pct 1144	Election Day	1144	1	870	148	17.01	29	55	25	22	0	17	1
Pct 1144	VBM	1144	1	870	264	30.34	67	93	36	25	1	44	0
Pct 1145	Election Day	1145	1	879	136	15.47	30	47	16	18	0	24	0
Pct 1145	VBM	1145	1	879	370	42.09	81	149	43	50	1	46	0
Pct 1146	Election Day	1146	1	971	124	12.77	18	39	34	20	1	11	0
Pct 1146	VBM	1146	1	971	326	33.57	64	147	38	33	2	40	2
Pct 1147	Election Day	1147	1	853	166	19.46	29	50	30	14	2	40	0
Pct 1147	VBM	1147	1	853	279	32.71	53	96	41	42	1	44	3
Pct 1148	Election Day	1148	1	918	121	13.18	30	45	11	15	0	20	0
Pct 1148	VBM	1148	1	918	314	34.2	77	117	35	31	0	53	0
Pct 1149	Election Day	1149	1	873	148	16.95	30	58	34	13	0	15	0
Pct 1149	VBM	1149	1	873	285	32.65	72	112	35	33	0	32	1
Pct 1151 MB	Election Day	1151	1	0	0	0	0	0	0	0	0	0	0
Pct 1151 MB	VBM	1151	1	0	0	0	0	0	0	0	0	0	0
Pct 1152	Election Day	1152	1	838	125	14.92	25	43	22	17	2	17	0
Pct 1152	VBM	1152	1	838	286	34.13	76	111	27	38	0	33	0
Pct 1153	Election Day	1153	1	909	139	15.29	29	60	11	16	0	23	0
Pct 1153	VBM	1153	1	909	306	33.66	66	112	30	46	3	47	2
Pct 1154 MB	Election Day	1154	1	0	0	0	0	0	0	0	0	0	0
Pct 1154 MB	VBM	1154	1	0	0	0	0	0	0	0	0	0	0
Pct 7001	Election Day	7001	1	735	119	16.19	22	39	20	16	1	23	0
Pct 7001	VBM	7001	1	735	266	36.19	71	90	39	23	1	35	1
Pct 7002	Election Day	7002	1	641	132	20.59	16	56	27	14	0	18	0
Pct 7002	VBM	7002	1	641	173	26.99	48	65	17	29	0	14	0
Pct 7003	Election Day	7003	1	864	188	21.76	50	50	35	21	0	33	0
Pct 7003	VBM	7003	1	864	340	39.35	101	109	40	42	0	47	0
Pct 7004	Election Day	7004	1	835	175	20.96	42	58	17	19	0	40	0
Pct 7004	VBM	7004	1	835	306	36.65	95	101	32	29	0	43	0
Pct 7005	Election Day	7005	1	812	180	22.17	33	56	28	26	1	37	0
Pct 7005	VBM	7005	1	812	295	36.33	78	107	31	32	1	44	0
Pct 7006	Election Day	7006	1	884	213	24.1	40	51	53	21	0	49	0
Pct 7006	VBM	7006	1	884	290	32.81	62	82	55	41	3	46	0
Pct 7007	Election Day	7007	1	916	233	25.44	60	73	39	28	2	35	0
Pct 7007	VBM	7007	1	916	323	35.26	81	120	34	29	1	56	0
Pct 7008	Election Day	7008	1	861	187	21.72	35	73	17	19	0	43	0
Pct 7008	VBM	7008	1	861	345	40.07	97	129	26	44	0	48	1
Pct 7009	Election Day	7009	1	864	133	15.39	38	44	19	14	0	19	0
Pct 7009	VBM	7009	1	864	312	36.11	60	134	44	33	0	43	0
Pct 7011	Election Day	7011	1	976	141	14.45	34	53	16	7	1	30	0
Pct 7011	VBM	7011	1	976	205	21	47	78	25	17	0	37	0
Pct 7012	Election Day	7012	1	1061	224	21.11	43	73	30	25	0	53	0
Pct 7012	VBM	7012	1	1061	383	36.1	87	136	49	42	1	67	1
Pct 7013	Election Day	7013	1	805	132	16.4	31	41	25	14	0	21	0
Pct 7013	VBM	7013	1	805	251	31.18	64	82	24	41	1	37	0
Pct 7014	Election Day	7014	1	1213	188	15.5	33	74	27	29	0	27	0
Pct 7014	VBM	7014	1	1213	434	35.78	107	162	46	66	0	53	1
Pct 7015 MB	Election Day	7015	1	93	0	0	0	0	0	0	0	0	0
Pct 7015 MB	VBM	7015	1	93	34	36.56	4	16	8	4	0	2	0
Pct 7016	Election Day	7016	1	891	112	12.57	17	42	17	12	0	22	0
Pct 7016	VBM	7016	1	891	221	24.8	42	100	16	15	1	45	0
Pct 7017	Election Day	7017	1	734	79	10.76	3	34	4	11	0	26	1
Pct 7017	VBM	7017	1	734	167	22.75	29	75	15	26	0	21	0
Pct 7018	Election Day	7018	1	908	88	9.69	18	35	12	4	0	20	0
Pct 7018	VBM	7018	1	908	343	37.78	45	140	28	46	0	78	1
Pct 7019	Election Day	7019	1	864	111	12.85	20	48	7	12	0	22	0
Pct 7019	VBM	7019	1	864	349	40.39	81	151	26	41	2	48	1
Pct 7021	Election Day	7021	1	927	129	13.92	18	46	18	19	0	27	1
Pct 7021	VBM	7021	1	927	220	23.73	35	95	29	33	0	29	0
Pct 7022	Election Day	7022	1	923	164	17.77	18	83	23	18	1	22	0
Pct 7022	VBM	7022	1	923	270	29.25	36	128	24	43	0	36	1
Pct 7023	Election Day	7023	1	906	131	14.46	16	53	15	22	3	23	0
Pct 7023	VBM	7023	1	906	301	33.22	45	129	26	55	2	46	1
Pct 7024	Election Day	7024	1	386	30	7.77	5	13	2	3	0	7	0
Pct 7024	VBM	7024	1	386	47	12.18	10	21	4	10	0	1	0
Pct 7025	Election Day	7025	1	448	66	14.73	11	19	10	10	0	14	1
Pct 7025	VBM	7025	1	448	78	17.41	14	34	13	8	0	7	0
Pct 7026	Election Day	7026	1	971	90	9.27	14	41	14	11	0	11	0
Pct 7026	VBM	7026	1	971	350	36.05	76	136	20	46	1	62	1
Pct 7027	Election Day	7027	1	845	136	16.09	24	55	14	17	0	24	0
Pct 7027	VBM	7027	1	845	271	32.07	43	110	21	43	2	50	0
Pct 7028	Election Day	7028	1	835	157	18.8	17	74	17	26	0	23	1
Pct 7028	VBM	7028	1	835	180	21.56	22	102	18	16	1	21	0
Pct 7029	Election Day	7029	1	855	115	13.45	12	51	11	23	0	17	0
Pct 7029	VBM	7029	1	855	166	19.42	23	75	18	23	3	20	2
Pct 7030	Election Day	7030	1	729	94	12.89	29	24	12	14	0	15	0
Pct 7030	VBM	7030	1	729	277	38	76	89	39	24	2	46	1
Pct 7031	Election Day	7031	1	611	50	8.18	7	24	1	7	0	11	0
Pct 7031	VBM	7031	1	611	224	36.66	47	89	15	33	1	39	0
Pct 7032	Election Day	7032	1	867	126	14.53	21	54	14	14	2	23	0
Pct 7032	VBM	7032	1	867	238	27.45	36	115	16	36	1	33	0
Pct 7033	Election Day	7033	1	765	135	17.65	13	51	23	21	2	24	1
Pct 7033	VBM	7033	1	765	181	23.66	20	93	12	30	0	25	1
Pct 7034	Election Day	7034	1	914	97	10.61	18	32	11	13	1	20	2
Pct 7034	VBM	7034	1	914	154	16.85	23	75	15	17	1	24	0
Pct 7035	Election Day	7035	1	553	73	13.2	14	26	6	11	1	16	0
Pct 7035	VBM	7035	1	553	170	30.74	35	66	17	26	1	24	0
Pct 7036	Election Day	7036	1	898	52	5.79	13	20	6	3	0	9	1
Pct 7036	VBM	7036	1	898	265	29.51	62	118	25	30	1	28	1
Pct 7037	Election Day	7037	1	730	73	10	11	32	4	9	0	17	0
Pct 7037	VBM	7037	1	730	64	8.77	13	25	5	12	0	8	0
Pct 7038	Election Day	7038	1	880	84	9.55	9	42	9	8	1	15	0
Pct 7038	VBM	7038	1	880	255	28.98	56	92	24	35	2	45	1
Pct 7039	Election Day	7039	1	768	111	14.45	26	32	17	19	0	17	0
Pct 7039	VBM	7039	1	768	225	29.3	50	84	21	22	0	45	0
Pct 7041 MB	Election Day	7041	1	60	0	0	1	0	0	0	0	0	0
Pct 7041 MB	VBM	7041	1	60	24	40	2	9	1	6	0	5	0
Pct 7042	Election Day	7042	1	632	75	11.87	18	26	12	10	1	8	0
Pct 7042	VBM	7042	1	632	191	30.22	44	86	17	15	0	29	0
Pct 7043	Election Day	7043	1	915	97	10.6	9	31	19	20	0	18	0
Pct 7043	VBM	7043	1	915	282	30.82	42	128	26	44	0	41	1
Pct 7044	Election Day	7044	1	805	86	10.68	7	37	3	18	2	20	0
Pct 7044	VBM	7044	1	805	125	15.53	26	48	8	22	1	21	0
Pct 7045	Election Day	7045	1	763	87	11.4	14	32	11	8	1	21	0
Pct 7045	VBM	7045	1	763	282	36.96	55	92	20	34	1	78	1
Pct 7046	Election Day	7046	1	385	54	14.03	10	25	3	7	1	8	0
Pct 7046	VBM	7046	1	385	136	35.32	31	54	18	12	1	21	0
Pct 7047	Election Day	7047	1	781	68	8.71	16	23	11	7	0	12	0
Pct 7047	VBM	7047	1	781	298	38.16	49	137	29	35	3	42	1
Pct 7048	Election Day	7048	1	815	94	11.53	11	54	6	12	1	9	1
Pct 7048	VBM	7048	1	815	248	30.43	46	112	21	27	2	39	0
Pct 7049	Election Day	7049	1	751	108	14.38	16	43	9	20	1	19	0
Pct 7049	VBM	7049	1	751	241	32.09	65	76	21	28	0	51	0
Pct 7051	Election Day	7051	1	839	70	8.34	8	24	10	16	0	13	0
Pct 7051	VBM	7051	1	839	302	36	58	110	48	32	0	52	0
Pct 7052	Election Day	7052	1	806	120	14.89	30	50	5	11	0	25	0
Pct 7052	VBM	7052	1	806	278	34.49	70	108	20	35	0	44	0
Pct 7053	Election Day	7053	1	548	44	8.03	3	19	5	7	0	10	0
Pct 7053	VBM	7053	1	548	205	37.41	48	78	17	32	2	24	1
Pct 7054	Election Day	7054	1	1024	141	13.77	17	48	32	22	0	22	0
Pct 7054	VBM	7054	1	1024	275	26.86	42	129	18	50	2	33	0
Pct 7055	Election Day	7055	1	699	83	11.87	18	25	12	11	1	17	0
Pct 7055	VBM	7055	1	699	256	36.62	64	81	21	38	0	50	0
Pct 7101 MB	Election Day	7101	1	141	2	1.42	0	0	0	2	0	0	0
Pct 7101 MB	VBM	7101	1	141	83	58.87	27	28	5	12	0	11	0
Pct 7201	Election Day	7201	1	900	147	16.33	50	40	9	12	1	35	0
Pct 7201	VBM	7201	1	900	333	37	111	98	27	45	0	52	0
Pct 7202	Election Day	7202	1	830	138	16.63	45	42	11	14	0	27	0
Pct 7202	VBM	7202	1	830	271	32.65	107	84	15	24	2	39	2
Pct 7203	Election Day	7203	1	867	174	20.07	42	48	21	23	1	39	0
Pct 7203	VBM	7203	1	867	243	28.03	76	82	12	28	2	41	1
Pct 7204	Election Day	7204	1	888	157	17.68	37	55	9	19	0	37	0
Pct 7204	VBM	7204	1	888	340	38.29	131	119	14	23	0	51	0
Pct 7205	Election Day	7205	1	847	183	21.61	72	54	15	13	0	29	0
Pct 7205	VBM	7205	1	847	309	36.48	123	99	15	29	0	43	0
Pct 7206	Election Day	7206	1	375	88	23.47	29	30	9	3	1	16	0
Pct 7206	VBM	7206	1	375	124	33.07	33	42	9	17	0	22	0
Pct 7207	Election Day	7207	1	744	119	15.99	30	35	12	14	0	28	0
Pct 7207	VBM	7207	1	744	231	31.05	77	78	7	28	1	38	0
Pct 7208	Election Day	7208	1	567	76	13.4	10	33	15	6	0	12	0
Pct 7208	VBM	7208	1	567	206	36.33	56	63	17	35	1	32	1
Pct 7209	Election Day	7209	1	586	69	11.77	20	25	4	8	0	12	0
Pct 7209	VBM	7209	1	586	326	55.63	130	95	19	23	0	56	0
Pct 7301	Election Day	7301	1	1002	150	14.97	37	65	12	15	1	20	0
Pct 7301	VBM	7301	1	1002	299	29.84	80	102	25	31	0	58	0
Pct 7302	Election Day	7302	1	806	121	15.01	35	30	14	14	1	27	0
Pct 7302	VBM	7302	1	806	352	43.67	128	102	12	59	0	51	0
Pct 7303	Election Day	7303	1	986	167	16.94	39	55	17	13	1	42	1
Pct 7303	VBM	7303	1	986	318	32.25	90	104	22	45	0	56	0
Pct 7304	Election Day	7304	1	972	203	20.88	58	60	18	24	0	42	0
Pct 7304	VBM	7304	1	972	330	33.95	101	114	17	35	1	61	1
Pct 7305	Election Day	7305	1	851	171	20.09	47	54	24	23	0	23	0
Pct 7305	VBM	7305	1	851	306	35.96	80	101	22	31	2	71	0
Pct 7306	Election Day	7306	1	1014	179	17.65	39	43	23	23	1	49	1
Pct 7306	VBM	7306	1	1014	302	29.78	82	97	31	27	2	65	0
Pct 7307	Election Day	7307	1	726	143	19.7	38	47	19	17	0	22	0
Pct 7307	VBM	7307	1	726	226	31.13	75	67	18	21	0	43	0
Pct 7308	Election Day	7308	1	598	133	22.24	41	38	12	19	0	22	1
Pct 7308	VBM	7308	1	598	204	34.11	67	75	12	28	1	22	0
Pct 7309	Election Day	7309	1	826	160	19.37	39	55	15	19	0	33	1
Pct 7309	VBM	7309	1	826	209	25.3	59	74	15	29	0	32	0
Pct 7311	Election Day	7311	1	901	175	19.42	42	58	18	19	1	38	0
Pct 7311	VBM	7311	1	901	266	29.52	84	103	17	25	0	37	0
Pct 7312	Election Day	7312	1	810	128	15.8	48	32	15	14	0	19	0
Pct 7312	VBM	7312	1	810	332	40.99	127	106	22	20	0	54	0
Pct 7313	Election Day	7313	1	925	135	14.59	33	35	17	17	0	33	0
Pct 7313	VBM	7313	1	925	315	34.05	92	106	23	40	0	55	0
Pct 7314	Election Day	7314	1	760	92	12.11	19	22	10	10	0	31	0
Pct 7314	VBM	7314	1	760	213	28.03	27	83	20	19	1	64	0
Pct 7315	Election Day	7315	1	725	119	16.41	26	35	18	19	2	19	0
Pct 7315	VBM	7315	1	725	178	24.55	32	60	11	39	0	35	0
Pct 7316	Election Day	7316	1	824	122	14.81	19	49	21	14	0	18	1
Pct 7316	VBM	7316	1	824	266	32.28	52	95	27	34	0	58	0
Pct 7317	Election Day	7317	1	886	117	13.21	26	37	13	16	0	25	0
Pct 7317	VBM	7317	1	886	340	38.37	127	107	21	38	0	45	0
Pct 7318	Election Day	7318	1	709	123	17.35	30	36	9	13	1	34	0
Pct 7318	VBM	7318	1	709	243	34.27	60	94	14	34	1	41	1
Pct 7319	Election Day	7319	1	1035	182	17.58	46	64	16	22	0	34	0
Pct 7319	VBM	7319	1	1035	296	28.6	84	91	23	29	1	68	0
Pct 7321	Election Day	7321	1	644	100	15.53	18	33	8	11	1	29	0
Pct 7321	VBM	7321	1	644	211	32.76	67	67	21	27	0	29	0
Pct 7322	Election Day	7322	1	859	60	6.98	9	17	10	5	0	19	0
Pct 7322	VBM	7322	1	859	304	35.39	42	105	23	47	0	88	0
Pct 7323	Election Day	7323	1	881	146	16.57	40	49	9	22	0	24	1
Pct 7323	VBM	7323	1	881	273	30.99	82	81	13	39	0	58	0
Pct 7324	Election Day	7324	1	687	125	18.2	19	34	26	14	0	32	0
Pct 7324	VBM	7324	1	687	198	28.82	47	66	6	23	1	55	0
Pct 7325	Election Day	7325	1	870	150	17.24	22	56	17	12	0	42	1
Pct 7325	VBM	7325	1	870	276	31.72	56	89	15	34	2	80	0
Pct 7326	Election Day	7326	1	853	150	17.58	30	48	20	21	1	29	0
Pct 7326	VBM	7326	1	853	256	30.01	62	81	31	31	0	52	0
Pct 7327	Election Day	7327	1	684	62	9.06	13	17	9	9	0	14	0
Pct 7327	VBM	7327	1	684	277	40.5	47	102	23	41	0	63	0
Pct 7328	Election Day	7328	1	950	70	7.37	15	16	7	10	1	21	0
Pct 7328	VBM	7328	1	950	391	41.16	70	128	28	43	2	119	1
Pct 7329	Election Day	7329	1	610	71	11.64	23	18	4	8	3	16	0
Pct 7329	VBM	7329	1	610	205	33.61	89	41	18	26	0	33	0
Pct 7331	Election Day	7331	1	860	130	15.12	55	31	7	15	1	20	1
Pct 7331	VBM	7331	1	860	357	41.51	143	102	12	50	1	49	1
Pct 7332	Election Day	7332	1	799	154	19.27	30	56	17	21	1	28	1
Pct 7332	VBM	7332	1	799	209	26.16	43	88	27	25	2	24	0
Pct 7333	Election Day	7333	1	974	174	17.86	32	69	17	21	0	34	0
Pct 7333	VBM	7333	1	974	323	33.16	78	117	20	38	2	68	0
Pct 7334	Election Day	7334	1	854	113	13.23	27	34	20	10	0	22	0
Pct 7334	VBM	7334	1	854	275	32.2	74	94	26	36	1	46	0
Pct 7335	Election Day	7335	1	936	144	15.38	33	55	8	14	0	34	0
Pct 7335	VBM	7335	1	936	354	37.82	134	107	15	40	2	57	1
Pct 7336	Election Day	7336	1	920	155	16.85	41	54	16	18	0	24	0
Pct 7336	VBM	7336	1	920	324	35.22	118	100	21	33	0	52	0
Pct 7337	Election Day	7337	1	825	115	13.94	40	25	9	16	0	25	0
Pct 7337	VBM	7337	1	825	305	36.97	104	77	24	40	0	59	1
Pct 7338	Election Day	7338	1	884	100	11.31	22	28	10	15	0	24	0
Pct 7338	VBM	7338	1	884	364	41.18	101	129	16	29	0	91	1
Pct 7339	Election Day	7339	1	618	111	17.96	27	31	15	14	0	25	0
Pct 7339	VBM	7339	1	618	181	29.29	32	79	12	34	0	22	1
Pct 7341	Election Day	7341	1	877	124	14.14	22	36	23	19	2	22	0
Pct 7341	VBM	7341	1	877	246	28.05	50	91	35	44	0	28	0
Pct 7342	Election Day	7342	1	911	234	25.69	42	84	27	30	1	45	2
Pct 7342	VBM	7342	1	911	251	27.55	70	82	26	30	0	43	0
Pct 7343	Election Day	7343	1	707	144	20.37	19	50	25	21	0	29	0
Pct 7343	VBM	7343	1	707	186	26.31	37	59	29	32	0	25	1
Pct 7344	Election Day	7344	1	1039	179	17.23	35	63	28	21	2	31	0
Pct 7344	VBM	7344	1	1039	334	32.15	79	131	39	43	0	43	0
Pct 7345	Election Day	7345	1	1077	183	16.99	44	58	30	25	0	26	0
Pct 7345	VBM	7345	1	1077	283	26.28	61	112	24	40	1	42	1
Pct 7346	Election Day	7346	1	877	168	19.16	33	56	29	21	1	27	0
Pct 7346	VBM	7346	1	877	221	25.2	47	78	32	27	1	36	1
Pct 7347	Election Day	7347	1	968	137	14.15	16	54	28	19	0	20	0
Pct 7347	VBM	7347	1	968	279	28.82	51	121	37	39	3	28	0
Pct 7348	Election Day	7348	1	832	139	16.71	30	53	18	19	1	19	0
Pct 7348	VBM	7348	1	832	202	24.28	56	77	18	25	0	25	0
Pct 7349	Election Day	7349	1	921	147	15.96	29	48	17	29	1	23	1
Pct 7349	VBM	7349	1	921	282	30.62	68	112	27	25	1	49	0
Pct 7501	Election Day	7501	1	554	118	21.3	47	31	5	11	1	24	0
Pct 7501	VBM	7501	1	554	168	30.32	56	56	6	15	0	35	0
Pct 7502	Election Day	7502	1	741	113	15.25	27	29	15	18	2	21	0
Pct 7502	VBM	7502	1	741	349	47.1	99	110	29	49	3	62	1
Pct 7503	Election Day	7503	1	727	132	18.16	33	44	12	19	0	23	0
Pct 7503	VBM	7503	1	727	226	31.09	62	73	16	30	0	42	1
Pct 7504	Election Day	7504	1	484	76	15.7	17	28	6	10	0	15	0
Pct 7504	VBM	7504	1	484	158	32.64	37	58	10	22	3	27	0
Pct 7505	Election Day	7505	1	871	131	15.04	45	41	8	12	1	24	0
Pct 7505	VBM	7505	1	871	417	47.88	125	153	21	37	0	79	1
Pct 7506	Election Day	7506	1	920	133	14.46	31	46	15	17	0	23	0
Pct 7506	VBM	7506	1	920	252	27.39	62	108	17	28	0	35	0
Pct 7507	Election Day	7507	1	919	158	17.19	24	67	14	19	1	34	0
Pct 7507	VBM	7507	1	919	255	27.75	34	108	33	34	0	42	0
Pct 7508	Election Day	7508	1	702	106	15.1	26	39	11	7	0	22	1
Pct 7508	VBM	7508	1	702	340	48.43	72	130	34	51	1	50	2
Pct 7509/7511	Election Day	7509	1	909	171	18.81	37	73	21	21	0	21	0
Pct 7509/7511	VBM	7509	1	909	319	35.09	55	141	39	46	1	37	0
Pct 7512	Election Day	7512	1	604	96	15.89	22	30	11	15	0	16	0
Pct 7512	VBM	7512	1	604	196	32.45	51	74	22	19	0	26	2
Pct 7513	Election Day	7513	1	790	142	17.97	24	46	23	19	0	30	0
Pct 7513	VBM	7513	1	790	208	26.33	40	76	26	26	1	37	2
Pct 7514	Election Day	7514	1	863	95	11.01	9	41	10	15	1	21	0
Pct 7514	VBM	7514	1	863	235	27.23	29	100	25	39	0	39	1
Pct 7515	Election Day	7515	1	845	150	17.75	21	59	17	19	1	33	0
Pct 7515	VBM	7515	1	845	289	34.2	55	111	20	44	0	56	0
Pct 7516	Election Day	7516	1	886	145	16.37	39	47	9	20	0	30	0
Pct 7516	VBM	7516	1	886	378	42.66	92	160	24	53	1	48	0
Pct 7517	Election Day	7517	1	863	228	26.42	28	91	48	21	1	39	1
Pct 7517	VBM	7517	1	863	251	29.08	44	91	35	38	0	43	0
Pct 7518	Election Day	7518	1	939	235	25.03	39	78	41	34	0	43	0
Pct 7518	VBM	7518	1	939	298	31.74	51	106	51	35	0	55	0
Pct 7519	Election Day	7519	1	726	179	24.66	23	60	45	20	0	31	0
Pct 7519	VBM	7519	1	726	185	25.48	43	53	28	22	0	38	0
Pct 7521	Election Day	7521	1	802	211	26.31	36	69	45	21	1	39	0
Pct 7521	VBM	7521	1	802	215	26.81	42	68	38	19	0	49	0
Pct 7522	Election Day	7522	1	743	175	23.55	30	55	36	22	0	33	0
Pct 7522	VBM	7522	1	743	240	32.3	45	82	53	19	0	42	1
Pct 7523	Election Day	7523	1	737	208	28.22	23	63	63	27	0	32	0
Pct 7523	VBM	7523	1	737	223	30.26	42	85	32	29	0	37	0
Pct 7524	Election Day	7524	1	646	143	22.14	36	46	20	12	0	27	0
Pct 7524	VBM	7524	1	646	165	25.54	29	66	24	24	1	19	1
Pct 7525	Election Day	7525	1	779	145	18.61	19	60	21	12	1	35	0
Pct 7525	VBM	7525	1	779	214	27.47	37	89	27	24	0	33	0
Pct 7526	Election Day	7526	1	947	197	20.8	41	71	35	22	1	26	0
Pct 7526	VBM	7526	1	947	313	33.05	69	109	40	43	0	50	0
Pct 7527/7528	Election Day	7527	1	729	162	22.22	36	44	31	16	0	35	0
Pct 7527/7528	VBM	7527	1	729	237	32.51	53	89	24	21	0	45	1
Pct 7529	Election Day	7529	1	925	214	23.14	35	67	47	24	1	41	0
Pct 7529	VBM	7529	1	925	300	32.43	54	100	45	48	0	51	0
Pct 7531	Election Day	7531	1	847	179	21.13	19	71	37	18	0	34	0
Pct 7531	VBM	7531	1	847	263	31.05	50	95	35	46	0	37	0
Pct 7532	Election Day	7532	1	823	172	20.9	35	62	24	18	0	31	1
Pct 7532	VBM	7532	1	823	226	27.46	67	78	26	28	1	25	1
Pct 7533	Election Day	7533	1	951	268	28.18	42	79	69	40	1	38	0
Pct 7533	VBM	7533	1	951	297	31.23	63	82	57	44	0	51	0
Pct 7534	Election Day	7534	1	883	241	27.29	38	75	54	31	0	43	0
Pct 7534	VBM	7534	1	883	240	27.18	59	82	44	22	0	33	1
Pct 7535	Election Day	7535	1	743	201	27.05	36	65	34	25	3	38	0
Pct 7535	VBM	7535	1	743	251	33.78	47	79	47	32	0	46	0
Pct 7536	Election Day	7536	1	856	206	24.07	29	68	49	18	0	43	0
Pct 7536	VBM	7536	1	856	279	32.59	59	107	33	37	0	43	0
Pct 7537	Election Day	7537	1	734	187	25.48	33	49	40	21	0	44	0
Pct 7537	VBM	7537	1	734	225	30.65	41	66	38	31	3	45	0
Pct 7538	Election Day	7538	1	757	223	29.46	33	80	48	20	2	40	0
Pct 7538	VBM	7538	1	757	256	33.82	50	104	36	27	0	39	0
Pct 7539	Election Day	7539	1	884	250	28.28	24	73	70	29	0	53	0
Pct 7539	VBM	7539	1	884	286	32.35	59	102	48	30	2	46	0
Pct 7541	Election Day	7541	1	791	215	27.18	26	61	44	31	2	50	0
Pct 7541	VBM	7541	1	791	245	30.97	45	93	48	26	1	30	1
Pct 7542	Election Day	7542	1	787	183	23.25	21	56	50	15	1	40	0
Pct 7542	VBM	7542	1	787	247	31.39	36	89	54	33	0	34	0
Pct 7543	Election Day	7543	1	910	187	20.55	31	63	26	29	1	39	0
Pct 7543	VBM	7543	1	910	332	36.48	67	140	45	33	1	46	0
Pct 7544	Election Day	7544	1	877	186	21.21	25	69	38	19	2	33	0
Pct 7544	VBM	7544	1	877	331	37.74	66	124	44	44	1	54	1
Pct 7545	Election Day	7545	1	877	179	20.41	26	62	41	19	0	32	0
Pct 7545	VBM	7545	1	877	291	33.18	64	101	33	38	1	54	0
Pct 7546	Election Day	7546	1	913	219	23.99	57	72	39	15	1	35	0
Pct 7546	VBM	7546	1	913	310	33.95	68	103	53	42	1	42	0
Pct 7547	Election Day	7547	1	987	244	24.72	43	64	41	33	0	64	1
Pct 7547	VBM	7547	1	987	322	32.62	52	109	57	43	1	55	0
Pct 7548	Election Day	7548	1	1054	236	22.39	45	83	38	24	2	43	0
Pct 7548	VBM	7548	1	1054	345	32.73	81	122	56	44	2	35	1
Pct 7549	Election Day	7549	1	785	165	21.02	24	56	23	23	0	41	0
Pct 7549	VBM	7549	1	785	281	35.8	59	102	36	41	1	41	0
Pct 7551	Election Day	7551	1	705	199	28.23	39	67	28	24	0	42	0
Pct 7551	VBM	7551	1	705	240	34.04	51	93	35	18	0	41	0
Pct 7552	Election Day	7552	1	718	191	26.6	40	70	28	21	0	32	0
Pct 7552	VBM	7552	1	718	232	32.31	57	97	20	25	0	33	0
Pct 7553 MB	Election Day	7553	1	171	5	2.92	0	0	1	3	0	1	0
Pct 7553 MB	VBM	7553	1	171	87	50.88	35	26	3	11	0	10	0
Pct 7554	Election Day	7554	1	785	179	22.8	43	52	24	18	2	41	0
Pct 7554	VBM	7554	1	785	323	41.15	104	99	21	37	0	61	1
Pct 7555	Election Day	7555	1	847	242	28.57	74	73	23	23	2	46	1
Pct 7555	VBM	7555	1	847	304	35.89	93	98	38	31	0	43	0
Pct 7556/7557	Election Day	7556	1	961	223	23.2	60	60	26	25	0	54	1
Pct 7556/7557	VBM	7556	1	961	422	43.91	147	132	41	36	0	65	0
Pct 7601	Election Day	7601	1	744	128	17.2	24	43	25	14	2	20	1
Pct 7601	VBM	7601	1	744	185	24.87	27	75	33	21	1	25	0
Pct 7602	Election Day	7602	1	880	147	16.7	27	45	33	19	1	25	0
Pct 7602	VBM	7602	1	880	243	27.61	34	99	44	25	1	35	2
Pct 7603	Election Day	7603	1	826	152	18.4	23	51	28	18	0	31	0
Pct 7603	VBM	7603	1	826	215	26.03	39	75	28	41	2	30	0
Pct 7604	Election Day	7604	1	906	133	14.68	29	42	25	17	2	18	0
Pct 7604	VBM	7604	1	906	233	25.72	44	86	34	40	1	30	0
Pct 7605	Election Day	7605	1	651	77	11.83	12	28	12	14	0	11	0
Pct 7605	VBM	7605	1	651	155	23.81	22	61	17	22	1	28	1
Pct 7606	Election Day	7606	1	895	127	14.19	29	39	18	18	1	21	0
Pct 7606	VBM	7606	1	895	212	23.69	35	79	44	21	2	30	0
Pct 7607	Election Day	7607	1	955	120	12.57	18	36	21	25	0	20	0
Pct 7607	VBM	7607	1	955	265	27.75	53	120	40	28	0	27	1
Pct 7608	Election Day	7608	1	388	46	11.86	8	16	3	7	0	11	0
Pct 7608	VBM	7608	1	388	119	30.67	30	43	11	14	1	21	1
Pct 7609	Election Day	7609	1	916	101	11.03	20	35	11	9	1	25	0
Pct 7609	VBM	7609	1	916	297	32.42	60	113	19	43	1	59	0
Pct 7611	Election Day	7611	1	756	76	10.05	9	25	10	11	1	19	1
Pct 7611	VBM	7611	1	756	204	26.98	33	73	23	31	2	40	0
Pct 7612	Election Day	7612	1	574	76	13.24	11	24	6	15	0	17	3
Pct 7612	VBM	7612	1	574	210	36.59	49	74	16	30	1	41	0
Pct 7613	Election Day	7613	1	887	140	15.78	21	57	23	21	0	18	0
Pct 7613	VBM	7613	1	887	215	24.24	39	83	19	39	-1	32	2
Pct 7614	Election Day	7614	1	1015	123	12.12	16	49	21	13	0	26	0
Pct 7614	VBM	7614	1	1015	238	23.45	41	83	41	37	1	34	1
Pct 7615	Election Day	7615	1	832	108	12.98	20	36	13	14	2	19	4
Pct 7615	VBM	7615	1	832	170	20.43	29	69	17	30	1	24	0
Pct 7616	Election Day	7616	1	951	129	13.56	26	51	14	18	1	20	0
Pct 7616	VBM	7616	1	951	331	34.81	61	135	28	51	0	54	0
Pct 7617	Election Day	7617	1	751	84	11.19	24	22	10	10	0	18	1
Pct 7617	VBM	7617	1	751	223	29.69	46	86	27	19	0	43	0
Pct 7618	Election Day	7618	1	866	123	14.2	23	30	23	19	3	24	0
Pct 7618	VBM	7618	1	866	272	31.41	53	100	37	34	2	49	0
Pct 7619	Election Day	7619	1	993	154	15.51	27	44	36	16	0	32	0
Pct 7619	VBM	7619	1	993	308	31.02	73	113	41	39	0	42	1
Pct 7621	Election Day	7621	1	1132	163	14.4	32	55	30	16	0	31	0
Pct 7621	VBM	7621	1	1132	346	30.57	83	131	35	51	0	42	1
Pct 7622	Election Day	7622	1	964	99	10.27	16	32	13	17	1	17	1
Pct 7622	VBM	7622	1	964	193	20.02	35	76	28	19	0	32	2
Pct 7623	Election Day	7623	1	712	122	17.13	18	44	25	22	9	18	1
Pct 7623	VBM	7623	1	712	196	27.53	38	78	25	29	0	24	0
Pct 7624	Election Day	7624	1	905	104	11.49	23	42	13	12	0	13	0
Pct 7624	VBM	7624	1	905	195	21.55	39	77	21	32	1	24	0
Pct 7625	Election Day	7625	1	821	73	8.89	9	26	5	12	0	21	0
Pct 7625	VBM	7625	1	821	415	50.55	74	172	24	54	0	90	1
Pct 7626	Election Day	7626	1	1081	128	11.84	34	37	12	21	0	23	0
Pct 7626	VBM	7626	1	1081	361	33.4	116	121	24	34	3	61	1
Pct 7627	Election Day	7627	1	1075	116	10.79	34	40	7	18	1	17	0
Pct 7627	VBM	7627	1	1075	319	29.67	127	91	8	41	0	51	1
Pct 7628	Election Day	7628	1	906	156	17.22	21	49	30	21	1	34	0
Pct 7628	VBM	7628	1	906	267	29.47	45	110	37	32	0	42	1
Pct 7629	Election Day	7629	1	805	108	13.42	13	41	19	17	0	19	0
Pct 7629	VBM	7629	1	805	206	25.59	49	75	20	17	1	42	0
Pct 7631	Election Day	7631	1	1085	146	13.46	27	43	27	22	0	28	0
Pct 7631	VBM	7631	1	1085	339	31.24	81	130	32	45	0	49	0
Pct 7632	Election Day	7632	1	965	167	17.31	20	53	29	31	1	31	1
Pct 7632	VBM	7632	1	965	286	29.64	52	117	44	48	0	25	0
Pct 7633	Election Day	7633	1	702	90	12.82	21	30	9	15	1	13	1
Pct 7633	VBM	7633	1	702	253	36.04	59	98	15	43	1	37	0
Pct 7634	Election Day	7634	1	859	120	13.97	27	32	14	13	2	31	0
Pct 7634	VBM	7634	1	859	291	33.88	74	106	26	44	1	37	1
Pct 7635	Election Day	7635	1	782	89	11.38	17	34	11	14	1	12	0
Pct 7635	VBM	7635	1	782	242	30.95	42	76	35	50	4	32	0
Pct 7636	Election Day	7636	1	920	134	14.57	34	45	13	15	0	28	0
Pct 7636	VBM	7636	1	920	251	27.28	75	80	13	35	0	49	0
Pct 7637	Election Day	7637	1	732	89	12.16	22	30	5	14	0	18	0
Pct 7637	VBM	7637	1	732	249	34.02	83	94	13	30	0	29	0
Pct 7638	Election Day	7638	1	1365	129	9.45	41	42	7	18	0	21	0
Pct 7638	VBM	7638	1	1365	492	36.04	186	167	13	48	2	74	0
Pct 7639	Election Day	7639	1	962	110	11.43	25	33	7	14	1	29	0
Pct 7639	VBM	7639	1	962	319	33.16	98	99	23	40	1	60	0
Pct 7641	Election Day	7641	1	931	114	12.24	36	40	5	13	0	20	0
Pct 7641	VBM	7641	1	931	374	40.17	122	128	25	46	1	52	0
Pct 7642	Election Day	7642	1	909	84	9.24	16	36	5	10	0	17	0
Pct 7642	VBM	7642	1	909	268	29.48	70	70	13	27	0	87	1
Pct 7643	Election Day	7643	1	871	99	11.37	15	31	9	19	2	23	0
Pct 7643	VBM	7643	1	871	355	40.76	96	129	19	57	1	49	2
Pct 7644	Election Day	7644	1	1082	156	14.42	27	54	12	30	0	35	0
Pct 7644	VBM	7644	1	1082	291	26.89	67	109	19	45	0	50	0
Pct 7645	Election Day	7645	1	631	63	9.98	19	16	5	9	0	14	0
Pct 7645	VBM	7645	1	631	241	38.19	91	78	10	33	0	32	0
Pct 7646	Election Day	7646	1	1035	110	10.63	16	42	6	15	1	30	0
Pct 7646	VBM	7646	1	1035	326	31.5	115	85	17	65	0	44	0
Pct 7647	Election Day	7647	1	1027	107	10.42	17	43	19	16	4	8	0
Pct 7647	VBM	7647	1	1027	185	18.01	27	70	25	25	0	35	3
Pct 7648 MB	Election Day	7648	1	2	0	0	0	0	0	0	0	0	0
Pct 7648 MB	VBM	7648	1	2	0	0	0	0	0	0	0	0	0
Pct 7649	Election Day	7649	1	877	97	11.06	13	39	14	14	2	14	0
Pct 7649	VBM	7649	1	877	234	26.68	45	80	34	34	4	35	0
Pct 7651	Election Day	7651	1	555	48	8.65	12	14	4	11	0	7	0
Pct 7651	VBM	7651	1	555	155	27.93	49	47	9	25	1	24	0
Pct 7652	Election Day	7652	1	580	68	11.72	17	20	6	14	0	11	1
Pct 7652	VBM	7652	1	580	163	28.1	46	63	5	23	0	29	0
Pct 7653	Election Day	7653	1	1092	137	12.55	26	49	14	19	0	28	0
Pct 7653	VBM	7653	1	1092	321	29.4	102	105	22	43	1	48	0
Pct 7701	Election Day	7701	1	1012	225	22.23	55	69	24	32	1	44	0
Pct 7701	VBM	7701	1	1012	383	37.85	111	119	33	52	1	64	1
Pct 7702	Election Day	7702	1	704	117	16.62	43	41	12	3	0	18	0
Pct 7702	VBM	7702	1	704	302	42.9	106	97	22	32	0	45	1
Pct 7703 MB	Election Day	7703	1	172	0	0	0	0	0	0	0	0	0
Pct 7703 MB	VBM	7703	1	172	66	38.37	7	24	9	9	0	14	2
Pct 7704	Election Day	7704	1	977	208	21.29	68	62	17	18	0	43	0
Pct 7704	VBM	7704	1	977	396	40.53	129	117	23	62	1	62	1
Pct 7705	Election Day	7705	1	547	123	22.49	39	47	4	8	1	24	0
Pct 7705	VBM	7705	1	547	227	41.5	87	72	12	30	1	25	0
Pct 7706	Election Day	7706	1	821	189	23.02	64	63	10	31	0	21	0
Pct 7706	VBM	7706	1	821	341	41.53	106	115	24	41	2	51	2
Pct 7707	Election Day	7707	1	839	200	23.84	55	64	17	27	0	35	1
Pct 7707	VBM	7707	1	839	379	45.17	110	139	17	51	1	62	0
Pct 7708	Election Day	7708	1	860	181	21.05	53	67	17	19	2	21	1
Pct 7708	VBM	7708	1	860	400	46.51	112	144	28	64	1	52	0
Pct 7709	Election Day	7709	1	383	85	22.19	15	27	16	7	1	18	0
Pct 7709	VBM	7709	1	383	174	45.43	37	53	24	33	0	27	0
Pct 7711	Election Day	7711	1	772	162	20.98	40	54	25	20	1	22	0
Pct 7711	VBM	7711	1	772	344	44.56	95	125	36	37	2	49	0
Pct 7712	Election Day	7712	1	524	131	25	24	41	25	20	0	21	0
Pct 7712	VBM	7712	1	524	230	43.89	53	88	34	23	3	29	1
Pct 7801	Election Day	7801	1	970	230	23.71	60	70	27	36	0	36	0
Pct 7801	VBM	7801	1	970	424	43.71	107	172	32	61	1	53	0
Pct 7802	Election Day	7802	1	762	205	26.9	65	65	25	20	0	31	0
Pct 7802	VBM	7802	1	762	313	41.08	83	105	24	42	0	54	3
Pct 7803	Election Day	7803	1	823	143	17.38	31	54	19	13	0	26	0
Pct 7803	VBM	7803	1	823	412	50.06	113	178	26	31	0	65	0
Pct 7804	Election Day	7804	1	891	236	26.49	54	90	30	27	1	34	0
Pct 7804	VBM	7804	1	891	394	44.22	106	169	22	36	1	60	0
Pct 7805	Election Day	7805	1	785	176	22.42	32	70	30	17	0	26	0
Pct 7805	VBM	7805	1	785	348	44.33	79	142	34	37	0	57	0
Pct 7806	Election Day	7806	1	699	163	23.32	32	54	26	19	0	32	0
Pct 7806	VBM	7806	1	699	283	40.49	78	103	31	24	0	44	0
Pct 7807	Election Day	7807	1	796	228	28.64	37	75	35	28	0	51	0
Pct 7807	VBM	7807	1	796	273	34.3	60	102	33	27	3	48	0
Pct 7808	Election Day	7808	1	655	178	27.18	31	72	19	19	0	36	1
Pct 7808	VBM	7808	1	655	243	37.1	48	95	36	29	0	35	0
Pct 7809	Election Day	7809	1	742	160	21.56	15	69	33	13	0	31	0
Pct 7809	VBM	7809	1	742	267	35.98	48	109	35	35	0	40	0
Pct 7811	Election Day	7811	1	726	186	25.62	26	60	38	27	0	36	0
Pct 7811	VBM	7811	1	726	243	33.47	50	82	49	23	1	36	1
Pct 7812	Election Day	7812	1	843	207	24.56	35	76	36	25	0	34	1
Pct 7812	VBM	7812	1	843	292	34.64	66	121	34	30	4	39	0
Pct 7813	Election Day	7813	1	988	251	25.4	32	101	49	12	3	55	0
Pct 7813	VBM	7813	1	988	362	36.64	73	137	58	39	0	54	0
Pct 7814	Election Day	7814	1	892	173	19.39	20	59	53	12	0	29	1
Pct 7814	VBM	7814	1	892	223	25	34	88	46	20	0	33	1
Pct 7815	Election Day	7815	1	914	178	19.47	34	79	17	20	0	29	0
Pct 7815	VBM	7815	1	914	407	44.53	111	173	39	39	0	45	0
Pct 7816	Election Day	7816	1	858	202	23.54	32	95	16	26	2	30	0
Pct 7816	VBM	7816	1	858	390	45.45	76	186	18	46	1	62	1
Pct 7817	Election Day	7817	1	795	215	27.04	35	100	35	21	0	25	0
Pct 7817	VBM	7817	1	795	309	38.87	55	127	45	38	1	41	0
Pct 7818	Election Day	7818	1	823	172	20.9	20	67	25	20	0	40	0
Pct 7818	VBM	7818	1	823	335	40.7	53	147	41	33	0	61	0
Pct 7819	Election Day	7819	1	760	169	22.24	30	59	31	22	1	26	0
Pct 7819	VBM	7819	1	760	297	39.08	62	107	31	45	2	48	1
Pct 7821	Election Day	7821	1	947	229	24.18	44	98	28	23	0	36	0
Pct 7821	VBM	7821	1	947	439	46.36	106	185	44	39	0	65	0
Pct 7822	Election Day	7822	1	927	244	26.32	23	109	46	29	1	36	0
Pct 7822	VBM	7822	1	927	343	37	65	145	26	53	0	52	1
Pct 7823	Election Day	7823	1	857	237	27.65	34	105	36	23	3	36	0
Pct 7823	VBM	7823	1	857	347	40.49	70	146	41	44	0	43	2
Pct 7824	Election Day	7824	1	756	170	22.49	38	56	24	13	4	35	0
Pct 7824	VBM	7824	1	756	274	36.24	62	114	26	37	0	32	0
Pct 7825	Election Day	7825	1	580	160	27.59	25	69	28	12	0	27	0
Pct 7825	VBM	7825	1	580	215	37.07	39	88	34	23	0	31	0
Pct 7826	Election Day	7826	1	665	214	32.18	24	90	37	18	2	43	0
Pct 7826	VBM	7826	1	665	194	29.17	39	65	37	19	0	36	0
Pct 7827	Election Day	7827	1	828	199	24.03	26	59	57	20	0	37	0
Pct 7827	VBM	7827	1	828	252	30.43	50	79	62	21	4	35	1
Pct 7828	Election Day	7828	1	976	205	21	39	73	23	32	1	35	0
Pct 7828	VBM	7828	1	976	397	40.68	93	179	25	48	1	51	1
Pct 7829	Election Day	7829	1	882	199	22.56	48	60	33	22	0	36	0
Pct 7829	VBM	7829	1	882	391	44.33	105	173	18	34	1	59	2
Pct 7831	Election Day	7831	1	828	202	24.4	37	94	22	15	0	33	0
Pct 7831	VBM	7831	1	828	369	44.57	83	166	23	39	1	56	0
Pct 7832	Election Day	7832	1	781	162	20.74	39	55	17	15	4	33	0
Pct 7832	VBM	7832	1	781	343	43.92	83	142	20	44	0	55	0
Pct 7833	Election Day	7833	1	745	182	24.43	29	52	37	22	2	41	0
Pct 7833	VBM	7833	1	745	271	36.38	57	92	52	27	0	43	0
Pct 7834	Election Day	7834	1	836	225	26.91	38	63	49	20	1	55	0
Pct 7834	VBM	7834	1	836	288	34.45	58	98	62	23	1	46	1
Pct 7835	Election Day	7835	1	808	175	21.66	34	70	14	20	3	34	0
Pct 7835	VBM	7835	1	808	338	41.83	70	142	26	54	0	47	0
Pct 7836	Election Day	7836	1	979	199	20.33	41	82	20	26	1	29	0
Pct 7836	VBM	7836	1	979	421	43	102	170	35	65	1	48	0
Pct 7837	Election Day	7837	1	883	237	26.84	51	95	19	26	2	43	0
Pct 7837	VBM	7837	1	883	339	38.39	92	128	19	39	1	60	0
Pct 7838	Election Day	7838	1	891	210	23.57	52	79	20	26	0	33	0
Pct 7838	VBM	7838	1	891	413	46.35	96	180	36	43	0	57	0
Pct 7839	Election Day	7839	1	830	172	20.72	47	52	18	15	0	42	0
Pct 7839	VBM	7839	1	830	389	46.87	103	156	33	31	0	65	0
Pct 7841	Election Day	7841	1	898	240	26.73	55	78	33	27	3	44	0
Pct 7841	VBM	7841	1	898	353	39.31	89	126	45	38	2	53	0
Pct 7842	Election Day	7842	1	873	214	24.51	45	79	33	25	1	31	0
Pct 7842	VBM	7842	1	873	308	35.28	61	99	43	51	0	52	0
Pct 7843	Election Day	7843	1	751	182	24.23	31	75	33	15	1	28	0
Pct 7843	VBM	7843	1	751	267	35.55	48	117	38	24	0	40	0
Pct 7844	Election Day	7844	1	635	160	25.2	26	42	38	21	0	32	0
Pct 7844	VBM	7844	1	635	245	38.58	38	87	45	26	1	49	0
Pct 7845	Election Day	7845	1	803	202	25.16	43	75	24	17	0	44	0
Pct 7845	VBM	7845	1	803	314	39.1	71	131	19	42	0	52	0
Pct 7846	Election Day	7846	1	871	221	25.37	67	63	26	19	2	45	0
Pct 7846	VBM	7846	1	871	330	37.89	87	117	22	33	1	67	0
Pct 7847	Election Day	7847	1	878	207	23.58	48	77	27	15	2	38	0
Pct 7847	VBM	7847	1	878	358	40.77	69	142	31	47	1	70	0
Pct 7848	Election Day	7848	1	838	209	24.94	39	80	17	29	1	45	0
Pct 7848	VBM	7848	1	838	346	41.29	113	120	31	27	1	55	1
Pct 7849	Election Day	7849	1	904	237	26.22	54	75	39	19	0	50	1
Pct 7849	VBM	7849	1	904	353	39.05	81	116	38	55	0	63	0
Pct 7851	Election Day	7851	1	493	118	23.94	31	36	9	15	1	26	0
Pct 7851	VBM	7851	1	493	204	41.38	77	57	10	27	1	32	0
Pct 7852	Election Day	7852	1	634	104	16.4	31	37	8	7	0	21	0
Pct 7852	VBM	7852	1	634	303	47.79	81	132	17	42	0	31	0
Pct 7853	Election Day	7853	1	837	180	21.51	30	69	19	28	0	34	0
Pct 7853	VBM	7853	1	837	333	39.78	84	147	20	45	0	37	0
Pct 7854	Election Day	7854	1	874	216	24.71	51	65	25	26	0	49	0
Pct 7854	VBM	7854	1	874	346	39.59	103	122	33	37	0	50	1
Pct 7855	Election Day	7855	1	949	259	27.29	53	91	39	31	1	43	1
Pct 7855	VBM	7855	1	949	359	37.83	98	119	43	34	0	67	0
Pct 7856	Election Day	7856	1	790	204	25.82	34	83	32	20	0	34	0
Pct 7856	VBM	7856	1	790	312	39.49	88	117	28	34	2	44	0
Pct 7857	Election Day	7857	1	913	225	24.64	45	78	38	20	3	42	0
Pct 7857	VBM	7857	1	913	350	38.34	68	108	63	45	1	65	0
Pct 7858	Election Day	7858	1	743	192	25.84	16	83	51	11	1	30	0
Pct 7858	VBM	7858	1	743	252	33.92	42	84	61	33	0	30	1
Pct 7859	Election Day	7859	1	879	219	24.91	54	70	31	27	1	36	0
Pct 7859	VBM	7859	1	879	352	40.05	108	130	26	37	1	50	0
Pct 7861	Election Day	7861	1	835	184	22.04	43	58	31	20	0	32	0
Pct 7861	VBM	7861	1	835	367	43.95	82	168	39	28	1	49	0
Pct 7862	Election Day	7862	1	850	237	27.88	63	75	25	27	1	46	0
Pct 7862	VBM	7862	1	850	323	38	84	120	39	27	0	54	0
Pct 7863	Election Day	7863	1	870	237	27.24	47	79	44	32	2	33	0
Pct 7863	VBM	7863	1	870	302	34.71	61	114	46	36	1	44	0
Pct 7864	Election Day	7864	1	773	188	24.32	40	73	29	16	1	29	0
Pct 7864	VBM	7864	1	773	284	36.74	68	105	33	33	0	47	0
Pct 7865	Election Day	7865	1	808	178	22.03	40	62	33	15	0	28	0
Pct 7865	VBM	7865	1	808	310	38.37	62	111	37	36	0	64	0
Pct 7866	Election Day	7866	1	816	184	22.55	54	67	19	19	3	22	0
Pct 7866	VBM	7866	1	816	389	47.67	132	122	22	42	0	69	2
Pct 7867	Election Day	7867	1	932	209	22.42	60	65	13	25	2	43	1
Pct 7867	VBM	7867	1	932	385	41.31	106	138	41	45	1	51	0
Pct 7868	Election Day	7868	1	860	218	25.35	41	82	31	26	2	36	0
Pct 7868	VBM	7868	1	860	324	37.67	78	143	22	39	0	40	1
Pct 7869	Election Day	7869	1	842	219	26.01	52	82	24	22	1	37	0
Pct 7869	VBM	7869	1	842	376	44.66	114	123	38	43	1	58	0
Pct 7871	Election Day	7871	1	882	240	27.21	52	89	19	33	0	48	2
Pct 7871	VBM	7871	1	882	364	41.27	85	149	23	42	3	60	1
Pct 7872	Election Day	7872	1	864	242	28.01	60	77	27	28	0	50	0
Pct 7872	VBM	7872	1	864	369	42.71	86	132	30	49	0	71	1
Pct 7873	Election Day	7873	1	841	231	27.47	52	78	29	30	2	40	0
Pct 7873	VBM	7873	1	841	387	46.02	111	135	42	39	0	59	1
Pct 7874	Election Day	7874	1	453	85	18.76	16	27	14	11	0	17	0
Pct 7874	VBM	7874	1	453	174	38.41	36	71	18	26	1	21	0
Pct 7875	Election Day	7875	1	615	127	20.65	26	43	25	10	1	22	0
Pct 7875	VBM	7875	1	615	203	33.01	28	75	30	34	1	37	0
Pct 7876	Election Day	7876	1	491	101	20.57	13	37	7	21	1	22	0
Pct 7876	VBM	7876	1	491	148	30.14	18	62	19	18	0	32	0
Pct 7901	Election Day	7901	1	466	87	18.67	11	32	16	12	2	15	0
Pct 7901	VBM	7901	1	466	133	28.54	26	53	17	16	0	21	0
Pct 7902	Election Day	7902	1	921	188	20.41	21	69	51	19	1	27	0
Pct 7902	VBM	7902	1	921	259	28.12	42	107	43	31	1	35	0
Pct 7903	Election Day	7903	1	819	144	17.58	20	53	32	14	2	22	1
Pct 7903	VBM	7903	1	819	244	29.79	37	102	49	21	4	30	1
Pct 7904	Election Day	7904	1	846	137	16.19	26	47	37	11	0	16	0
Pct 7904	VBM	7904	1	846	248	29.31	43	105	37	25	1	38	0
Pct 7905	Election Day	7905	1	821	199	24.24	31	72	37	23	1	34	0
Pct 7905	VBM	7905	1	821	275	33.5	61	104	36	33	0	37	1
Pct 7906	Election Day	7906	1	769	164	21.33	15	51	42	17	1	37	0
Pct 7906	VBM	7906	1	769	214	27.83	36	86	38	20	0	35	0
Pct 7907	Election Day	7907	1	926	201	21.71	26	65	61	17	1	29	0
Pct 7907	VBM	7907	1	926	286	30.89	58	112	46	20	1	48	0
Pct 7908	Election Day	7908	1	936	191	20.41	30	67	44	16	1	32	1
Pct 7908	VBM	7908	1	936	267	28.53	48	104	45	23	1	46	0
Pct 7909	Election Day	7909	1	726	190	26.17	27	57	62	15	0	29	0
Pct 7909	VBM	7909	1	726	221	30.44	30	86	46	26	0	32	1
Pct 7911	Election Day	7911	1	849	192	22.61	22	80	36	24	4	26	0
Pct 7911	VBM	7911	1	849	250	29.45	55	96	34	27	1	36	0
Pct 7912	Election Day	7912	1	1036	215	20.75	20	67	59	18	3	46	0
Pct 7912	VBM	7912	1	1036	314	30.31	53	116	67	34	0	40	0
Pct 7913	Election Day	7913	1	887	240	27.06	26	85	75	20	0	34	0
Pct 7913	VBM	7913	1	887	244	27.51	45	86	54	28	0	32	0
Pct 7914	Election Day	7914	1	833	208	24.97	28	81	59	7	1	32	0
Pct 7914	VBM	7914	1	833	253	30.37	33	103	57	27	0	28	4
Pct 7915	Election Day	7915	1	802	213	26.56	26	70	68	14	0	34	1
Pct 7915	VBM	7915	1	802	222	27.68	47	71	52	22	0	27	2
Pct 7916	Election Day	7916	1	887	215	24.24	31	64	66	20	0	34	0
Pct 7916	VBM	7916	1	887	289	32.58	52	113	63	22	0	39	0
Pct 7917	Election Day	7917	1	983	254	25.84	31	84	75	24	2	39	0
Pct 7917	VBM	7917	1	983	287	29.2	38	126	75	20	1	26	1
Pct 7918	Election Day	7918	1	790	191	24.18	21	61	50	20	2	37	0
Pct 7918	VBM	7918	1	790	234	29.62	45	97	44	15	1	33	0
Pct 7919	Election Day	7919	1	857	217	25.32	14	91	46	27	3	35	1
Pct 7919	VBM	7919	1	857	241	28.12	32	96	57	24	0	32	0
Pct 7921	Election Day	7921	1	883	151	17.1	16	59	40	17	2	18	0
Pct 7921	VBM	7921	1	883	210	23.78	37	93	39	17	0	24	0
Pct 7922	Election Day	7922	1	797	182	22.84	14	56	75	16	0	20	0
Pct 7922	VBM	7922	1	797	241	30.24	30	119	36	30	0	24	1
Pct 7923	Election Day	7923	1	863	202	23.41	22	70	54	28	0	28	0
Pct 7923	VBM	7923	1	863	241	27.93	45	94	49	21	0	32	0
Pct 7924	Election Day	7924	1	806	172	21.34	18	60	56	15	1	21	0
Pct 7924	VBM	7924	1	806	247	30.65	37	108	49	32	0	21	0
Pct 7925	Election Day	7925	1	570	114	20	12	40	27	9	0	26	0
Pct 7925	VBM	7925	1	570	191	33.51	22	78	37	22	0	32	0
Pct 7926	Election Day	7926	1	768	177	23.05	27	54	47	21	2	26	0
Pct 7926	VBM	7926	1	768	296	38.54	50	110	56	27	2	51	0
Pct 7927	Election Day	7927	1	733	187	25.51	22	60	50	22	1	32	0
Pct 7927	VBM	7927	1	733	289	39.43	68	116	42	26	0	38	0
Pct 7928	Election Day	7928	1	899	253	28.14	51	86	54	26	0	37	0
Pct 7928	VBM	7928	1	899	297	33.04	63	121	54	24	0	32	1
Pct 7929	Election Day	7929	1	840	200	23.81	42	59	43	22	1	34	0
Pct 7929	VBM	7929	1	840	367	43.69	88	143	54	34	0	46	0
Pct 7931	Election Day	7931	1	732	189	25.82	35	72	30	22	0	30	0
Pct 7931	VBM	7931	1	732	317	43.31	66	144	32	30	0	46	0
Pct 7932	Election Day	7932	1	551	112	20.33	21	36	23	12	0	20	0
Pct 7932	VBM	7932	1	551	225	40.83	48	80	37	28	0	32	0
Pct 7933 MB	Election Day	7933	1	8	0	0	0	0	0	0	0	0	0
Pct 7933 MB	VBM	7933	1	8	4	50	1	0	0	1	0	2	0
Pct 7934	Election Day	7934	1	885	195	22.03	26	66	44	17	0	46	0
Pct 7934	VBM	7934	1	885	328	37.06	52	143	54	25	2	50	0
Pct 7935	Election Day	7935	1	938	283	30.17	47	105	55	24	0	52	0
Pct 7935	VBM	7935	1	938	370	39.45	76	144	56	38	1	53	0
Pct 7936	Election Day	7936	1	832	246	29.57	34	95	60	20	0	38	0
Pct 7936	VBM	7936	1	832	326	39.18	58	153	54	16	2	42	0
Pct 7937	Election Day	7937	1	874	223	25.51	32	89	42	18	1	41	0
Pct 7937	VBM	7937	1	874	309	35.35	72	131	41	25	4	36	0
Pct 7938	Election Day	7938	1	774	162	20.93	21	54	35	23	1	28	0
Pct 7938	VBM	7938	1	774	247	31.91	36	84	62	35	1	28	1
Pct 7939	Election Day	7939	1	667	186	27.89	32	67	42	14	2	27	0
Pct 7939	VBM	7939	1	667	230	34.48	40	98	36	19	0	35	1
Pct 7941	Election Day	7941	1	728	167	22.94	29	73	26	13	3	22	0
Pct 7941	VBM	7941	1	728	236	32.42	42	95	38	27	0	33	0
Pct 7942	Election Day	7942	1	893	166	18.59	27	54	33	12	1	38	0
Pct 7942	VBM	7942	1	893	286	32.03	56	130	31	33	2	35	0
Pct 7943	Election Day	7943	1	887	192	21.65	39	72	31	21	0	29	0
Pct 7943	VBM	7943	1	887	319	35.96	66	143	33	34	0	40	1
Pct 7944	Election Day	7944	1	769	201	26.14	26	88	44	15	1	28	0
Pct 7944	VBM	7944	1	769	235	30.56	40	99	34	29	0	33	0
Pct 7945	Election Day	7945	1	897	118	13.15	15	49	20	10	1	23	0
Pct 7945	VBM	7945	1	897	294	32.78	44	123	52	33	0	39	0
Pct 7946	Election Day	7946	1	909	134	14.74	28	43	25	20	1	16	0
Pct 7946	VBM	7946	1	909	348	38.28	91	137	29	32	2	53	1
Pct 7947	Election Day	7947	1	894	128	14.32	22	54	12	21	1	19	0
Pct 7947	VBM	7947	1	894	327	36.58	63	127	39	26	0	72	1
Pct 7948	Election Day	7948	1	900	165	18.33	26	54	24	26	1	34	0
Pct 7948	VBM	7948	1	900	313	34.78	75	125	26	40	2	47	0
Pct 7949	Election Day	7949	1	552	78	14.13	13	23	9	13	1	16	0
Pct 7949	VBM	7949	1	552	224	40.58	54	86	6	28	0	49	1
Pct 7951	Election Day	7951	1	830	97	11.69	19	34	11	12	0	21	0
Pct 7951	VBM	7951	1	830	341	41.08	94	111	31	38	4	62	1
Pct 7952	Election Day	7952	1	823	100	12.15	21	43	10	13	1	12	0
Pct 7952	VBM	7952	1	823	288	34.99	53	143	34	22	0	36	1
Pct 7953	Election Day	7953	1	795	103	12.96	20	40	12	14	1	18	0
Pct 7953	VBM	7953	1	795	294	36.98	73	116	24	37	1	43	0
Pct 7954 MB	Election Day	7954	1	0	0	0	0	0	0	0	0	0	0
Pct 7954 MB	VBM	7954	1	0	0	0	0	0	0	0	0	0	0
Pct 7955	Election Day	7955	1	854	116	13.58	20	46	18	11	0	21	0
Pct 7955	VBM	7955	1	854	320	37.47	70	111	40	37	2	59	1
Pct 7956	Election Day	7956	1	779	101	12.97	19	30	13	13	1	24	1
Pct 7956	VBM	7956	1	779	247	31.71	74	95	15	30	0	30	0
Pct 7957	Election Day	7957	1	623	97	15.57	18	32	9	16	3	18	0
Pct 7957	VBM	7957	1	623	217	34.83	39	96	25	24	1	32	0
Pct 7958 MB	Election Day	7958	1	263	13	4.94	3	2	4	3	0	2	0
Pct 7958 MB	VBM	7958	1	263	104	39.54	34	30	12	11	0	17	0
Pct 7959	Election Day	7959	1	695	110	15.83	14	44	23	12	0	17	0
Pct 7959	VBM	7959	1	695	190	27.34	34	72	20	28	1	34	1
Pct 9001 MB	Election Day	9001	1	257	8	3.11	2	2	0	3	0	1	0
Pct 9001 MB	VBM	9001	1	257	101	39.3	13	56	4	14	0	12	0
Pct 9101	Election Day	9101	1	833	190	22.81	45	55	25	30	1	34	0
Pct 9101	VBM	9101	1	833	323	38.78	95	92	25	58	0	52	1
Pct 9102	Election Day	9102	1	950	182	19.16	44	50	24	25	1	39	0
Pct 9102	VBM	9102	1	950	335	35.26	94	95	27	68	1	46	0
Pct 9103	Election Day	9103	1	924	174	18.83	53	43	15	30	1	31	1
Pct 9103	VBM	9103	1	924	302	32.68	89	94	15	43	3	58	0
Pct 9104	Election Day	9104	1	937	176	18.78	45	40	26	28	2	35	0
Pct 9104	VBM	9104	1	937	332	35.43	69	119	36	49	0	59	0
Pct 9105	Election Day	9105	1	888	191	21.51	40	43	34	34	2	37	0
Pct 9105	VBM	9105	1	888	339	38.18	85	104	38	53	2	58	0
Pct 9106	Election Day	9106	1	907	213	23.48	60	68	20	28	0	36	0
Pct 9106	VBM	9106	1	907	334	36.82	98	93	29	47	1	62	0
Pct 9107	Election Day	9107	1	806	164	20.35	37	59	24	15	0	29	0
Pct 9107	VBM	9107	1	806	246	30.52	62	66	35	35	0	47	0
Pct 9108	Election Day	9108	1	761	185	24.31	45	43	45	22	1	30	0
Pct 9108	VBM	9108	1	761	220	28.91	57	69	21	37	0	36	1
Pct 9109	Election Day	9109	1	848	205	24.17	44	60	34	29	1	38	0
Pct 9109	VBM	9109	1	848	285	33.61	87	89	25	33	0	47	0
Pct 9111	Election Day	9111	1	756	150	19.84	37	42	20	22	0	28	1
Pct 9111	VBM	9111	1	756	226	29.89	58	56	36	46	0	31	0
Pct 9112	Election Day	9112	1	918	211	22.98	50	59	36	30	1	35	0
Pct 9112	VBM	9112	1	918	295	32.14	83	84	37	46	0	42	3
Pct 9113	Election Day	9113	1	959	231	24.09	64	65	34	27	1	40	0
Pct 9113	VBM	9113	1	959	351	36.6	101	99	39	49	0	62	0
Pct 9114	Election Day	9114	1	820	170	20.73	34	41	28	24	1	41	1
Pct 9114	VBM	9114	1	820	273	33.29	52	86	47	39	0	48	0
Pct 9115	Election Day	9115	1	873	172	19.7	29	45	34	37	2	25	0
Pct 9115	VBM	9115	1	873	287	32.88	57	92	45	40	1	50	0
Pct 9116	Election Day	9116	1	903	193	21.37	31	52	43	30	2	33	0
Pct 9116	VBM	9116	1	903	314	34.77	80	80	55	48	1	46	0
Pct 9117	Election Day	9117	1	756	180	23.81	42	55	26	26	0	29	0
Pct 9117	VBM	9117	1	756	285	37.7	84	95	12	33	1	59	0
Pct 9118	Election Day	9118	1	923	184	19.93	36	49	32	27	1	39	0
Pct 9118	VBM	9118	1	923	268	29.04	59	68	32	48	1	60	0
Pct 9119	Election Day	9119	1	856	152	17.76	35	38	19	27	0	35	0
Pct 9119	VBM	9119	1	856	323	37.73	78	111	37	47	1	49	0
Pct 9121	Election Day	9121	1	890	188	21.12	45	53	26	29	1	34	0
Pct 9121	VBM	9121	1	890	274	30.79	50	98	21	47	3	55	0
Pct 9122	Election Day	9122	1	913	131	14.35	21	36	20	21	0	33	0
Pct 9122	VBM	9122	1	913	292	31.98	67	76	37	59	1	51	0
Pct 9123	Election Day	9123	1	829	175	21.11	45	56	18	27	0	29	0
Pct 9123	VBM	9123	1	829	270	32.57	70	69	36	51	2	41	0
Pct 9124	Election Day	9124	1	832	150	18.03	27	50	27	19	0	27	0
Pct 9124	VBM	9124	1	832	290	34.86	76	73	31	53	1	55	0
Pct 9125	Election Day	9125	1	822	159	19.34	32	42	25	28	1	30	0
Pct 9125	VBM	9125	1	822	299	36.37	76	93	32	45	0	56	0
Pct 9126	Election Day	9126	1	945	186	19.68	47	43	31	27	1	37	0
Pct 9126	VBM	9126	1	945	350	37.04	97	78	45	55	1	74	0
Pct 9127	Election Day	9127	1	908	209	23.02	55	48	27	31	1	47	0
Pct 9127	VBM	9127	1	908	315	34.69	76	92	38	48	0	62	0
Pct 9128	Election Day	9128	1	805	188	23.35	45	51	29	26	1	36	0
Pct 9128	VBM	9128	1	805	296	36.77	85	89	29	38	0	55	0
Pct 9129	Election Day	9129	1	713	173	24.26	39	60	24	23	2	25	0
Pct 9129	VBM	9129	1	713	225	31.56	60	73	18	33	0	38	0
Pct 9131	Election Day	9131	1	740	151	20.41	38	42	19	28	2	22	0
Pct 9131	VBM	9131	1	740	274	37.03	76	73	36	41	0	46	0
Pct 9132	Election Day	9132	1	827	167	20.19	21	56	27	24	1	38	0
Pct 9132	VBM	9132	1	827	251	30.35	62	80	26	34	1	46	2
Pct 9133	Election Day	9133	1	1007	188	18.67	52	54	29	32	0	21	0
Pct 9133	VBM	9133	1	1007	388	38.53	73	124	50	80	1	59	0
Pct 9134	Election Day	9134	1	893	132	14.78	21	34	23	29	1	24	0
Pct 9134	VBM	9134	1	893	297	33.26	85	89	36	33	2	49	0
Pct 9135	Election Day	9135	1	778	149	19.15	35	26	23	31	0	34	0
Pct 9135	VBM	9135	1	778	269	34.58	86	80	22	31	1	47	1
Pct 9136	Election Day	9136	1	894	191	21.36	39	47	35	39	1	30	0
Pct 9136	VBM	9136	1	894	289	32.33	66	73	32	45	4	65	0
Pct 9137	Election Day	9137	1	946	201	21.25	52	47	32	36	1	33	0
Pct 9137	VBM	9137	1	946	323	34.14	70	85	50	49	1	64	1
Pct 9138	Election Day	9138	1	892	155	17.38	42	29	19	27	1	38	0
Pct 9138	VBM	9138	1	892	323	36.21	90	96	28	57	2	52	0
Pct 9139	Election Day	9139	1	912	163	17.87	39	47	23	22	0	33	0
Pct 9139	VBM	9139	1	912	356	39.04	108	94	30	52	0	71	0
Pct 9141	Election Day	9141	1	904	168	18.58	49	37	27	24	0	29	0
Pct 9141	VBM	9141	1	904	328	36.28	90	101	41	42	1	54	0
Pct 9142	Election Day	9142	1	921	219	23.78	41	64	34	50	4	25	0
Pct 9142	VBM	9142	1	921	288	31.27	63	104	30	38	1	53	0
Pct 9143	Election Day	9143	1	887	196	22.1	46	50	33	24	1	42	0
Pct 9143	VBM	9143	1	887	315	35.51	85	78	44	54	1	48	2
Pct 9144	Election Day	9144	1	931	221	23.74	53	64	40	25	2	36	0
Pct 9144	VBM	9144	1	931	322	34.59	102	99	30	34	0	59	0
Pct 9145	Election Day	9145	1	837	197	23.54	42	50	32	32	0	41	0
Pct 9145	VBM	9145	1	837	282	33.69	75	91	31	32	1	52	0
Pct 9146	Election Day	9146	1	866	206	23.79	46	53	42	31	1	33	0
Pct 9146	VBM	9146	1	866	297	34.3	66	84	55	37	0	56	0
Pct 9147	Election Day	9147	1	920	227	24.67	54	66	37	25	0	44	0
Pct 9147	VBM	9147	1	920	318	34.57	63	79	61	58	0	58	1
Pct 9148	Election Day	9148	1	946	226	23.89	61	62	26	39	3	35	0
Pct 9148	VBM	9148	1	946	322	34.04	89	98	39	43	0	50	0
Pct 9149	Election Day	9149	1	884	196	22.17	40	61	26	31	0	37	1
Pct 9149	VBM	9149	1	884	296	33.48	63	99	37	50	2	46	0
Pct 9151	Election Day	9151	1	806	152	18.86	44	40	17	23	0	28	1
Pct 9151	VBM	9151	1	806	267	33.13	78	73	17	47	1	52	0
Pct 9152	Election Day	9152	1	712	67	9.41	16	11	12	14	0	13	0
Pct 9152	VBM	9152	1	712	138	19.38	38	36	23	25	0	15	0
Pct 9201	Election Day	9201	1	953	201	21.09	45	59	35	34	1	27	0
Pct 9201	VBM	9201	1	953	229	24.03	57	71	32	37	0	30	0
Pct 9202	Election Day	9202	1	908	184	20.26	37	57	24	30	0	35	2
Pct 9202	VBM	9202	1	908	218	24.01	57	59	25	33	1	42	1
Pct 9203	Election Day	9203	1	968	145	14.98	56	32	5	14	0	38	0
Pct 9203	VBM	9203	1	968	300	30.99	133	75	11	27	1	49	0
Pct 9204	Election Day	9204	1	809	147	18.17	52	32	5	17	1	40	0
Pct 9204	VBM	9204	1	809	223	27.56	109	48	13	24	0	32	0
Pct 9205	Election Day	9205	1	694	113	16.28	29	30	8	15	0	31	0
Pct 9205	VBM	9205	1	694	201	28.96	62	56	10	24	0	45	2
Pct 9206	Election Day	9206	1	887	135	15.22	60	30	2	16	0	28	0
Pct 9206	VBM	9206	1	887	294	33.15	138	60	9	38	1	48	0
Pct 9207	Election Day	9207	1	913	148	16.21	62	34	4	17	0	30	1
Pct 9207	VBM	9207	1	913	249	27.27	83	74	11	32	0	48	0
Pct 9208	Election Day	9208	1	936	147	15.71	39	34	10	29	0	35	0
Pct 9208	VBM	9208	1	936	240	25.64	86	56	13	39	0	47	0
Pct 9209	Election Day	9209	1	675	121	17.93	41	30	5	23	0	23	0
Pct 9209	VBM	9209	1	675	188	27.85	69	59	6	15	0	39	0
Pct 9211	Election Day	9211	1	834	130	15.59	37	40	8	13	0	32	0
Pct 9211	VBM	9211	1	834	212	25.42	83	55	10	25	1	37	0
Pct 9212	Election Day	9212	1	764	121	15.84	36	36	7	19	1	22	0
Pct 9212	VBM	9212	1	764	205	26.83	64	57	17	26	3	35	0
Pct 9213	Election Day	9213	1	890	140	15.73	32	49	15	21	0	23	0
Pct 9213	VBM	9213	1	890	260	29.21	96	66	13	35	1	46	1
Pct 9214	Election Day	9214	1	581	92	15.83	24	26	1	12	0	29	0
Pct 9214	VBM	9214	1	581	203	34.94	95	44	4	32	0	26	0
Pct 9215	Election Day	9215	1	626	130	20.77	43	29	1	18	0	39	0
Pct 9215	VBM	9215	1	626	170	27.16	79	36	4	20	1	31	0
Pct 9216	Election Day	9216	1	798	134	16.79	42	34	7	18	0	34	0
Pct 9216	VBM	9216	1	798	206	25.81	81	50	9	18	0	48	0
Pct 9217	Election Day	9217	1	684	123	17.98	33	39	6	16	1	28	0
Pct 9217	VBM	9217	1	684	187	27.34	60	49	13	25	0	37	0
Pct 9218	Election Day	9218	1	797	119	14.93	34	29	9	20	0	27	0
Pct 9218	VBM	9218	1	797	225	28.23	80	59	7	31	2	44	0
Pct 9219	Election Day	9219	1	733	146	19.92	40	40	11	24	1	30	0
Pct 9219	VBM	9219	1	733	187	25.51	54	55	10	36	0	32	0
Pct 9221	Election Day	9221	1	641	121	18.88	55	15	2	21	1	27	0
Pct 9221	VBM	9221	1	641	278	43.37	137	58	8	19	0	54	1
Pct 9222	Election Day	9222	1	842	139	16.51	57	24	8	17	1	33	0
Pct 9222	VBM	9222	1	842	268	31.83	122	58	6	27	1	51	0
Pct 9223	Election Day	9223	1	606	88	14.52	32	21	4	13	1	16	0
Pct 9223	VBM	9223	1	606	202	33.33	72	47	8	30	0	43	1
Pct 9224	Election Day	9224	1	912	171	18.75	65	32	10	24	0	34	0
Pct 9224	VBM	9224	1	912	308	33.77	128	81	7	31	1	53	0
Pct 9225	Election Day	9225	1	898	161	17.93	53	41	14	24	0	29	0
Pct 9225	VBM	9225	1	898	243	27.06	80	77	13	26	1	46	0
Pct 9226	Election Day	9226	1	905	143	15.8	50	37	5	22	1	28	1
Pct 9226	VBM	9226	1	905	312	34.48	87	93	14	41	3	73	1
Pct 9227	Election Day	9227	1	729	140	19.2	54	32	9	16	1	28	0
Pct 9227	VBM	9227	1	729	304	41.7	108	83	15	39	0	59	1
Pct 9228	Election Day	9228	1	726	175	24.1	67	43	8	24	1	29	0
Pct 9228	VBM	9228	1	726	277	38.15	129	68	7	24	0	45	0
Pct 9229	Election Day	9229	1	596	130	21.81	40	39	4	20	1	27	0
Pct 9229	VBM	9229	1	596	219	36.74	95	46	10	34	0	35	0
Pct 9231	Election Day	9231	1	919	221	24.05	78	61	24	20	0	40	0
Pct 9231	VBM	9231	1	919	294	31.99	99	68	28	37	1	62	1
Pct 9232	Election Day	9232	1	701	151	21.54	59	34	12	20	0	26	0
Pct 9232	VBM	9232	1	701	274	39.09	110	81	9	28	0	45	0
Pct 9233	Election Day	9233	1	774	139	17.96	57	23	5	10	0	44	0
Pct 9233	VBM	9233	1	774	308	39.79	141	68	8	27	0	62	0
Pct 9234	Election Day	9234	1	731	131	17.92	43	28	12	16	1	32	0
Pct 9234	VBM	9234	1	731	281	38.44	104	82	11	35	0	46	0
Pct 9235	Election Day	9235	1	842	174	20.67	67	43	8	21	0	34	0
Pct 9235	VBM	9235	1	842	298	35.39	121	79	10	34	0	55	0
Pct 9236	Election Day	9236	1	658	130	19.76	42	28	6	16	0	38	0
Pct 9236	VBM	9236	1	658	207	31.46	85	45	12	26	0	35	1
Pct 9237	Election Day	9237	1	880	145	16.48	50	44	7	13	0	31	0
Pct 9237	VBM	9237	1	880	331	37.61	132	65	9	44	1	81	0
Pct 9238	Election Day	9238	1	792	130	16.41	39	34	5	21	1	30	0
Pct 9238	VBM	9238	1	792	271	34.22	122	63	10	27	0	49	1
Pct 9239	Election Day	9239	1	835	117	14.01	43	35	9	6	1	23	0
Pct 9239	VBM	9239	1	835	318	38.08	124	95	13	34	0	51	1
Pct 9241	Election Day	9241	1	961	158	16.44	48	50	6	25	2	26	0
Pct 9241	VBM	9241	1	961	322	33.51	138	94	12	31	1	44	0
Pct 9242	Election Day	9242	1	940	154	16.38	36	47	10	29	0	32	0
Pct 9242	VBM	9242	1	940	300	31.91	114	79	11	44	1	48	0
Pct 9243	Election Day	9243	1	572	135	23.6	47	36	4	21	0	27	0
Pct 9243	VBM	9243	1	572	188	32.87	64	54	9	33	0	27	0
Pct 9244	Election Day	9244	1	880	149	16.93	47	40	7	27	2	25	0
Pct 9244	VBM	9244	1	880	269	30.57	83	89	15	33	0	50	0
Pct 9245	Election Day	9245	1	706	128	18.13	27	44	13	16	0	28	0
Pct 9245	VBM	9245	1	706	226	32.01	65	68	13	28	1	48	1
Pct 9246	Election Day	9246	1	910	139	15.27	43	37	6	22	0	31	0
Pct 9246	VBM	9246	1	910	299	32.86	99	81	19	37	0	64	0
Pct 9247	Election Day	9247	1	936	151	16.13	46	40	19	22	1	24	0
Pct 9247	VBM	9247	1	936	303	32.37	97	91	22	43	0	47	2
Pct 9248	Election Day	9248	1	898	181	20.16	42	61	13	33	0	32	0
Pct 9248	VBM	9248	1	898	282	31.4	78	93	18	38	0	49	0
Pct 9249	Election Day	9249	1	910	187	20.55	59	39	10	29	1	48	0
Pct 9249	VBM	9249	1	910	314	34.51	102	101	20	30	2	56	0
Pct 9251	Election Day	9251	1	946	204	21.56	56	52	17	39	1	39	0
Pct 9251	VBM	9251	1	946	342	36.15	111	108	28	45	0	49	2
Pct 9252	Election Day	9252	1	913	140	15.33	44	34	17	20	0	26	0
Pct 9252	VBM	9252	1	913	352	38.55	120	98	28	47	0	58	0
Pct 9253	Election Day	9253	1	751	138	18.38	36	42	9	23	0	24	0
Pct 9253	VBM	9253	1	751	272	36.22	89	81	16	37	0	48	1
Pct 9254	Election Day	9254	1	889	168	18.9	36	54	18	26	1	33	0
Pct 9254	VBM	9254	1	889	318	35.77	106	102	22	40	0	49	1
Pct 9255	Election Day	9255	1	545	126	23.12	21	42	23	20	0	20	0
Pct 9255	VBM	9255	1	545	128	23.49	30	47	10	21	0	19	0
Pct 9256	Election Day	9256	1	433	77	17.78	17	16	12	16	0	16	0
Pct 9256	VBM	9256	1	433	103	23.79	26	28	14	17	0	19	0
Pct 9257 MB	Election Day	9257	1	312	9	2.88	0	5	2	0	0	2	0
Pct 9257 MB	VBM	9257	1	312	150	48.08	23	45	26	28	1	28	0
Pct 9258	Election Day	9258	1	699	127	18.17	35	32	18	21	1	20	0
Pct 9258	VBM	9258	1	699	244	34.91	78	49	28	37	0	54	0
Pct 9401	Election Day	9401	1	970	194	20	23	54	39	37	2	40	0
Pct 9401	VBM	9401	1	970	293	30.21	59	85	51	52	5	43	0
Pct 9402	Election Day	9402	1	931	197	21.16	33	49	32	34	0	49	0
Pct 9402	VBM	9402	1	931	307	32.98	66	79	41	47	0	73	0
Pct 9403	Election Day	9403	1	853	167	19.58	30	58	29	23	0	27	0
Pct 9403	VBM	9403	1	853	286	33.53	69	85	38	41	2	47	2
Pct 9404	Election Day	9404	1	889	153	17.21	38	40	23	24	1	27	0
Pct 9404	VBM	9404	1	889	320	36	66	98	35	54	0	64	0
Pct 9405	Election Day	9405	1	757	160	21.14	40	46	19	22	1	33	0
Pct 9405	VBM	9405	1	757	245	32.36	62	68	23	40	3	48	0
Pct 9406	Election Day	9406	1	815	179	21.96	43	38	24	31	1	42	0
Pct 9406	VBM	9406	1	815	277	33.99	62	94	29	38	0	53	0
Pct 9407	Election Day	9407	1	861	191	22.18	45	51	27	25	2	40	0
Pct 9407	VBM	9407	1	861	284	32.98	73	82	38	47	1	44	0
Pct 9408	Election Day	9408	1	837	187	22.34	32	52	33	32	1	36	0
Pct 9408	VBM	9408	1	837	246	29.39	53	79	42	34	0	40	0
Pct 9409	Election Day	9409	1	565	140	24.78	23	39	23	38	0	17	0
Pct 9409	VBM	9409	1	565	170	30.09	36	47	18	25	1	41	0
Pct 9411	Election Day	9411	1	936	175	18.7	27	52	30	37	1	29	0
Pct 9411	VBM	9411	1	936	261	27.88	54	89	46	41	0	30	0
Pct 9412	Election Day	9412	1	843	164	19.45	43	51	24	21	1	24	0
Pct 9412	VBM	9412	1	843	285	33.81	57	74	38	38	2	76	0
Pct 9413	Election Day	9413	1	858	172	20.05	34	44	25	35	0	35	0
Pct 9413	VBM	9413	1	858	310	36.13	69	98	31	41	0	68	0
Pct 9414	Election Day	9414	1	862	159	18.45	31	42	23	19	2	41	0
Pct 9414	VBM	9414	1	862	307	35.61	82	102	28	39	1	53	1
Pct 9415	Election Day	9415	1	755	121	16.03	30	32	10	25	0	24	0
Pct 9415	VBM	9415	1	755	284	37.62	91	75	31	34	0	55	0
Pct 9416	Election Day	9416	1	962	198	20.58	49	54	34	27	0	34	0
Pct 9416	VBM	9416	1	962	316	32.85	70	94	32	43	1	73	0
Pct 9417	Election Day	9417	1	714	117	16.39	19	27	16	23	0	33	0
Pct 9417	VBM	9417	1	714	286	40.06	79	86	23	46	2	41	1
Pct 9418	Election Day	9418	1	753	157	20.85	34	52	18	15	0	37	0
Pct 9418	VBM	9418	1	753	269	35.72	71	82	23	23	1	68	1
Pct 9419	Election Day	9419	1	893	167	18.7	44	42	18	27	0	36	0
Pct 9419	VBM	9419	1	893	326	36.51	108	88	30	34	0	65	0
Pct 9421	Election Day	9421	1	878	150	17.08	37	34	22	16	1	41	0
Pct 9421	VBM	9421	1	878	316	35.99	79	101	32	36	1	68	0
Pct 9422	Election Day	9422	1	1010	200	19.8	53	58	25	28	0	37	0
Pct 9422	VBM	9422	1	1010	358	35.45	92	111	22	53	6	74	0
Pct 9423	Election Day	9423	1	853	147	17.23	35	36	18	26	0	32	0
Pct 9423	VBM	9423	1	853	292	34.23	59	90	32	54	2	55	1
Pct 9424	Election Day	9424	1	910	146	16.04	29	45	28	18	0	25	0
Pct 9424	VBM	9424	1	910	331	36.37	102	106	25	46	1	52	0
Pct 9425	Election Day	9425	1	903	136	15.06	26	30	23	22	0	33	1
Pct 9425	VBM	9425	1	903	313	34.66	64	111	21	50	1	63	0
Pct 9426	Election Day	9426	1	801	143	17.85	49	29	18	25	0	23	0
Pct 9426	VBM	9426	1	801	283	35.33	75	63	31	44	2	67	0
Pct 9427	Election Day	9427	1	889	129	14.51	37	34	15	15	0	29	0
Pct 9427	VBM	9427	1	889	333	37.46	100	75	45	35	4	73	0
Pct 9428	Election Day	9428	1	892	122	13.68	20	27	21	22	1	32	0
Pct 9428	VBM	9428	1	892	346	38.79	78	92	45	53	2	77	0
Pct 9429	Election Day	9429	1	866	173	19.98	36	40	24	37	0	36	0
Pct 9429	VBM	9429	1	866	308	35.57	82	81	33	61	0	50	1
Pct 9431	Election Day	9431	1	954	152	15.93	38	54	13	24	0	24	0
Pct 9431	VBM	9431	1	954	352	36.9	92	109	33	54	1	58	1
Pct 9432	Election Day	9432	1	901	155	17.2	40	46	20	21	0	27	1
Pct 9432	VBM	9432	1	901	307	34.07	70	93	27	43	4	70	0
Pct 9433	Election Day	9433	1	912	155	17	43	29	22	22	3	36	0
Pct 9433	VBM	9433	1	912	317	34.76	78	88	34	48	0	70	1
Pct 9434	Election Day	9434	1	963	188	19.52	45	51	23	27	1	41	0
Pct 9434	VBM	9434	1	963	349	36.24	104	105	38	49	1	53	0
Pct 9435	Election Day	9435	1	934	195	20.88	55	38	27	40	2	33	0
Pct 9435	VBM	9435	1	934	320	34.26	66	95	39	48	2	67	1
Pct 9436	Election Day	9436	1	941	161	17.11	44	51	11	24	2	29	0
Pct 9436	VBM	9436	1	941	337	35.81	71	111	36	46	2	71	0
Pct 9437	Election Day	9437	1	873	170	19.47	43	46	16	26	1	38	0
Pct 9437	VBM	9437	1	873	324	37.11	86	105	37	37	2	56	0
Pct 9438	Election Day	9438	1	918	129	14.05	28	37	23	15	1	23	1
Pct 9438	VBM	9438	1	918	336	36.6	97	87	29	66	0	58	0
Pct 9439	Election Day	9439	1	827	126	15.24	32	28	16	26	3	21	0
Pct 9439	VBM	9439	1	827	314	37.97	81	94	30	31	1	78	0
Pct 9441	Election Day	9441	1	939	205	21.83	42	59	39	32	0	34	0
Pct 9441	VBM	9441	1	939	337	35.89	98	84	32	57	1	64	2
Pct 9442	Election Day	9442	1	970	200	20.62	50	67	26	23	0	34	0
Pct 9442	VBM	9442	1	970	325	33.51	84	97	30	44	1	69	0
Pct 9443	Election Day	9443	1	886	138	15.58	32	41	18	22	2	23	0
Pct 9443	VBM	9443	1	886	304	34.31	65	97	36	49	2	53	0
Pct 9444	Election Day	9444	1	901	118	13.1	29	17	16	28	1	28	0
Pct 9444	VBM	9444	1	901	312	34.63	94	87	20	54	0	57	1
Pct 9445	Election Day	9445	1	945	154	16.3	41	39	25	19	1	29	0
Pct 9445	VBM	9445	1	945	342	36.19	82	106	43	41	1	69	0
Pct 9446	Election Day	9446	1	1043	164	15.72	43	52	8	28	0	31	0
Pct 9446	VBM	9446	1	1043	417	39.98	131	108	38	58	1	84	0
Pct 9447	Election Day	9447	1	891	171	19.19	45	50	22	15	0	38	0
Pct 9447	VBM	9447	1	891	327	36.7	93	98	23	49	1	60	2
Pct 9448	Election Day	9448	1	877	159	18.13	35	38	26	21	2	37	0
Pct 9448	VBM	9448	1	877	307	35.01	68	101	32	41	1	66	0
Pct 9449	Election Day	9449	1	784	97	12.37	27	19	22	13	0	17	0
Pct 9449	VBM	9449	1	784	302	38.52	80	72	36	50	-1	60	1
Pct 9451	Election Day	9451	1	414	57	13.77	12	24	5	6	1	9	0
Pct 9451	VBM	9451	1	414	154	37.2	52	50	9	17	2	21	0
Pct 9452	Election Day	9452	1	799	175	21.9	57	47	18	20	0	32	0
Pct 9452	VBM	9452	1	799	281	35.17	68	84	23	39	0	67	0
Pct 9453	Election Day	9453	1	488	90	18.44	34	21	5	18	1	11	0
Pct 9453	VBM	9453	1	488	175	35.86	58	40	13	34	0	30	0
Pct 9501 MB	Election Day	9501	1	149	5	3.36	2	0	1	1	0	1	0
Pct 9501 MB	VBM	9501	1	149	71	47.65	17	26	4	10	0	16	0
Pct 9502 MB	Election Day	9502	1	233	10	4.29	0	3	1	1	0	5	0
Pct 9502 MB	VBM	9502	1	233	116	49.79	29	42	8	16	1	20	0
Pct 9503/9504	Election Day	9503	1	725	128	17.66	32	34	15	22	0	27	0
Pct 9503/9504	VBM	9503	1	725	184	25.38	47	63	9	34	0	31	0
Pct 9505	Election Day	9505	1	756	147	19.44	29	51	7	26	0	36	0
Pct 9505	VBM	9505	1	756	274	36.24	39	96	19	63	0	57	0
Pct 9506	Election Day	9506	1	771	134	17.38	22	52	15	22	1	21	1
Pct 9506	VBM	9506	1	771	217	28.15	50	84	23	26	0	31	2
Pct 9507	Election Day	9507	1	733	170	23.19	28	51	33	26	1	30	0
Pct 9507	VBM	9507	1	733	218	29.74	40	72	43	33	0	32	0
Pct 9508	Election Day	9508	1	784	180	22.96	25	61	47	16	2	29	0
Pct 9508	VBM	9508	1	784	258	32.91	52	90	43	45	1	24	0
Pct 9509	Election Day	9509	1	719	165	22.95	24	47	30	36	0	28	0
Pct 9509	VBM	9509	1	719	239	33.24	52	91	29	30	1	36	1
Pct 9511	Election Day	9511	1	600	147	24.5	30	28	32	28	1	28	0
Pct 9511	VBM	9511	1	600	177	29.5	33	59	28	27	1	26	1
Pct 9512	Election Day	9512	1	771	161	20.88	22	46	38	26	2	27	0
Pct 9512	VBM	9512	1	771	251	32.56	48	87	49	32	0	40	0
Pct 9513	Election Day	9513	1	864	200	23.15	26	73	28	31	1	40	1
Pct 9513	VBM	9513	1	864	261	30.21	45	90	39	44	1	36	1
Pct 9514/9522	Election Day	9514	1	869	229	26.35	54	71	28	42	0	34	0
Pct 9514/9522	VBM	9514	1	869	257	29.57	48	78	25	41	0	62	2
Pct 9515	Election Day	9515	1	685	159	23.21	36	46	30	24	1	22	0
Pct 9515	VBM	9515	1	685	243	35.47	49	78	32	30	0	54	0
Pct 9516	Election Day	9516	1	864	206	23.84	46	54	37	23	3	43	0
Pct 9516	VBM	9516	1	864	269	31.13	56	90	44	44	0	32	2
Pct 9517	Election Day	9517	1	768	197	25.65	38	57	37	26	0	38	1
Pct 9517	VBM	9517	1	768	235	30.6	53	70	38	35	0	38	0
Pct 9518	Election Day	9518	1	783	180	22.99	20	57	33	37	2	30	0
Pct 9518	VBM	9518	1	783	242	30.91	58	78	34	33	0	39	0
Pct 9519	Election Day	9519	1	850	217	25.53	46	52	30	43	1	45	0
Pct 9519	VBM	9519	1	850	294	34.59	77	94	37	31	0	56	0
Pct 9521	Election Day	9521	1	893	254	28.44	58	74	34	42	3	43	0
Pct 9521	VBM	9521	1	893	290	32.47	72	89	34	42	1	49	0
Pct 9701	Election Day	9701	1	665	156	23.46	38	51	19	21	0	27	0
Pct 9701	VBM	9701	1	665	235	35.34	55	69	32	25	1	53	0
Pct 9702	Election Day	9702	1	710	194	27.32	41	64	28	22	2	37	0
Pct 9702	VBM	9702	1	710	231	32.54	55	74	26	22	1	53	0
Pct 9703	Election Day	9703	1	931	182	19.55	44	55	17	32	0	33	0
Pct 9703	VBM	9703	1	931	373	40.06	85	110	42	61	1	73	0
Pct 9704	Election Day	9704	1	942	191	20.28	49	56	27	25	0	34	0
Pct 9704	VBM	9704	1	942	354	37.58	92	105	40	49	1	67	1
Pct 9705	Election Day	9705	1	879	208	23.66	52	53	38	21	0	43	0
Pct 9705	VBM	9705	1	879	309	35.15	77	105	29	42	0	56	0
Pct 9706 MB	Election Day	9706	1	51	2	3.92	1	0	0	0	0	1	0
Pct 9706 MB	VBM	9706	1	51	32	62.75	7	15	4	3	0	3	0
Pct 9707	Election Day	9707	1	799	121	15.14	48	34	7	15	0	17	0
Pct 9707	VBM	9707	1	799	355	44.43	111	117	26	47	1	57	0
Pct 9708	Election Day	9708	1	919	193	21	40	52	23	38	0	39	0
Pct 9708	VBM	9708	1	919	324	35.26	77	88	33	49	1	74	0
Pct 9709	Election Day	9709	1	998	196	19.64	58	43	20	27	1	46	0
Pct 9709	VBM	9709	1	998	355	35.57	112	82	23	59	1	76	1
Pct 9711	Election Day	9711	1	625	167	26.72	39	51	11	33	2	31	0
Pct 9711	VBM	9711	1	625	254	40.64	85	88	11	33	2	33	2
Pct 9712	Election Day	9712	1	651	134	20.58	52	26	6	28	1	22	0
Pct 9712	VBM	9712	1	651	288	44.24	101	86	12	50	0	38	0
Pct 9713	Election Day	9713	1	930	161	17.31	35	43	12	18	1	52	0
Pct 9713	VBM	9713	1	930	362	38.92	107	99	35	48	0	72	0
Pct 9714	Election Day	9714	1	911	154	16.9	55	40	10	20	0	29	0
Pct 9714	VBM	9714	1	911	367	40.29	132	106	23	40	0	64	0
Pct 9715	Election Day	9715	1	566	162	28.62	59	33	13	25	2	30	0
Pct 9715	VBM	9715	1	566	218	38.52	106	50	13	22	0	25	1
Pct 9716	Election Day	9716	1	928	198	21.34	55	55	32	18	0	38	1
Pct 9716	VBM	9716	1	928	368	39.66	106	112	31	54	0	61	0
Pct 9717	Election Day	9717	1	967	206	21.3	60	56	20	25	2	44	0
Pct 9717	VBM	9717	1	967	371	38.37	137	113	32	52	0	31	0
Pct 9718	Election Day	9718	1	843	183	21.71	69	38	22	29	0	26	1
Pct 9718	VBM	9718	1	843	385	45.67	132	106	30	52	2	59	1
Pct 9719	Election Day	9719	1	863	186	21.55	70	51	12	20	0	33	0
Pct 9719	VBM	9719	1	863	389	45.08	139	113	17	50	2	67	0
Pct 9721	Election Day	9721	1	653	182	27.87	69	42	10	27	2	33	0
Pct 9721	VBM	9721	1	653	250	38.28	82	71	14	27	0	55	0
Pct 9722	Election Day	9722	1	593	86	14.5	32	17	6	14	0	17	0
Pct 9722	VBM	9722	1	593	269	45.36	112	74	15	33	0	37	1
Pct 9723	Election Day	9723	1	458	74	16.16	28	25	1	5	0	15	0
Pct 9723	VBM	9723	1	458	198	43.23	70	55	7	26	1	38	0
Pct 9724	Election Day	9724	1	950	144	15.16	51	43	9	16	1	23	1
Pct 9724	VBM	9724	1	950	386	40.63	129	107	29	42	0	79	1
Pct 9725	Election Day	9725	1	941	118	12.54	45	19	6	14	0	34	1
Pct 9725	VBM	9725	1	941	350	37.19	117	81	27	50	2	73	0
Pct 9726	Election Day	9726	1	685	83	12.12	22	27	9	9	1	15	0
Pct 9726	VBM	9726	1	685	137	20	38	55	11	14	2	17	0
Pct 9727	Election Day	9727	1	435	60	13.79	25	19	2	2	0	11	0
Pct 9727	VBM	9727	1	435	205	47.13	93	49	7	21	0	33	0
Pct 9728	Election Day	9728	1	906	204	22.52	80	47	12	31	1	33	0
Pct 9728	VBM	9728	1	906	378	41.72	157	101	22	44	1	55	0
Pct 9729	Election Day	9729	1	782	161	20.59	71	40	4	13	0	32	0
Pct 9729	VBM	9729	1	782	304	38.87	130	70	11	30	0	63	0
Pct 9731	Election Day	9731	1	529	138	26.09	60	33	5	19	0	21	0
Pct 9731	VBM	9731	1	529	189	35.73	77	40	9	22	1	39	1
Pct 9732 MB	Election Day	9732	1	73	3	4.11	0	3	0	0	0	0	0
Pct 9732 MB	VBM	9732	1	73	43	58.9	18	10	4	5	0	5	0
Pct 9733 MB	Election Day	9733	1	224	4	1.79	0	1	0	0	0	2	0
Pct 9733 MB	VBM	9733	1	224	146	65.18	41	57	12	16	1	18	1
Pct 9734	Election Day	9734	1	577	122	21.14	60	28	1	13	0	20	0
Pct 9734	VBM	9734	1	577	261	45.23	97	85	2	35	0	41	0
Pct 9735	Election Day	9735	1	782	167	21.36	46	56	6	20	1	35	2
Pct 9735	VBM	9735	1	782	344	43.99	133	122	8	38	1	42	0
Pct 9736	Election Day	9736	1	699	145	20.74	60	31	6	16	3	29	0
Pct 9736	VBM	9736	1	699	305	43.63	96	102	17	37	1	51	0
Pct 9737	Election Day	9737	1	792	175	22.1	50	55	18	28	0	25	0
Pct 9737	VBM	9737	1	792	343	43.31	119	105	28	43	0	51	0
Pct 9738	Election Day	9738	1	830	99	11.93	26	23	12	18	1	19	0
Pct 9738	VBM	9738	1	830	263	31.69	82	79	22	50	1	24	1
Pct 9739	Election Day	9739	1	826	126	15.25	22	38	22	28	0	15	1
Pct 9739	VBM	9739	1	826	193	23.37	48	70	19	36	0	23	0
Pct 9741	Election Day	9741	1	1022	19	1.86	1	7	2	7	0	2	0
Pct 9741	VBM	9741	1	1022	24	2.35	3	10	3	6	0	2	0
Pct 9742	Election Day	9742	1	647	134	20.71	37	40	9	30	0	18	0
Pct 9742	VBM	9742	1	647	187	28.9	66	43	11	25	0	41	0
Pct 9743	Election Day	9743	1	1093	172	15.74	26	64	22	31	1	27	1
Pct 9743	VBM	9743	1	1093	317	29	80	125	25	47	0	38	0
Pct 9744	Election Day	9744	1	902	141	15.63	37	42	20	20	1	21	0
Pct 9744	VBM	9744	1	902	234	25.94	53	76	29	42	0	33	0
Pct 9745	Election Day	9745	1	934	141	15.1	29	47	14	23	1	27	0
Pct 9745	VBM	9745	1	934	205	21.95	44	82	20	39	2	18	1
Pct 9746	Election Day	9746	1	867	192	22.15	63	55	10	28	2	34	0
Pct 9746	VBM	9746	1	867	334	38.52	120	94	21	50	1	46	0
Pct 9747	Election Day	9747	1	940	198	21.06	49	70	24	26	0	29	0
Pct 9747	VBM	9747	1	940	323	34.36	64	105	36	62	3	53	0
Pct 9748	Election Day	9748	1	913	164	17.96	48	43	14	31	2	26	0
Pct 9748	VBM	9748	1	913	342	37.46	96	96	26	60	1	60	0
Pct 9749	Election Day	9749	1	893	143	16.01	19	38	27	27	0	32	1
Pct 9749	VBM	9749	1	893	266	29.79	59	90	41	33	2	41	0
Pct 9751	Election Day	9751	1	977	157	16.07	50	46	9	24	2	27	0
Pct 9751	VBM	9751	1	977	384	39.3	96	136	30	64	0	56	0
Pct 9752	Election Day	9752	1	692	143	20.66	36	42	10	28	0	26	1
Pct 9752	VBM	9752	1	692	305	44.08	78	113	28	36	2	46	0
Pct 9753	Election Day	9753	1	735	148	20.14	27	56	15	18	2	30	0
Pct 9753	VBM	9753	1	735	266	36.19	68	101	34	30	0	34	0
Pct 9754	Election Day	9754	1	701	169	24.11	46	52	27	27	0	17	0
Pct 9754	VBM	9754	1	701	296	42.23	67	103	29	56	0	40	0
Pct 9755	Election Day	9755	1	553	120	21.7	22	50	20	16	0	13	0
Pct 9755	VBM	9755	1	553	201	36.35	47	76	19	30	0	29	0
Pct 9756	Election Day	9756	1	908	126	13.88	20	46	16	21	0	24	0
Pct 9756	VBM	9756	1	908	297	32.71	83	90	22	54	0	39	3
Pct 9801	Election Day	9801	1	399	76	19.05	11	24	12	14	0	15	0
Pct 9801	VBM	9801	1	399	148	37.09	19	57	25	31	0	16	0
Pct 9900 MB	Election Day	9900	1	0	0	0	0	0	0	0	0	0	0
Pct 9900 MB	VBM	9900	1	0	0	0	0	0	0	0	0	0	0
Pct 9901 MB	Election Day	9901	1	0	0	0	0	0	0	0	0	0	0
Pct 9901 MB	VBM	9901	1	0	0	0	0	0	0	0	0	0	0
Pct 9902 MB	Election Day	9902	1	0	0	0	0	0	0	0	0	0	0
Pct 9902 MB	VBM	9902	1	0	0	0	0	0	0	0	0	0	0
