DistrictName	ReportingType	DistrictLabel	Precincts	Registration	Ballots Cast	Turnout (%)	JEFF BLEICH	ELENI KOUNALAKIS	CAMERON GHARABIKLOU	TIM FERREIRA	DAVID FENNELL	DANNY THOMAS	COLE HARRIS	ED HERNANDEZ	DAVID R. HERNANDEZ	LYDIA ORTEGA	GAYLE MCLAUGHLIN	WRITE-IN	WRITE-IN MARJAN S. FARIBA	Under Vote	Over Vote
12TH CONGRESSIONAL DISTRICT	NA	Congressional:12	529	426647	225359	52.82	41253	57858	1748	3003	4634	1760	9302	33750	4113	6012	33742	454	4	27219	507
13TH CONGRESSIONAL DISTRICT	NA	Congressional:13	1	0	0	0	0	0	0	0	0	0	0	0	0	0	0	0	0	0	0
14TH CONGRESSIONAL DISTRICT	NA	Congressional:14	74	55344	28223	51	4829	6593	248	333	927	181	1644	5185	1050	1164	2665	78	0	3245	81
11TH SENATORIAL DISTRICT	NA	Senatorial:11	604	481991	253582	52.61	46082	64451	1996	3336	5561	1941	10946	38935	5163	7176	36407	532	4	30464	588
17TH ASSEMBLY DISTRICT	NA	Assembly:17	353	280269	147300	52.56	26521	39324	1241	1938	2398	1332	5637	21662	1956	3359	23867	292	2	17393	378
19TH ASSEMBLY DISTRICT	NA	Assembly:19	251	201722	106282	52.69	19561	25127	755	1398	3163	609	5309	17273	3207	3817	12540	240	2	13071	210
BART DISTRICT 4	NA	BART:4	1	0	0	0	0	0	0	0	0	0	0	0	0	0	0	0	0	0	0
BART DISTRICT 7	NA	BART:7	46	36166	15261	42.2	2507	4279	167	275	250	192	781	2593	233	506	1414	43	0	1971	50
BART DISTRICT 8	NA	BART:8	266	215670	112119	51.99	20594	26370	857	1492	3409	830	6250	18105	3271	4124	11972	250	2	14369	224
BART DISTRICT 9	NA	BART:9	291	230155	126202	54.83	22981	33802	972	1569	1902	919	3915	18237	1659	2546	23021	239	2	14124	314
SUPERVISORIAL DISTRICT 1	NA	Supervisorial:1	48	40919	22431	54.82	3946	5141	157	280	583	124	961	3651	588	709	3512	46	0	2691	42
SUPERVISORIAL DISTRICT 2	NA	Supervisorial:2	62	48242	24389	50.56	5832	6541	119	362	741	78	1288	3241	587	802	1835	28	1	2884	50
SUPERVISORIAL DISTRICT 3	NA	Supervisorial:3	45	38273	18567	48.51	3341	4409	173	264	436	243	1082	2914	289	524	2141	35	0	2675	41
SUPERVISORIAL DISTRICT 4	NA	Supervisorial:4	48	41216	21994	53.36	3298	4625	180	313	765	179	1263	3711	768	934	2704	68	1	3154	31
SUPERVISORIAL DISTRICT 5	NA	Supervisorial:5	67	52114	28694	55.06	5522	7713	216	343	354	136	630	3892	319	434	5653	53	0	3354	75
SUPERVISORIAL DISTRICT 6	NA	Supervisorial:6	48	41151	17498	42.52	2983	4632	226	338	334	260	859	2729	231	528	2115	42	1	2153	67
SUPERVISORIAL DISTRICT 7	NA	Supervisorial:7	63	46301	26230	56.65	5315	6790	185	304	885	158	1423	3853	788	925	2611	45	0	2902	46
SUPERVISORIAL DISTRICT 8	NA	Supervisorial:8	71	56415	36014	63.84	7519	11231	194	389	393	139	749	4432	281	472	6311	54	1	3804	45
SUPERVISORIAL DISTRICT 9	NA	Supervisorial:9	54	41665	22565	54.16	3452	5127	180	275	298	193	719	3542	384	505	5355	52	0	2418	65
SUPERVISORIAL DISTRICT 10	NA	Supervisorial:10	53	39848	17900	44.92	2626	4635	199	259	305	249	929	3217	318	557	2162	48	0	2340	56
SUPERVISORIAL DISTRICT 11	NA	Supervisorial:11	45	35847	17300	48.26	2248	3607	167	209	467	182	1043	3753	610	786	2008	61	0	2089	70
CITY/COUNTY OF SAN FRANCISCO	NA	City:0	604	481991	253582	52.61	46082	64451	1996	3336	5561	1941	10946	38935	5163	7176	36407	532	4	30464	588
BAYVIEW/HUNTERS POINT	NA	Neighborhood:BAYVW/HTRSPT	27	19131	7881	41.19	919	2086	101	110	133	137	418	1595	153	295	734	25	0	1141	34
CHINATOWN	NA	Neighborhood:CHINA	20	16742	8038	48.01	1430	1828	90	120	177	116	473	1262	131	235	806	15	0	1342	13
CIVIC CENTER/DOWNTOWN	NA	Neighborhood:CVC CTR/DWTN	33	27631	12231	44.27	1858	2932	136	189	272	219	626	2071	197	332	1749	28	0	1573	49
DIAMOND HEIGHTS	NA	Neighborhood:DIAMD HTS	9	6857	4487	65.44	1039	1443	22	37	80	33	156	581	34	87	535	8	0	418	14
EXCELSIOR (OUTER MISSION)	NA	Neighborhood:EXCELSIOR	33	26541	12895	48.59	1709	2563	132	152	373	143	822	2769	451	586	1549	39	0	1557	50
HAIGHT ASHBURY	NA	Neighborhood:HAIGHT ASH	18	14552	8410	57.79	1771	2183	62	92	82	20	137	1002	60	98	1907	12	0	964	20
INGLESIDE	NA	Neighborhood:INGLESIDE	14	11506	5461	47.46	683	1285	55	68	119	48	289	1209	191	228	569	23	0	674	20
INNER SUNSET	NA	Neighborhood:INNER SUNSET	13	9393	5438	57.89	1121	1330	30	63	80	17	112	803	90	112	1065	10	0	599	6
LAKE MERCED	NA	Neighborhood:LAKE MERCED	10	8641	3424	39.63	540	858	37	35	141	21	226	593	152	134	301	9	0	371	6
LAUREL HEIGHTS/ANZA VISTA	NA	Neighborhood:LRL HTS/ANZA	13	9744	5037	51.69	1057	1291	27	66	116	10	146	773	104	131	727	6	0	569	14
MARINA/PACIFIC HEIGHTS	NA	Neighborhood:MAR/PAC HTS	49	38757	19070	49.2	4464	5232	99	292	601	64	1032	2494	435	626	1379	22	1	2284	45
MISSION	NA	Neighborhood:MISSION	37	30096	16088	53.46	2542	3613	115	210	132	111	315	2343	229	291	4429	43	0	1678	37
NOE VALLEY	NA	Neighborhood:NOE VALLEY	19	16415	10583	64.47	2288	3236	59	121	140	19	228	1337	77	144	1806	15	0	1105	8
NORTH BERNAL HTS	NA	Neighborhood:N BERNAL HTS	12	8622	5494	63.72	945	1451	37	56	41	22	88	736	53	88	1408	14	0	544	11
NORTH EMBARCADERO	NA	Neighborhood:N EMBRCDRO	8	6827	3580	52.44	726	916	24	50	101	41	220	522	52	115	359	6	0	440	8
PORTOLA	NA	Neighborhood:PORTOLA	13	8914	4445	49.87	578	904	44	62	152	83	377	838	118	185	476	14	0	593	21
POTRERO HILL	NA	Neighborhood:POTRERO HILL	17	15511	7917	51.04	1643	2245	60	125	116	37	241	1069	70	169	1234	11	0	886	11
RICHMOND	NA	Neighborhood:RICHMOND	41	35688	19724	55.27	3398	4493	136	249	517	118	871	3228	519	634	3101	41	0	2384	35
SEA CLIFF/PRESIDIO HEIGHTS	NA	Neighborhood:SECLF/PREHTS	10	7813	4593	58.79	1180	1142	30	52	121	21	257	614	130	148	359	8	0	528	3
SOUTH BERNAL HEIGHT	NA	Neighborhood:S BERNAL HTS	13	9230	5452	59.07	1025	1521	33	57	68	32	131	747	79	86	1072	8	0	586	7
SOUTH OF MARKET	NA	Neighborhood:SOMA	27	23278	10026	43.07	1877	2730	130	205	190	106	538	1457	118	301	1132	21	1	1185	35
SUNSET	NA	Neighborhood:SUNSET	47	40651	21684	53.34	3257	4550	176	310	759	179	1252	3658	763	918	2639	67	1	3124	31
UPPER MARKET/EUREKA VALLEY	NA	Neighborhood:UPRMKT/EURKA	22	18424	12111	65.73	2542	4153	68	125	90	48	213	1429	78	114	1944	10	1	1280	16
VISITATION VALLEY	NA	Neighborhood:VISITA VLY	13	7867	3226	41.01	339	645	49	47	71	81	305	722	100	141	225	15	0	475	11
WEST OF TWIN PEAKS	NA	Neighborhood:W TWIN PKS	47	33960	20797	61.24	4448	5480	124	247	701	120	1107	2894	598	736	1992	32	0	2279	39
WESTERN ADDITION	NA	Neighborhood:WST ADDITION	39	29200	15490	53.05	2703	4341	120	196	188	95	366	2189	181	242	2910	30	0	1885	44
