PrecinctName	ReportingType	PrecinctID	Precincts	Registration	Ballots Cast	Turnout (%)	JEFF BLEICH	ELENI KOUNALAKIS	CAMERON GHARABIKLOU	TIM FERREIRA	DAVID FENNELL	DANNY THOMAS	COLE HARRIS	ED HERNANDEZ	DAVID R. HERNANDEZ	LYDIA ORTEGA	GAYLE MCLAUGHLIN	WRITE-IN	WRITE-IN MARJAN S. FARIBA	Under Vote	Over Vote
Pct 1101	Election Day	1101	1	544	83	15.26	17	18	1	1	1	0	1	16	4	1	13	0	0	10	0
Pct 1101	VBM	1101	1	544	198	36.4	32	46	1	1	9	2	10	40	6	10	22	1	0	17	1
Pct 1102	Election Day	1102	1	964	188	19.5	25	44	2	3	4	0	3	43	7	4	27	0	0	26	0
Pct 1102	VBM	1102	1	964	337	34.96	37	86	2	7	11	1	24	63	7	7	45	0	0	47	0
Pct 1103	Election Day	1103	1	914	163	17.83	34	35	0	1	3	2	4	34	6	4	24	1	0	15	0
Pct 1103	VBM	1103	1	914	348	38.07	66	78	1	5	9	3	35	52	10	20	39	0	0	29	1
Pct 1104/1105	Election Day	1104	1	953	167	17.52	17	32	2	3	6	2	13	38	6	6	26	0	0	15	1
Pct 1104/1105	VBM	1104	1	953	292	30.64	44	45	5	5	3	5	9	65	11	11	46	0	0	42	1
Pct 1106	Election Day	1106	1	740	113	15.27	12	33	0	3	1	1	3	26	6	2	18	0	0	8	0
Pct 1106	VBM	1106	1	740	231	31.22	28	52	2	4	7	2	20	50	5	13	29	1	0	18	0
Pct 1107	Election Day	1107	1	721	101	14.01	17	27	1	1	0	2	3	17	4	7	12	0	0	10	0
Pct 1107	VBM	1107	1	721	240	33.29	33	50	0	5	7	0	13	50	12	6	22	1	0	40	1
Pct 1108	Election Day	1108	1	882	156	17.69	22	45	2	0	1	1	3	20	4	6	22	2	0	28	0
Pct 1108	VBM	1108	1	882	328	37.19	38	108	3	4	5	1	9	74	12	12	29	0	0	32	1
Pct 1109	Election Day	1109	1	758	124	16.36	25	26	0	3	1	2	6	20	5	4	18	0	0	14	0
Pct 1109	VBM	1109	1	758	265	34.96	46	50	0	4	10	4	9	65	18	10	18	0	0	31	0
Pct 1111	Election Day	1111	1	938	132	14.07	17	24	3	2	3	1	2	28	3	7	27	0	0	15	0
Pct 1111	VBM	1111	1	938	330	35.18	42	72	2	0	4	2	21	77	12	16	33	2	0	47	0
Pct 1112	Election Day	1112	1	702	96	13.68	11	21	2	1	1	0	2	24	1	2	13	1	0	14	3
Pct 1112	VBM	1112	1	702	221	31.48	24	45	4	1	10	1	12	61	8	4	15	0	0	34	2
Pct 1113	Election Day	1113	1	701	82	11.7	11	19	0	0	1	0	4	16	3	1	17	1	0	9	0
Pct 1113	VBM	1113	1	701	272	38.8	31	40	1	0	10	4	16	53	17	20	35	1	0	40	4
Pct 1114	Election Day	1114	1	915	139	15.19	21	29	2	1	4	1	1	24	6	6	21	1	0	21	1
Pct 1114	VBM	1114	1	915	280	30.6	39	43	4	6	8	1	20	70	8	18	39	0	0	24	0
Pct 1115	Election Day	1115	1	835	97	11.62	14	23	0	1	5	2	0	21	2	2	15	2	0	10	0
Pct 1115	VBM	1115	1	835	279	33.41	29	52	4	7	13	4	23	44	6	21	22	0	0	52	2
Pct 1116	Election Day	1116	1	842	141	16.75	17	36	1	1	2	1	2	33	5	5	19	0	0	19	0
Pct 1116	VBM	1116	1	842	275	32.66	35	64	0	3	9	2	19	59	8	11	20	1	0	40	4
Pct 1117	Election Day	1117	1	827	138	16.69	19	30	2	3	1	2	7	37	8	2	9	2	0	16	0
Pct 1117	VBM	1117	1	827	240	29.02	22	56	3	2	4	2	19	63	9	12	25	1	0	22	0
Pct 1118	Election Day	1118	1	974	158	16.22	18	41	2	5	5	4	3	27	2	7	26	0	0	17	1
Pct 1118	VBM	1118	1	974	335	34.39	32	94	2	1	7	3	24	75	11	16	29	1	0	36	4
Pct 1119	Election Day	1119	1	745	97	13.02	14	23	1	0	0	0	3	22	1	3	20	2	0	8	0
Pct 1119	VBM	1119	1	745	274	36.78	29	71	3	6	4	2	22	62	7	19	23	1	0	25	0
Pct 1121	Election Day	1121	1	653	104	15.93	20	16	1	1	5	0	3	18	4	7	13	0	0	16	0
Pct 1121	VBM	1121	1	653	221	33.84	27	46	2	0	6	1	21	48	11	6	22	0	0	30	1
Pct 1122	Election Day	1122	1	607	69	11.37	8	14	0	0	2	0	2	19	0	5	8	1	0	10	0
Pct 1122	VBM	1122	1	607	213	35.09	20	33	1	2	7	2	25	30	7	12	20	1	0	52	1
Pct 1123	Election Day	1123	1	876	118	13.47	14	38	1	2	1	3	4	20	5	1	12	2	0	15	0
Pct 1123	VBM	1123	1	876	254	29	29	56	2	1	5	0	27	61	14	16	20	2	0	20	1
Pct 1124	Election Day	1124	1	773	109	14.1	11	28	4	1	1	1	1	25	5	4	6	1	0	20	1
Pct 1124	VBM	1124	1	773	200	25.87	21	44	1	5	7	1	8	62	6	9	17	0	0	19	0
Pct 1125	Election Day	1125	1	987	80	8.11	9	9	2	0	1	1	3	24	2	6	11	1	0	11	0
Pct 1125	VBM	1125	1	987	329	33.33	42	61	6	6	10	1	28	91	9	18	19	2	0	31	5
Pct 1126	Election Day	1126	1	900	92	10.22	16	21	0	0	1	0	3	24	3	2	12	0	0	10	0
Pct 1126	VBM	1126	1	900	292	32.44	42	48	7	1	8	1	15	88	8	10	18	3	0	39	4
Pct 1127	Election Day	1127	1	875	141	16.11	20	31	1	3	4	0	3	30	7	4	17	2	0	17	2
Pct 1127	VBM	1127	1	875	277	31.66	35	46	3	0	9	0	22	69	19	11	20	0	0	41	2
Pct 1128	Election Day	1128	1	813	104	12.79	12	16	1	2	2	1	6	22	8	4	13	1	0	16	0
Pct 1128	VBM	1128	1	813	246	30.26	29	35	4	5	8	4	25	67	10	13	15	0	0	30	1
Pct 1129	Election Day	1129	1	924	120	12.99	18	30	3	3	2	0	8	21	6	2	15	1	0	11	0
Pct 1129	VBM	1129	1	924	274	29.65	24	41	2	1	8	2	18	95	10	23	26	0	0	24	0
Pct 1131	Election Day	1131	1	783	85	10.86	19	12	1	1	5	1	4	15	5	5	7	1	0	9	0
Pct 1131	VBM	1131	1	783	288	36.78	45	50	2	6	14	3	23	78	13	16	16	0	0	21	1
Pct 1132	Election Day	1132	1	910	112	12.31	17	20	3	4	2	0	6	20	4	2	17	0	0	17	0
Pct 1132	VBM	1132	1	910	324	35.6	43	67	3	2	14	2	21	61	12	24	19	0	0	52	4
Pct 1133	Election Day	1133	1	826	99	11.99	13	22	0	1	2	4	3	19	6	2	16	0	0	11	0
Pct 1133	VBM	1133	1	826	292	35.35	47	62	3	4	16	3	5	56	7	17	34	3	0	35	0
Pct 1134	Election Day	1134	1	727	126	17.33	19	32	1	5	0	1	2	26	7	1	19	2	0	11	0
Pct 1134	VBM	1134	1	727	241	33.15	39	35	1	1	6	0	7	61	12	12	17	0	0	50	0
Pct 1135	Election Day	1135	1	511	71	13.89	8	19	1	1	0	0	2	15	1	5	10	0	0	9	0
Pct 1135	VBM	1135	1	511	217	42.47	23	55	4	4	1	2	16	41	8	14	19	1	0	29	0
Pct 1136	Election Day	1136	1	807	97	12.02	9	22	1	2	2	0	6	19	6	6	11	1	0	11	1
Pct 1136	VBM	1136	1	807	287	35.56	39	57	2	6	9	3	21	66	15	8	21	2	0	38	0
Pct 1141	Election Day	1141	1	998	149	14.93	18	36	1	0	2	0	10	32	2	5	24	1	0	18	0
Pct 1141	VBM	1141	1	998	368	36.87	57	74	4	1	16	5	23	84	3	17	46	0	0	36	2
Pct 1142	Election Day	1142	1	822	120	14.6	15	23	1	2	0	4	9	27	5	1	18	0	0	15	0
Pct 1142	VBM	1142	1	822	266	32.36	37	49	2	3	8	5	17	56	8	12	42	0	0	27	0
Pct 1143	Election Day	1143	1	989	147	14.86	18	19	2	1	1	3	4	42	4	9	33	1	0	10	0
Pct 1143	VBM	1143	1	989	311	31.45	27	51	4	4	10	2	22	67	7	21	43	2	0	50	1
Pct 1144	Election Day	1144	1	870	148	17.01	21	35	2	2	0	1	11	29	5	3	24	0	0	14	1
Pct 1144	VBM	1144	1	870	264	30.34	22	55	7	3	10	8	29	40	8	11	42	0	0	29	0
Pct 1145	Election Day	1145	1	879	136	15.47	20	33	1	1	4	0	5	21	4	4	27	0	0	16	0
Pct 1145	VBM	1145	1	879	370	42.09	63	94	1	4	9	7	18	55	2	18	60	1	0	37	1
Pct 1146	Election Day	1146	1	971	124	12.77	18	21	0	1	4	3	4	20	5	5	31	2	0	10	0
Pct 1146	VBM	1146	1	971	326	33.57	38	68	1	2	5	7	23	84	10	10	36	0	0	39	3
Pct 1147	Election Day	1147	1	853	166	19.46	15	29	0	1	2	1	7	29	12	4	40	1	0	25	0
Pct 1147	VBM	1147	1	853	279	32.71	29	48	1	2	16	5	13	58	3	18	47	0	0	36	3
Pct 1148	Election Day	1148	1	918	121	13.18	24	13	0	3	6	4	4	30	6	4	14	0	0	13	0
Pct 1148	VBM	1148	1	918	314	34.2	35	61	3	5	13	9	34	58	9	12	31	0	0	44	0
Pct 1149	Election Day	1149	1	873	148	16.95	12	30	4	2	5	1	7	30	6	11	24	0	0	15	1
Pct 1149	VBM	1149	1	873	285	32.65	32	54	4	3	2	5	32	66	7	13	38	0	0	27	2
Pct 1151 MB	Election Day	1151	1	0	0	0	0	0	0	0	0	0	0	0	0	0	0	0	0	0	0
Pct 1151 MB	VBM	1151	1	0	0	0	0	0	0	0	0	0	0	0	0	0	0	0	0	0	0
Pct 1152	Election Day	1152	1	838	125	14.92	22	23	0	0	7	1	9	9	4	9	24	1	0	16	0
Pct 1152	VBM	1152	1	838	286	34.13	36	56	3	6	7	10	24	68	9	18	22	0	0	26	1
Pct 1153	Election Day	1153	1	909	139	15.29	21	34	1	0	7	0	5	29	8	6	9	0	0	16	3
Pct 1153	VBM	1153	1	909	306	33.66	32	77	4	3	6	4	30	59	13	15	25	3	0	34	1
Pct 1154 MB	Election Day	1154	1	0	0	0	0	0	0	0	0	0	0	0	0	0	0	0	0	0	0
Pct 1154 MB	VBM	1154	1	0	0	0	0	0	0	0	0	0	0	0	0	0	0	0	0	0	0
Pct 7001	Election Day	7001	1	735	119	16.19	20	26	1	0	0	2	2	19	2	2	27	1	0	17	0
Pct 7001	VBM	7001	1	735	266	36.19	53	77	2	2	2	2	8	38	3	2	45	1	0	31	0
Pct 7002	Election Day	7002	1	641	132	20.59	25	35	0	1	1	0	1	24	1	3	31	0	0	10	0
Pct 7002	VBM	7002	1	641	173	26.99	38	48	0	1	2	2	11	23	1	4	35	0	0	7	1
Pct 7003	Election Day	7003	1	864	188	21.76	51	46	3	1	0	2	6	17	1	2	42	0	0	17	0
Pct 7003	VBM	7003	1	864	340	39.35	74	114	2	5	8	0	8	30	3	6	63	0	0	27	0
Pct 7004	Election Day	7004	1	835	175	20.96	47	48	2	5	5	0	5	19	1	4	20	0	0	19	0
Pct 7004	VBM	7004	1	835	306	36.65	59	85	0	4	11	0	5	34	5	9	59	0	0	35	0
Pct 7005	Election Day	7005	1	812	180	22.17	31	47	1	2	1	0	3	25	1	2	46	0	0	21	0
Pct 7005	VBM	7005	1	812	295	36.33	74	84	0	4	3	1	9	36	1	4	53	0	0	26	0
Pct 7006	Election Day	7006	1	884	213	24.1	27	46	1	3	3	0	4	26	3	1	75	0	0	24	0
Pct 7006	VBM	7006	1	884	290	32.81	50	75	3	2	2	1	10	39	0	5	80	0	0	23	0
Pct 7007	Election Day	7007	1	916	233	25.44	54	57	0	5	2	0	1	37	1	4	46	0	0	26	0
Pct 7007	VBM	7007	1	916	323	35.26	89	91	2	1	2	0	7	38	0	5	54	0	0	33	1
Pct 7008	Election Day	7008	1	861	187	21.72	35	47	1	5	3	0	2	18	0	5	43	0	0	28	0
Pct 7008	VBM	7008	1	861	345	40.07	87	115	4	2	8	0	6	44	1	7	31	0	0	39	1
Pct 7009	Election Day	7009	1	864	133	15.39	26	22	4	3	0	3	8	20	1	3	30	0	0	13	0
Pct 7009	VBM	7009	1	864	312	36.11	42	101	2	2	9	1	11	55	6	4	48	0	0	31	0
Pct 7011	Election Day	7011	1	976	141	14.45	27	33	4	2	2	2	3	19	2	3	22	2	0	19	1
Pct 7011	VBM	7011	1	976	205	21	38	61	4	2	2	1	6	25	5	1	31	1	0	26	2
Pct 7012	Election Day	7012	1	1061	224	21.11	30	65	2	6	3	0	16	36	2	2	40	0	0	22	0
Pct 7012	VBM	7012	1	1061	383	36.1	64	118	3	5	4	2	13	56	1	10	54	0	0	52	1
Pct 7013	Election Day	7013	1	805	132	16.4	27	33	0	4	1	1	1	24	4	1	24	0	0	11	1
Pct 7013	VBM	7013	1	805	251	31.18	53	79	1	7	3	0	12	20	2	4	38	1	0	31	0
Pct 7014	Election Day	7014	1	1213	188	15.5	38	59	1	9	1	1	2	20	2	4	35	0	0	16	0
Pct 7014	VBM	7014	1	1213	434	35.78	118	133	2	9	2	2	11	54	2	7	58	1	0	35	0
Pct 7015 MB	Election Day	7015	1	93	0	0	0	0	0	0	0	0	0	0	0	0	0	0	0	0	0
Pct 7015 MB	VBM	7015	1	93	34	36.56	8	7	0	0	0	0	2	4	0	0	11	0	0	2	0
Pct 7016	Election Day	7016	1	891	112	12.57	4	31	1	2	0	4	1	22	3	5	14	0	0	24	1
Pct 7016	VBM	7016	1	891	221	24.8	30	47	3	4	0	8	16	51	3	7	12	1	0	37	2
Pct 7017	Election Day	7017	1	734	79	10.76	4	19	2	1	2	0	2	20	1	1	2	0	0	24	1
Pct 7017	VBM	7017	1	734	167	22.75	14	61	3	0	2	1	4	24	4	7	20	0	0	26	1
Pct 7018	Election Day	7018	1	908	88	9.69	13	21	1	0	1	1	6	15	2	1	11	0	0	16	0
Pct 7018	VBM	7018	1	908	343	37.78	31	73	2	2	6	13	28	80	6	16	20	3	0	61	2
Pct 7019	Election Day	7019	1	864	111	12.85	12	28	2	1	1	0	1	26	2	4	17	0	0	17	0
Pct 7019	VBM	7019	1	864	349	40.39	33	99	2	7	7	8	33	71	5	14	30	1	0	39	0
Pct 7021	Election Day	7021	1	927	129	13.92	8	28	2	2	0	2	7	27	1	3	28	0	0	21	0
Pct 7021	VBM	7021	1	927	220	23.73	31	59	2	4	0	4	6	47	6	11	22	0	0	28	0
Pct 7022	Election Day	7022	1	923	164	17.77	15	47	3	4	0	0	4	43	1	3	26	0	0	18	0
Pct 7022	VBM	7022	1	923	270	29.25	33	65	3	9	1	4	10	74	3	7	27	1	0	30	3
Pct 7023	Election Day	7023	1	906	131	14.46	15	46	2	0	0	3	8	23	2	2	7	1	0	20	2
Pct 7023	VBM	7023	1	906	301	33.22	52	93	1	0	3	2	15	62	1	7	26	1	0	38	0
Pct 7024	Election Day	7024	1	386	30	7.77	6	8	0	1	0	1	1	1	2	3	0	0	0	7	0
Pct 7024	VBM	7024	1	386	47	12.18	5	17	0	0	1	2	3	8	2	2	2	0	0	4	1
Pct 7025	Election Day	7025	1	448	66	14.73	6	14	0	7	1	1	5	11	2	1	8	0	0	10	0
Pct 7025	VBM	7025	1	448	78	17.41	14	17	3	0	0	1	3	11	0	4	15	0	0	10	0
Pct 7026	Election Day	7026	1	971	90	9.27	16	16	2	1	0	2	2	23	0	6	9	0	0	13	0
Pct 7026	VBM	7026	1	971	350	36.05	47	54	2	4	12	8	31	93	5	10	17	2	0	65	0
Pct 7027	Election Day	7027	1	845	136	16.09	13	39	1	1	2	2	6	24	4	3	15	1	0	25	0
Pct 7027	VBM	7027	1	845	271	32.07	23	85	3	2	12	3	21	38	4	16	22	2	0	39	1
Pct 7028	Election Day	7028	1	835	157	18.8	16	58	1	2	2	0	6	35	3	1	16	0	0	17	0
Pct 7028	VBM	7028	1	835	180	21.56	22	54	2	1	2	0	4	51	1	6	21	1	0	15	0
Pct 7029	Election Day	7029	1	855	115	13.45	20	39	4	3	0	0	3	15	3	3	5	0	0	19	1
Pct 7029	VBM	7029	1	855	166	19.42	29	54	0	2	2	4	8	20	2	4	23	1	0	16	1
Pct 7030	Election Day	7030	1	729	94	12.89	10	15	0	3	5	1	6	13	7	5	12	0	0	17	0
Pct 7030	VBM	7030	1	729	277	38	29	49	3	7	15	6	19	44	10	24	29	1	0	40	1
Pct 7031	Election Day	7031	1	611	50	8.18	3	13	0	3	0	3	1	11	0	2	3	0	0	11	0
Pct 7031	VBM	7031	1	611	224	36.66	20	52	8	7	6	4	20	40	4	9	9	0	0	44	1
Pct 7032	Election Day	7032	1	867	126	14.53	14	30	1	2	2	3	2	24	4	4	15	0	0	24	1
Pct 7032	VBM	7032	1	867	238	27.45	22	59	5	3	4	4	13	60	4	10	21	0	0	32	1
Pct 7033	Election Day	7033	1	765	135	17.65	20	28	5	3	2	3	4	22	4	6	15	3	0	19	1
Pct 7033	VBM	7033	1	765	181	23.66	24	57	3	2	5	1	4	35	6	6	16	0	0	20	2
Pct 7034	Election Day	7034	1	914	97	10.61	13	23	3	2	1	4	3	16	3	2	8	0	0	16	3
Pct 7034	VBM	7034	1	914	154	16.85	13	60	3	2	1	4	5	30	1	4	10	2	0	19	0
Pct 7035	Election Day	7035	1	553	73	13.2	9	21	1	0	2	2	4	13	0	1	7	1	0	12	0
Pct 7035	VBM	7035	1	553	170	30.74	18	61	1	3	4	3	8	33	1	6	14	1	0	17	0
Pct 7036	Election Day	7036	1	898	52	5.79	4	11	0	4	1	1	3	8	3	3	5	0	0	9	0
Pct 7036	VBM	7036	1	898	265	29.51	33	50	6	1	7	5	27	65	10	17	13	0	0	29	2
Pct 7037	Election Day	7037	1	730	73	10	12	16	1	1	0	5	1	10	2	2	5	0	0	18	0
Pct 7037	VBM	7037	1	730	64	8.77	7	21	0	1	1	1	4	14	2	5	3	0	0	5	0
Pct 7038	Election Day	7038	1	880	84	9.55	10	22	0	0	1	2	10	17	1	3	7	0	0	11	0
Pct 7038	VBM	7038	1	880	255	28.98	26	37	4	7	6	4	24	65	10	10	15	2	0	43	2
Pct 7039	Election Day	7039	1	768	111	14.45	13	24	0	0	3	0	12	18	6	8	13	0	0	14	0
Pct 7039	VBM	7039	1	768	225	29.3	24	53	1	2	7	9	32	44	3	5	13	1	0	31	0
Pct 7041 MB	Election Day	7041	1	60	0	0	0	0	0	0	0	0	0	0	0	0	0	0	0	0	0
Pct 7041 MB	VBM	7041	1	60	24	40	3	4	0	0	4	0	0	5	0	0	6	0	0	2	0
Pct 7042	Election Day	7042	1	632	75	11.87	9	15	1	2	0	0	6	15	5	3	9	0	0	10	0
Pct 7042	VBM	7042	1	632	191	30.22	26	47	0	3	3	6	19	37	4	6	17	0	0	20	3
Pct 7043	Election Day	7043	1	915	97	10.6	7	34	0	1	0	0	2	17	0	1	18	0	0	16	1
Pct 7043	VBM	7043	1	915	282	30.82	29	78	7	0	2	5	9	67	4	13	28	0	0	39	1
Pct 7044	Election Day	7044	1	805	86	10.68	13	12	1	1	1	2	4	21	1	2	4	1	0	23	0
Pct 7044	VBM	7044	1	805	125	15.53	14	30	1	0	2	2	12	32	5	7	6	0	0	13	1
Pct 7045	Election Day	7045	1	763	87	11.4	5	15	1	1	2	1	8	19	3	2	10	0	0	20	0
Pct 7045	VBM	7045	1	763	282	36.96	22	52	3	1	3	6	27	63	13	12	19	2	0	57	2
Pct 7046	Election Day	7046	1	385	54	14.03	6	13	0	1	2	0	3	12	2	0	7	1	0	7	0
Pct 7046	VBM	7046	1	385	136	35.32	13	34	5	7	1	1	18	21	5	5	12	1	0	12	1
Pct 7047	Election Day	7047	1	781	68	8.71	12	18	1	1	0	1	1	7	2	1	11	0	0	13	0
Pct 7047	VBM	7047	1	781	298	38.16	29	64	5	1	3	5	30	72	9	14	26	3	0	35	2
Pct 7048	Election Day	7048	1	815	94	11.53	8	17	3	2	2	0	5	34	4	3	5	0	0	11	0
Pct 7048	VBM	7048	1	815	248	30.43	23	47	3	4	5	5	16	70	5	16	15	2	0	37	0
Pct 7049	Election Day	7049	1	751	108	14.38	11	22	0	1	7	9	10	21	4	2	7	1	0	13	0
Pct 7049	VBM	7049	1	751	241	32.09	26	37	4	4	10	15	29	40	8	13	13	1	0	41	0
Pct 7051	Election Day	7051	1	839	70	8.34	5	14	1	3	2	3	3	15	0	3	9	0	0	11	1
Pct 7051	VBM	7051	1	839	302	36	37	43	10	2	7	8	39	71	5	14	16	1	0	48	1
Pct 7052	Election Day	7052	1	806	120	14.89	26	22	1	1	0	1	9	21	7	3	11	0	0	18	0
Pct 7052	VBM	7052	1	806	278	34.49	27	70	3	2	10	8	29	47	6	18	13	0	0	43	2
Pct 7053	Election Day	7053	1	548	44	8.03	3	16	0	2	0	1	2	5	0	1	3	1	0	10	0
Pct 7053	VBM	7053	1	548	205	37.41	42	53	4	2	7	3	16	37	2	8	9	0	0	22	0
Pct 7054	Election Day	7054	1	1024	141	13.77	15	34	2	2	2	1	2	30	2	6	27	0	0	16	2
Pct 7054	VBM	7054	1	1024	275	26.86	26	89	2	2	5	2	8	58	14	10	30	0	0	28	1
Pct 7055	Election Day	7055	1	699	83	11.87	18	24	1	0	0	0	1	10	2	0	12	1	0	14	0
Pct 7055	VBM	7055	1	699	256	36.62	37	70	2	5	14	2	9	37	3	8	29	0	0	40	0
Pct 7101 MB	Election Day	7101	1	141	2	1.42	0	1	1	0	0	0	0	0	0	0	0	0	0	0	0
Pct 7101 MB	VBM	7101	1	141	83	58.87	27	23	0	1	0	0	0	11	0	0	11	0	0	10	0
Pct 7201	Election Day	7201	1	900	147	16.33	35	44	0	4	3	0	8	20	0	3	11	0	0	19	0
Pct 7201	VBM	7201	1	900	333	37	67	101	2	9	6	1	23	40	6	6	31	0	0	39	2
Pct 7202	Election Day	7202	1	830	138	16.63	33	34	3	3	4	0	11	16	3	2	16	0	0	13	0
Pct 7202	VBM	7202	1	830	271	32.65	44	84	0	1	18	0	35	37	3	10	13	0	0	25	1
Pct 7203	Election Day	7203	1	867	174	20.07	32	54	2	2	1	0	12	18	1	5	24	0	0	23	0
Pct 7203	VBM	7203	1	867	243	28.03	49	81	3	1	8	1	9	34	3	12	20	0	0	22	0
Pct 7204	Election Day	7204	1	888	157	17.68	42	36	1	4	2	1	5	22	2	7	16	0	0	18	1
Pct 7204	VBM	7204	1	888	340	38.29	92	95	1	4	10	1	17	44	4	4	26	0	0	41	1
Pct 7205	Election Day	7205	1	847	183	21.61	47	55	0	4	3	1	6	20	5	7	19	0	0	16	0
Pct 7205	VBM	7205	1	847	309	36.48	85	78	2	1	4	1	28	42	2	13	24	0	0	27	2
Pct 7206	Election Day	7206	1	375	88	23.47	20	24	1	3	1	1	1	12	1	0	10	1	0	12	1
Pct 7206	VBM	7206	1	375	124	33.07	26	38	2	4	1	0	6	15	0	1	8	0	0	20	3
Pct 7207	Election Day	7207	1	744	119	15.99	24	29	0	1	1	2	7	19	1	7	11	0	0	17	0
Pct 7207	VBM	7207	1	744	231	31.05	50	77	4	3	5	1	10	28	4	5	16	0	0	28	0
Pct 7208	Election Day	7208	1	567	76	13.4	9	26	0	0	1	0	2	10	0	3	14	0	0	11	0
Pct 7208	VBM	7208	1	567	206	36.33	38	63	2	3	8	1	11	28	3	4	19	0	0	21	5
Pct 7209	Election Day	7209	1	586	69	11.77	17	20	0	1	0	2	2	13	1	1	2	0	0	10	0
Pct 7209	VBM	7209	1	586	326	55.63	69	102	1	2	11	3	24	44	1	9	22	0	0	38	0
Pct 7301	Election Day	7301	1	1002	150	14.97	19	36	2	1	6	7	9	23	3	4	14	0	0	25	1
Pct 7301	VBM	7301	1	1002	299	29.84	50	57	5	3	16	4	16	62	9	17	13	0	0	46	1
Pct 7302	Election Day	7302	1	806	121	15.01	27	21	0	0	2	1	7	19	3	2	21	0	0	18	0
Pct 7302	VBM	7302	1	806	352	43.67	72	96	2	5	14	7	19	57	4	10	27	0	0	37	2
Pct 7303	Election Day	7303	1	986	167	16.94	38	34	1	5	1	0	5	20	1	7	27	1	0	27	0
Pct 7303	VBM	7303	1	986	318	32.25	58	97	1	7	9	1	12	51	4	13	25	0	0	38	2
Pct 7304	Election Day	7304	1	972	203	20.88	45	58	1	2	5	2	10	26	4	6	20	1	0	23	0
Pct 7304	VBM	7304	1	972	330	33.95	80	89	4	1	13	2	23	43	3	3	24	2	0	42	1
Pct 7305	Election Day	7305	1	851	171	20.09	40	41	0	3	3	2	16	20	4	6	27	1	0	8	0
Pct 7305	VBM	7305	1	851	306	35.96	50	89	0	5	10	1	26	36	3	9	31	0	0	46	0
Pct 7306	Election Day	7306	1	1014	179	17.65	27	30	0	6	3	5	9	30	1	2	31	1	0	34	0
Pct 7306	VBM	7306	1	1014	302	29.78	58	72	3	4	6	0	16	44	6	11	34	0	0	47	1
Pct 7307	Election Day	7307	1	726	143	19.7	31	37	3	4	0	1	5	25	1	4	21	0	0	11	0
Pct 7307	VBM	7307	1	726	226	31.13	42	60	0	5	3	4	21	35	4	5	22	0	0	25	0
Pct 7308	Election Day	7308	1	598	133	22.24	34	32	1	3	2	1	9	16	0	2	17	0	0	16	0
Pct 7308	VBM	7308	1	598	204	34.11	43	56	1	2	4	1	9	29	2	13	23	0	0	20	1
Pct 7309	Election Day	7309	1	826	160	19.37	41	37	0	4	1	0	11	22	2	1	25	0	0	16	0
Pct 7309	VBM	7309	1	826	209	25.3	38	53	1	4	5	2	13	30	0	4	25	0	0	34	0
Pct 7311	Election Day	7311	1	901	175	19.42	48	44	0	3	2	0	7	17	1	5	24	1	0	23	0
Pct 7311	VBM	7311	1	901	266	29.52	62	82	0	1	5	1	8	40	3	7	26	0	0	30	1
Pct 7312	Election Day	7312	1	810	128	15.8	36	34	0	4	6	2	5	11	1	4	11	0	0	14	0
Pct 7312	VBM	7312	1	810	332	40.99	90	91	3	2	10	1	20	34	6	10	19	0	0	45	1
Pct 7313	Election Day	7313	1	925	135	14.59	27	30	0	3	1	3	4	17	1	1	24	0	0	24	0
Pct 7313	VBM	7313	1	925	315	34.05	67	71	2	4	9	2	28	52	7	7	24	0	0	41	1
Pct 7314	Election Day	7314	1	760	92	12.11	12	12	2	3	4	1	5	11	1	5	8	0	0	26	2
Pct 7314	VBM	7314	1	760	213	28.03	19	26	11	3	1	12	12	40	2	6	16	1	0	64	0
Pct 7315	Election Day	7315	1	725	119	16.41	18	23	3	0	4	3	5	16	1	2	29	0	0	15	0
Pct 7315	VBM	7315	1	725	178	24.55	27	35	1	3	4	0	7	35	6	11	17	0	0	32	0
Pct 7316	Election Day	7316	1	824	122	14.81	18	29	3	3	2	1	7	19	0	3	21	0	0	16	0
Pct 7316	VBM	7316	1	824	266	32.28	46	60	3	5	5	0	15	52	5	5	26	0	0	44	0
Pct 7317	Election Day	7317	1	886	117	13.21	27	31	0	0	5	2	6	11	1	3	17	0	0	14	0
Pct 7317	VBM	7317	1	886	340	38.37	70	82	3	4	8	5	27	49	6	11	30	1	0	44	0
Pct 7318	Election Day	7318	1	709	123	17.35	23	34	0	1	3	2	6	13	2	3	15	0	0	21	0
Pct 7318	VBM	7318	1	709	243	34.27	34	56	10	5	3	9	10	60	2	6	15	1	0	31	1
Pct 7319	Election Day	7319	1	1035	182	17.58	38	41	3	4	6	1	8	29	1	5	23	0	0	23	0
Pct 7319	VBM	7319	1	1035	296	28.6	53	63	2	3	12	2	23	41	5	13	25	1	0	53	0
Pct 7321	Election Day	7321	1	644	100	15.53	16	13	0	1	2	3	7	20	0	4	7	1	0	26	0
Pct 7321	VBM	7321	1	644	211	32.76	35	36	4	5	5	7	23	33	7	13	15	0	0	28	0
Pct 7322	Election Day	7322	1	859	60	6.98	6	12	1	1	2	2	2	6	3	0	10	0	0	15	0
Pct 7322	VBM	7322	1	859	304	35.39	30	31	5	1	4	10	24	79	8	17	16	0	0	79	0
Pct 7323	Election Day	7323	1	881	146	16.57	32	44	1	2	3	2	7	17	3	4	15	0	0	15	1
Pct 7323	VBM	7323	1	881	273	30.99	48	67	2	7	7	0	9	53	7	11	13	0	0	49	0
Pct 7324	Election Day	7324	1	687	125	18.2	21	28	1	2	2	1	7	15	4	7	19	0	0	18	0
Pct 7324	VBM	7324	1	687	198	28.82	30	56	0	3	3	0	11	29	2	6	10	2	0	46	0
Pct 7325	Election Day	7325	1	870	150	17.24	26	42	6	1	3	0	3	18	3	1	19	0	0	28	0
Pct 7325	VBM	7325	1	870	276	31.72	41	89	1	3	3	6	15	39	2	2	17	2	0	56	0
Pct 7326	Election Day	7326	1	853	150	17.58	20	36	2	5	1	2	9	21	3	4	22	1	0	24	0
Pct 7326	VBM	7326	1	853	256	30.01	30	51	3	3	9	6	12	49	7	12	30	0	0	43	1
Pct 7327	Election Day	7327	1	684	62	9.06	11	12	0	0	2	4	2	4	1	1	8	0	0	16	1
Pct 7327	VBM	7327	1	684	277	40.5	17	21	6	1	8	10	28	77	6	13	20	2	0	68	0
Pct 7328	Election Day	7328	1	950	70	7.37	12	13	0	2	1	1	2	8	3	0	5	0	0	22	1
Pct 7328	VBM	7328	1	950	391	41.16	43	37	5	4	7	14	26	90	10	16	18	0	0	119	2
Pct 7329	Election Day	7329	1	610	71	11.64	17	16	1	1	0	0	8	7	0	7	3	0	0	11	0
Pct 7329	VBM	7329	1	610	205	33.61	45	41	1	1	10	5	30	22	2	6	14	0	0	27	1
Pct 7331	Election Day	7331	1	860	130	15.12	31	24	1	3	5	1	20	18	2	4	10	1	0	10	0
Pct 7331	VBM	7331	1	860	357	41.51	89	99	4	4	16	7	30	38	4	13	18	0	0	33	2
Pct 7332	Election Day	7332	1	799	154	19.27	18	44	0	3	2	1	3	25	2	0	29	0	0	26	1
Pct 7332	VBM	7332	1	799	209	26.16	30	54	3	4	6	4	13	33	1	7	37	2	0	14	1
Pct 7333	Election Day	7333	1	974	174	17.86	26	49	1	3	2	3	6	28	2	2	29	0	0	23	0
Pct 7333	VBM	7333	1	974	323	33.16	62	75	2	5	10	4	17	45	3	9	31	0	0	58	2
Pct 7334	Election Day	7334	1	854	113	13.23	22	23	1	6	4	0	2	9	3	1	26	0	0	16	0
Pct 7334	VBM	7334	1	854	275	32.2	55	61	3	3	5	1	18	42	1	9	34	2	0	40	1
Pct 7335	Election Day	7335	1	936	144	15.38	32	39	4	0	1	0	6	19	2	2	20	0	0	19	0
Pct 7335	VBM	7335	1	936	354	37.82	82	104	3	7	7	2	26	46	7	10	21	1	0	37	1
Pct 7336	Election Day	7336	1	920	155	16.85	28	33	2	2	1	1	5	32	1	2	31	0	0	17	0
Pct 7336	VBM	7336	1	920	324	35.22	72	78	0	4	15	0	28	42	6	9	37	0	0	32	1
Pct 7337	Election Day	7337	1	825	115	13.94	23	30	1	4	3	2	7	9	2	3	14	0	0	17	0
Pct 7337	VBM	7337	1	825	305	36.97	60	70	0	1	8	5	33	42	6	3	32	1	0	44	0
Pct 7338	Election Day	7338	1	884	100	11.31	19	24	1	1	3	3	8	9	0	0	16	0	0	16	0
Pct 7338	VBM	7338	1	884	364	41.18	35	47	7	4	9	4	41	85	6	18	18	0	0	90	0
Pct 7339	Election Day	7339	1	618	111	17.96	17	29	0	3	0	0	6	15	3	3	19	0	0	16	0
Pct 7339	VBM	7339	1	618	181	29.29	28	48	2	2	7	3	7	35	1	4	18	1	0	24	1
Pct 7341	Election Day	7341	1	877	124	14.14	18	29	3	3	2	1	3	22	1	2	25	0	0	15	0
Pct 7341	VBM	7341	1	877	246	28.05	38	67	0	2	2	5	11	45	3	9	42	0	0	21	1
Pct 7342	Election Day	7342	1	911	234	25.69	40	61	3	2	9	2	4	37	6	2	47	0	0	21	0
Pct 7342	VBM	7342	1	911	251	27.55	48	72	1	3	4	3	5	43	8	4	35	0	0	25	0
Pct 7343	Election Day	7343	1	707	144	20.37	20	35	1	3	0	3	3	21	3	0	34	0	0	21	0
Pct 7343	VBM	7343	1	707	186	26.31	27	50	1	5	4	2	8	18	4	2	35	0	0	29	1
Pct 7344	Election Day	7344	1	1039	179	17.23	22	52	3	2	7	3	9	28	0	4	26	0	0	23	0
Pct 7344	VBM	7344	1	1039	334	32.15	55	91	2	6	5	3	20	58	5	7	51	0	0	31	0
Pct 7345	Election Day	7345	1	1077	183	16.99	33	35	1	3	3	2	6	29	1	4	45	1	0	20	0
Pct 7345	VBM	7345	1	1077	283	26.28	61	105	1	3	3	2	8	38	3	4	31	0	0	24	0
Pct 7346	Election Day	7346	1	877	168	19.16	35	35	0	1	4	2	2	33	3	2	35	1	0	15	0
Pct 7346	VBM	7346	1	877	221	25.2	42	56	3	1	5	1	8	35	2	5	42	0	0	21	0
Pct 7347	Election Day	7347	1	968	137	14.15	25	30	1	1	1	1	2	31	0	2	29	1	0	13	0
Pct 7347	VBM	7347	1	968	279	28.82	51	80	3	4	2	0	7	43	6	6	57	0	0	18	2
Pct 7348	Election Day	7348	1	832	139	16.71	21	34	1	0	2	1	8	25	3	4	25	2	0	13	0
Pct 7348	VBM	7348	1	832	202	24.28	25	52	2	2	1	4	12	49	0	7	27	3	0	15	3
Pct 7349	Election Day	7349	1	921	147	15.96	20	37	0	1	3	1	10	20	5	1	27	0	0	21	1
Pct 7349	VBM	7349	1	921	282	30.62	43	73	2	5	10	5	16	45	8	10	30	0	0	34	1
Pct 7501	Election Day	7501	1	554	118	21.3	34	36	0	3	2	0	3	15	2	1	7	0	0	15	0
Pct 7501	VBM	7501	1	554	168	30.32	40	48	0	4	5	0	7	23	1	5	5	0	0	30	0
Pct 7502	Election Day	7502	1	741	113	15.25	24	28	2	1	3	1	7	12	4	0	19	1	0	11	0
Pct 7502	VBM	7502	1	741	349	47.1	92	98	3	0	13	1	14	40	4	11	37	2	0	34	0
Pct 7503	Election Day	7503	1	727	132	18.16	24	34	1	2	1	3	4	24	1	2	17	0	0	18	1
Pct 7503	VBM	7503	1	727	226	31.09	64	61	2	6	3	3	9	19	1	6	24	0	0	24	4
Pct 7504	Election Day	7504	1	484	76	15.7	13	22	2	1	2	2	2	7	1	2	8	1	0	13	0
Pct 7504	VBM	7504	1	484	158	32.64	40	30	1	2	1	2	6	41	1	2	8	2	0	21	1
Pct 7505	Election Day	7505	1	871	131	15.04	46	33	1	2	3	0	6	13	2	2	9	0	0	14	0
Pct 7505	VBM	7505	1	871	417	47.88	116	107	6	2	11	3	20	58	5	11	20	0	0	57	1
Pct 7506	Election Day	7506	1	920	133	14.46	19	31	1	1	1	2	4	30	3	3	20	0	0	18	0
Pct 7506	VBM	7506	1	920	252	27.39	36	75	1	2	2	3	18	41	2	3	26	2	0	40	1
Pct 7507	Election Day	7507	1	919	158	17.19	18	40	5	2	3	3	2	26	2	5	18	1	0	33	0
Pct 7507	VBM	7507	1	919	255	27.75	32	71	8	0	5	2	13	43	7	5	34	0	0	34	1
Pct 7508	Election Day	7508	1	702	106	15.1	22	22	0	3	3	1	7	16	3	3	15	0	0	11	0
Pct 7508	VBM	7508	1	702	340	48.43	64	97	3	3	7	3	24	47	7	9	25	0	0	50	1
Pct 7509/7511	Election Day	7509	1	909	171	18.81	40	52	2	1	4	2	7	28	2	1	22	0	0	10	0
Pct 7509/7511	VBM	7509	1	909	319	35.09	55	97	5	2	3	0	12	61	1	8	42	0	0	31	2
Pct 7512	Election Day	7512	1	604	96	15.89	12	23	1	1	3	2	8	16	1	2	15	1	0	11	0
Pct 7512	VBM	7512	1	604	196	32.45	34	50	0	1	7	3	26	27	4	4	23	0	0	14	3
Pct 7513	Election Day	7513	1	790	142	17.97	19	40	1	2	2	3	3	18	2	2	24	1	0	24	1
Pct 7513	VBM	7513	1	790	208	26.33	25	49	3	2	7	1	13	43	1	5	25	0	0	29	5
Pct 7514	Election Day	7514	1	863	95	11.01	6	27	2	0	2	1	0	13	5	3	4	0	0	32	0
Pct 7514	VBM	7514	1	863	235	27.23	17	74	3	4	5	6	10	49	5	11	14	0	0	35	2
Pct 7515	Election Day	7515	1	845	150	17.75	27	37	3	1	2	0	3	25	0	3	22	2	0	25	0
Pct 7515	VBM	7515	1	845	289	34.2	33	85	3	4	10	2	7	53	3	6	33	1	0	49	0
Pct 7516	Election Day	7516	1	886	145	16.37	25	51	0	9	2	3	7	14	0	2	13	0	0	19	0
Pct 7516	VBM	7516	1	886	378	42.66	52	111	2	8	10	3	22	69	6	11	47	1	0	36	0
Pct 7517	Election Day	7517	1	863	228	26.42	38	68	1	3	0	0	3	31	0	2	53	1	0	28	0
Pct 7517	VBM	7517	1	863	251	29.08	50	79	1	2	0	2	1	36	3	2	50	0	0	25	0
Pct 7518	Election Day	7518	1	939	235	25.03	37	57	3	5	1	0	2	35	2	3	67	0	0	23	0
Pct 7518	VBM	7518	1	939	298	31.74	59	96	3	3	6	0	4	27	1	5	57	0	0	36	1
Pct 7519	Election Day	7519	1	726	179	24.66	24	29	1	4	0	0	3	31	2	5	62	1	0	17	0
Pct 7519	VBM	7519	1	726	185	25.48	35	47	1	1	1	0	6	17	0	3	44	0	0	30	0
Pct 7521	Election Day	7521	1	802	211	26.31	36	49	4	3	1	0	4	21	4	6	58	0	0	25	0
Pct 7521	VBM	7521	1	802	215	26.81	48	71	0	1	1	0	0	23	1	0	46	0	0	23	1
Pct 7522	Election Day	7522	1	743	175	23.55	27	42	1	2	3	0	3	24	0	0	52	0	0	21	0
Pct 7522	VBM	7522	1	743	240	32.3	43	81	3	1	1	1	2	17	2	1	59	0	0	28	1
Pct 7523	Election Day	7523	1	737	208	28.22	31	36	2	3	2	1	2	31	1	3	73	0	0	22	1
Pct 7523	VBM	7523	1	737	223	30.26	44	66	0	2	2	0	6	23	2	5	50	0	0	23	0
Pct 7524	Election Day	7524	1	646	143	22.14	30	32	2	4	2	2	1	19	1	1	29	0	0	20	0
Pct 7524	VBM	7524	1	646	165	25.54	28	56	1	1	3	2	1	19	3	0	30	0	0	19	2
Pct 7525	Election Day	7525	1	779	145	18.61	18	44	3	1	1	0	2	21	2	2	24	0	0	27	0
Pct 7525	VBM	7525	1	779	214	27.47	44	61	1	1	3	1	4	27	1	0	44	1	0	26	0
Pct 7526	Election Day	7526	1	947	197	20.8	46	60	2	2	0	1	2	21	4	0	38	1	0	19	1
Pct 7526	VBM	7526	1	947	313	33.05	64	90	4	5	4	0	6	36	3	4	60	1	0	35	1
Pct 7527/7528	Election Day	7527	1	729	162	22.22	20	31	4	4	2	2	7	15	5	4	39	0	0	28	1
Pct 7527/7528	VBM	7527	1	729	237	32.51	41	57	1	1	9	1	9	37	2	2	39	0	0	36	2
Pct 7529	Election Day	7529	1	925	214	23.14	23	56	2	0	1	1	3	25	1	3	73	1	0	25	0
Pct 7529	VBM	7529	1	925	300	32.43	46	99	0	5	2	1	5	35	3	4	70	0	0	30	0
Pct 7531	Election Day	7531	1	847	179	21.13	34	43	1	5	0	0	1	11	2	1	56	0	0	25	0
Pct 7531	VBM	7531	1	847	263	31.05	54	75	3	0	1	0	1	31	7	3	60	0	0	28	0
Pct 7532	Election Day	7532	1	823	172	20.9	24	43	0	1	4	1	7	31	0	4	34	0	0	23	0
Pct 7532	VBM	7532	1	823	226	27.46	51	59	2	4	5	1	10	31	0	7	35	0	0	20	1
Pct 7533	Election Day	7533	1	951	268	28.18	49	64	2	4	1	2	1	31	1	7	90	1	0	15	0
Pct 7533	VBM	7533	1	951	297	31.23	49	72	2	6	2	0	10	24	2	3	86	0	0	41	0
Pct 7534	Election Day	7534	1	883	241	27.29	44	46	2	5	1	0	1	42	2	2	76	0	0	20	0
Pct 7534	VBM	7534	1	883	240	27.18	58	60	5	5	0	0	6	26	1	5	58	0	0	15	1
Pct 7535	Election Day	7535	1	743	201	27.05	33	55	1	2	2	2	2	20	0	1	56	0	0	27	0
Pct 7535	VBM	7535	1	743	251	33.78	40	70	0	1	2	1	3	30	1	6	71	3	0	22	1
Pct 7536	Election Day	7536	1	856	206	24.07	34	48	2	2	2	0	4	21	1	1	62	0	0	29	0
Pct 7536	VBM	7536	1	856	279	32.59	56	87	3	4	2	1	3	26	1	4	51	0	0	39	2
Pct 7537	Election Day	7537	1	734	187	25.48	26	51	1	4	1	2	3	26	2	5	45	0	0	21	0
Pct 7537	VBM	7537	1	734	225	30.65	42	69	2	3	0	0	4	28	1	1	44	0	0	30	1
Pct 7538	Election Day	7538	1	757	223	29.46	31	52	0	5	0	3	2	28	1	1	70	0	0	30	0
Pct 7538	VBM	7538	1	757	256	33.82	58	80	1	2	2	2	3	24	2	1	54	0	0	27	0
Pct 7539	Election Day	7539	1	884	250	28.28	19	62	2	4	1	1	4	27	1	3	89	0	0	37	0
Pct 7539	VBM	7539	1	884	286	32.35	57	84	1	2	0	1	1	31	3	4	69	3	0	29	1
Pct 7541	Election Day	7541	1	791	215	27.18	27	44	2	2	0	3	3	31	1	6	59	1	0	36	0
Pct 7541	VBM	7541	1	791	245	30.97	52	64	1	1	2	1	2	34	1	0	57	1	0	28	1
Pct 7542	Election Day	7542	1	787	183	23.25	23	51	2	4	1	1	0	23	1	0	55	0	0	21	1
Pct 7542	VBM	7542	1	787	247	31.39	37	69	1	6	2	0	1	30	1	1	70	0	0	29	0
Pct 7543	Election Day	7543	1	910	187	20.55	36	51	0	2	1	3	2	25	4	2	39	0	0	21	1
Pct 7543	VBM	7543	1	910	332	36.48	64	87	3	2	1	1	7	48	4	1	77	0	0	37	0
Pct 7544	Election Day	7544	1	877	186	21.21	30	54	1	5	1	1	0	22	5	2	43	1	0	21	0
Pct 7544	VBM	7544	1	877	331	37.74	49	113	5	5	4	0	3	37	2	3	67	2	0	40	1
Pct 7545	Election Day	7545	1	877	179	20.41	31	53	2	2	2	3	3	22	2	5	38	0	0	16	0
Pct 7545	VBM	7545	1	877	291	33.18	58	82	1	5	3	2	6	44	1	7	47	0	0	35	0
Pct 7546	Election Day	7546	1	913	219	23.99	50	58	1	4	6	0	1	24	3	1	48	0	0	23	0
Pct 7546	VBM	7546	1	913	310	33.95	64	84	1	4	5	0	5	40	2	3	73	0	0	28	1
Pct 7547	Election Day	7547	1	987	244	24.72	49	49	2	4	1	1	2	18	2	0	69	1	0	46	0
Pct 7547	VBM	7547	1	987	322	32.62	68	72	0	1	1	1	3	39	5	4	91	1	0	35	1
Pct 7548	Election Day	7548	1	1054	236	22.39	51	55	4	1	2	3	3	37	1	3	57	0	0	19	0
Pct 7548	VBM	7548	1	1054	345	32.73	92	83	3	2	5	0	3	43	2	5	76	2	0	27	2
Pct 7549	Election Day	7549	1	785	165	21.02	34	43	0	4	1	1	2	19	1	1	37	0	0	21	1
Pct 7549	VBM	7549	1	785	281	35.8	60	78	1	1	2	1	11	36	4	4	46	1	0	34	2
Pct 7551	Election Day	7551	1	705	199	28.23	46	43	2	1	2	0	7	30	1	1	43	0	0	22	1
Pct 7551	VBM	7551	1	705	240	34.04	55	62	1	0	5	0	2	35	2	0	48	0	0	30	0
Pct 7552	Election Day	7552	1	718	191	26.6	54	44	3	0	0	0	1	20	0	2	40	0	0	26	1
Pct 7552	VBM	7552	1	718	232	32.31	56	70	0	1	7	0	3	33	1	1	36	0	0	24	0
Pct 7553 MB	Election Day	7553	1	171	5	2.92	0	2	0	0	0	0	0	0	0	1	1	0	0	1	0
Pct 7553 MB	VBM	7553	1	171	87	50.88	33	23	1	0	1	1	2	7	1	4	6	0	0	8	0
Pct 7554	Election Day	7554	1	785	179	22.8	51	42	0	2	0	0	1	18	7	3	32	2	0	21	0
Pct 7554	VBM	7554	1	785	323	41.15	110	105	0	4	10	0	7	26	4	2	27	0	0	27	1
Pct 7555	Election Day	7555	1	847	242	28.57	73	64	3	3	1	1	7	27	1	1	33	2	0	26	0
Pct 7555	VBM	7555	1	847	304	35.89	84	80	1	3	1	0	6	38	0	2	48	0	0	41	0
Pct 7556/7557	Election Day	7556	1	961	223	23.2	65	58	0	1	6	0	9	17	5	2	29	0	0	31	0
Pct 7556/7557	VBM	7556	1	961	422	43.91	118	131	1	3	6	1	9	43	3	6	51	0	0	46	4
Pct 7601	Election Day	7601	1	744	128	17.2	18	34	3	2	7	6	4	12	1	4	23	0	0	13	1
Pct 7601	VBM	7601	1	744	185	24.87	22	37	2	7	3	6	9	29	6	8	30	2	0	24	0
Pct 7602	Election Day	7602	1	880	147	16.7	22	37	1	3	4	4	4	19	3	4	30	0	0	16	0
Pct 7602	VBM	7602	1	880	243	27.61	32	66	2	5	3	3	5	47	3	8	43	0	0	26	0
Pct 7603	Election Day	7603	1	826	152	18.4	18	40	0	1	0	2	5	18	2	1	45	0	0	18	2
Pct 7603	VBM	7603	1	826	215	26.03	19	73	5	5	1	5	7	31	2	5	41	1	0	20	0
Pct 7604	Election Day	7604	1	906	133	14.68	13	22	3	5	3	2	8	24	3	6	28	1	0	15	0
Pct 7604	VBM	7604	1	906	233	25.72	29	68	2	3	4	7	8	38	7	7	39	1	0	18	2
Pct 7605	Election Day	7605	1	651	77	11.83	7	27	2	0	2	5	2	11	0	0	11	0	0	9	1
Pct 7605	VBM	7605	1	651	155	23.81	18	35	1	5	3	3	5	41	1	7	12	0	0	21	3
Pct 7606	Election Day	7606	1	895	127	14.19	15	23	3	9	4	3	3	19	4	3	21	0	0	19	1
Pct 7606	VBM	7606	1	895	212	23.69	30	53	3	3	1	3	8	41	1	5	40	1	0	23	0
Pct 7607	Election Day	7607	1	955	120	12.57	10	30	2	0	4	3	5	24	2	2	25	0	0	12	1
Pct 7607	VBM	7607	1	955	265	27.75	35	85	2	4	4	6	16	43	2	7	43	1	0	16	1
Pct 7608	Election Day	7608	1	388	46	11.86	10	6	0	1	2	1	6	6	2	0	2	0	0	10	0
Pct 7608	VBM	7608	1	388	119	30.67	13	11	2	1	3	5	12	26	5	8	11	0	0	22	0
Pct 7609	Election Day	7609	1	916	101	11.03	11	19	2	2	4	1	0	23	3	3	10	1	0	21	1
Pct 7609	VBM	7609	1	916	297	32.42	32	43	4	5	5	15	33	60	5	12	17	0	0	64	2
Pct 7611	Election Day	7611	1	756	76	10.05	8	11	1	0	4	1	1	20	3	0	12	1	0	14	0
Pct 7611	VBM	7611	1	756	204	26.98	18	55	7	3	6	7	8	35	4	7	22	1	0	30	1
Pct 7612	Election Day	7612	1	574	76	13.24	11	13	2	3	0	3	4	12	1	2	12	0	0	12	1
Pct 7612	VBM	7612	1	574	210	36.59	29	44	4	0	5	4	17	49	2	4	20	0	0	30	2
Pct 7613	Election Day	7613	1	887	140	15.78	19	37	2	1	1	2	4	24	5	2	29	0	0	14	0
Pct 7613	VBM	7613	1	887	215	24.24	21	69	4	1	6	3	11	37	3	6	26	1	0	25	2
Pct 7614	Election Day	7614	1	1015	123	12.12	17	22	0	1	1	4	5	21	0	3	26	1	0	22	0
Pct 7614	VBM	7614	1	1015	238	23.45	34	62	3	5	6	6	10	48	7	5	31	0	0	18	3
Pct 7615	Election Day	7615	1	832	108	12.98	11	17	2	5	2	7	6	17	4	1	11	0	0	23	2
Pct 7615	VBM	7615	1	832	170	20.43	15	27	5	3	5	6	8	42	3	10	22	0	0	23	1
Pct 7616	Election Day	7616	1	951	129	13.56	22	43	1	3	0	2	1	22	0	3	17	1	0	14	0
Pct 7616	VBM	7616	1	951	331	34.81	78	98	3	5	7	1	8	45	2	7	45	0	0	32	0
Pct 7617	Election Day	7617	1	751	84	11.19	14	13	2	0	3	0	3	11	0	7	13	0	0	17	1
Pct 7617	VBM	7617	1	751	223	29.69	22	47	2	4	11	7	11	46	5	11	16	1	0	39	1
Pct 7618	Election Day	7618	1	866	123	14.2	15	29	2	3	1	2	5	14	2	1	32	1	0	16	0
Pct 7618	VBM	7618	1	866	272	31.41	34	97	2	5	5	3	9	34	1	7	43	1	0	31	0
Pct 7619	Election Day	7619	1	993	154	15.51	15	45	2	3	4	0	3	16	3	2	36	0	0	25	0
Pct 7619	VBM	7619	1	993	308	31.02	59	79	5	3	4	0	17	43	3	6	63	0	0	26	0
Pct 7621	Election Day	7621	1	1132	163	14.4	22	37	1	3	2	1	7	29	3	5	37	1	0	14	1
Pct 7621	VBM	7621	1	1132	346	30.57	52	103	2	4	8	8	17	52	6	9	46	1	0	38	0
Pct 7622	Election Day	7622	1	964	99	10.27	17	18	5	2	0	5	2	16	0	2	17	0	0	14	1
Pct 7622	VBM	7622	1	964	193	20.02	26	36	0	3	1	5	10	38	8	5	25	0	1	31	4
Pct 7623	Election Day	7623	1	712	122	17.13	15	25	5	2	4	2	4	18	1	6	23	0	0	16	1
Pct 7623	VBM	7623	1	712	196	27.53	31	46	4	3	1	3	12	31	7	5	26	0	0	25	2
Pct 7624	Election Day	7624	1	905	104	11.49	16	34	2	3	2	2	7	14	1	2	9	0	0	12	0
Pct 7624	VBM	7624	1	905	195	21.55	35	42	6	3	3	9	12	29	7	8	25	1	0	14	1
Pct 7625	Election Day	7625	1	821	73	8.89	6	9	1	4	2	5	4	15	2	3	3	0	0	19	0
Pct 7625	VBM	7625	1	821	415	50.55	48	48	7	3	7	12	37	109	3	24	24	0	0	88	5
Pct 7626	Election Day	7626	1	1081	128	11.84	31	39	3	2	1	0	6	22	1	3	9	0	0	11	0
Pct 7626	VBM	7626	1	1081	361	33.4	89	118	5	11	9	1	19	30	0	7	31	2	0	39	0
Pct 7627	Election Day	7627	1	1075	116	10.79	25	41	1	2	1	0	11	13	0	1	10	1	0	9	1
Pct 7627	VBM	7627	1	1075	319	29.67	90	90	2	6	5	3	28	37	3	12	11	0	0	32	0
Pct 7628	Election Day	7628	1	906	156	17.22	22	37	2	4	2	0	1	31	0	3	33	1	0	20	0
Pct 7628	VBM	7628	1	906	267	29.47	42	80	2	3	2	0	13	35	3	5	47	1	0	31	3
Pct 7629	Election Day	7629	1	805	108	13.42	14	25	1	1	0	2	1	20	0	1	28	1	0	14	0
Pct 7629	VBM	7629	1	805	206	25.59	39	54	3	3	2	3	11	33	1	4	27	0	0	25	1
Pct 7631	Election Day	7631	1	1085	146	13.46	23	29	2	4	1	1	7	26	2	2	34	0	0	14	1
Pct 7631	VBM	7631	1	1085	339	31.24	69	100	4	8	4	4	14	44	2	12	36	0	0	42	0
Pct 7632	Election Day	7632	1	965	167	17.31	17	47	2	4	3	1	3	25	1	4	37	0	0	23	0
Pct 7632	VBM	7632	1	965	286	29.64	57	81	5	10	3	1	15	36	1	3	57	1	0	16	0
Pct 7633	Election Day	7633	1	702	90	12.82	18	19	2	4	1	1	3	15	1	2	11	0	0	13	0
Pct 7633	VBM	7633	1	702	253	36.04	39	54	8	3	13	4	16	55	2	7	24	0	0	28	0
Pct 7634	Election Day	7634	1	859	120	13.97	17	29	1	3	4	0	9	16	4	8	11	1	0	17	0
Pct 7634	VBM	7634	1	859	291	33.88	49	75	4	5	8	3	19	53	4	11	19	2	0	35	4
Pct 7635	Election Day	7635	1	782	89	11.38	14	23	1	4	1	0	1	14	0	2	15	1	0	13	0
Pct 7635	VBM	7635	1	782	242	30.95	52	66	4	3	0	2	6	35	2	11	32	2	0	27	0
Pct 7636	Election Day	7636	1	920	134	14.57	34	31	0	2	2	2	5	21	0	2	13	1	0	21	0
Pct 7636	VBM	7636	1	920	251	27.28	50	86	2	4	4	1	6	34	3	8	21	0	0	31	1
Pct 7637	Election Day	7637	1	732	89	12.16	16	23	0	2	0	0	7	14	3	5	10	0	0	9	0
Pct 7637	VBM	7637	1	732	249	34.02	53	86	1	7	4	1	11	34	2	6	17	0	0	26	1
Pct 7638	Election Day	7638	1	1365	129	9.45	26	38	6	0	2	1	12	14	0	7	8	0	0	15	0
Pct 7638	VBM	7638	1	1365	492	36.04	107	159	2	10	19	3	42	50	4	19	24	1	0	51	1
Pct 7639	Election Day	7639	1	962	110	11.43	25	23	0	3	3	0	7	17	0	5	9	1	0	17	0
Pct 7639	VBM	7639	1	962	319	33.16	61	105	1	5	5	0	21	37	3	10	24	0	0	47	0
Pct 7641	Election Day	7641	1	931	114	12.24	24	33	1	6	0	1	6	16	1	6	8	0	0	12	0
Pct 7641	VBM	7641	1	931	374	40.17	91	93	5	6	7	3	33	51	8	12	27	0	0	37	1
Pct 7642	Election Day	7642	1	909	84	9.24	15	29	2	3	1	1	2	13	1	3	6	0	0	8	0
Pct 7642	VBM	7642	1	909	268	29.48	40	129	6	5	11	0	16	22	1	6	11	0	0	21	0
Pct 7643	Election Day	7643	1	871	99	11.37	17	25	2	3	1	2	3	12	1	3	9	0	0	21	0
Pct 7643	VBM	7643	1	871	355	40.76	58	105	0	7	2	6	25	74	4	20	22	0	0	30	2
Pct 7644	Election Day	7644	1	1082	156	14.42	34	38	1	5	0	0	4	26	3	6	12	0	0	27	0
Pct 7644	VBM	7644	1	1082	291	26.89	60	93	5	3	5	1	12	37	0	12	26	0	0	36	1
Pct 7645	Election Day	7645	1	631	63	9.98	18	8	0	2	3	2	5	10	2	1	6	0	0	6	0
Pct 7645	VBM	7645	1	631	241	38.19	71	68	0	6	5	1	14	21	2	8	10	0	0	34	1
Pct 7646	Election Day	7646	1	1035	110	10.63	23	28	1	1	1	0	1	20	1	2	9	1	0	22	0
Pct 7646	VBM	7646	1	1035	326	31.5	82	94	3	1	9	6	16	47	0	6	25	0	0	37	0
Pct 7647	Election Day	7647	1	1027	107	10.42	13	26	3	3	2	3	5	17	3	2	20	2	0	8	0
Pct 7647	VBM	7647	1	1027	185	18.01	32	52	0	4	5	3	4	23	2	5	28	0	0	27	0
Pct 7648 MB	Election Day	7648	1	2	0	0	0	0	0	0	0	0	0	0	0	0	0	0	0	0	0
Pct 7648 MB	VBM	7648	1	2	0	0	0	0	0	0	0	0	0	0	0	0	0	0	0	0	0
Pct 7649	Election Day	7649	1	877	97	11.06	21	23	2	3	2	0	1	15	2	4	14	0	0	10	0
Pct 7649	VBM	7649	1	877	234	26.68	32	53	2	7	11	3	13	35	7	10	32	0	0	28	1
Pct 7651	Election Day	7651	1	555	48	8.65	11	16	0	3	0	0	2	7	1	0	4	0	0	4	0
Pct 7651	VBM	7651	1	555	155	27.93	36	47	3	3	4	2	6	24	0	5	8	0	0	17	0
Pct 7652	Election Day	7652	1	580	68	11.72	12	20	1	1	0	1	1	11	0	1	11	0	0	7	2
Pct 7652	VBM	7652	1	580	163	28.1	40	53	1	4	2	0	4	21	2	1	15	0	0	18	2
Pct 7653	Election Day	7653	1	1092	137	12.55	25	41	1	5	3	0	1	20	3	3	9	0	0	26	0
Pct 7653	VBM	7653	1	1092	321	29.4	85	85	2	5	3	1	8	47	7	9	23	4	0	42	0
Pct 7701	Election Day	7701	1	1012	225	22.23	41	57	2	3	8	2	5	34	3	2	43	0	0	25	0
Pct 7701	VBM	7701	1	1012	383	37.85	88	107	5	4	12	2	10	55	7	4	44	0	0	44	1
Pct 7702	Election Day	7702	1	704	117	16.62	26	27	0	2	2	2	11	16	2	3	15	0	0	11	0
Pct 7702	VBM	7702	1	704	302	42.9	58	84	5	3	16	2	24	47	6	5	21	0	0	31	0
Pct 7703 MB	Election Day	7703	1	172	0	0	0	0	0	0	0	0	0	0	0	0	0	0	0	0	0
Pct 7703 MB	VBM	7703	1	172	66	38.37	14	13	0	1	1	2	2	7	1	4	4	0	0	15	2
Pct 7704	Election Day	7704	1	977	208	21.29	39	63	1	4	5	2	11	29	3	8	19	1	0	23	0
Pct 7704	VBM	7704	1	977	396	40.53	73	102	4	11	10	2	27	67	8	26	17	1	0	46	2
Pct 7705	Election Day	7705	1	547	123	22.49	28	43	0	1	5	0	2	17	1	3	7	0	0	16	0
Pct 7705	VBM	7705	1	547	227	41.5	43	80	0	3	11	2	16	29	7	5	16	0	0	15	0
Pct 7706	Election Day	7706	1	821	189	23.02	47	57	2	0	4	3	16	23	4	4	21	0	0	8	0
Pct 7706	VBM	7706	1	821	341	41.53	61	105	0	10	17	1	19	47	5	14	28	0	0	34	0
Pct 7707	Election Day	7707	1	839	200	23.84	53	55	0	2	1	1	14	21	5	2	30	0	0	16	0
Pct 7707	VBM	7707	1	839	379	45.17	81	120	3	0	9	1	19	47	4	10	32	0	0	53	0
Pct 7708	Election Day	7708	1	860	181	21.05	38	70	1	2	4	2	4	23	1	5	15	0	0	16	0
Pct 7708	VBM	7708	1	860	400	46.51	74	163	2	7	11	0	22	46	7	9	31	0	0	27	1
Pct 7709	Election Day	7709	1	383	85	22.19	15	16	0	2	1	2	1	15	0	2	20	0	0	11	0
Pct 7709	VBM	7709	1	383	174	45.43	35	56	0	2	5	1	5	14	1	6	33	0	0	15	1
Pct 7711	Election Day	7711	1	772	162	20.98	35	47	0	1	2	3	5	15	2	3	33	0	0	16	0
Pct 7711	VBM	7711	1	772	344	44.56	74	107	1	3	6	1	11	39	4	14	50	2	0	30	2
Pct 7712	Election Day	7712	1	524	131	25	21	35	0	2	5	0	5	25	0	2	30	0	0	6	0
Pct 7712	VBM	7712	1	524	230	43.89	39	66	1	2	4	4	8	28	4	8	51	2	0	12	1
Pct 7801	Election Day	7801	1	970	230	23.71	59	68	0	2	2	0	3	24	2	3	46	0	0	21	0
Pct 7801	VBM	7801	1	970	424	43.71	109	141	3	10	4	4	13	43	3	7	51	0	0	35	1
Pct 7802	Election Day	7802	1	762	205	26.9	68	42	0	3	2	0	1	21	1	1	43	0	0	22	1
Pct 7802	VBM	7802	1	762	313	41.08	69	117	2	3	2	0	10	36	3	0	41	0	0	29	1
Pct 7803	Election Day	7803	1	823	143	17.38	36	35	1	0	1	1	5	16	1	1	27	0	0	19	0
Pct 7803	VBM	7803	1	823	412	50.06	105	126	2	4	6	4	9	58	4	2	42	0	0	48	2
Pct 7804	Election Day	7804	1	891	236	26.49	42	74	0	2	2	1	4	40	1	5	37	0	0	28	0
Pct 7804	VBM	7804	1	891	394	44.22	101	140	3	2	4	0	10	40	0	0	50	0	0	43	1
Pct 7805	Election Day	7805	1	785	176	22.42	27	55	1	0	1	2	0	24	1	1	48	0	0	16	0
Pct 7805	VBM	7805	1	785	348	44.33	80	123	1	3	3	1	6	37	1	5	40	0	0	48	0
Pct 7806	Election Day	7806	1	699	163	23.32	33	45	0	2	0	2	1	17	0	1	39	0	0	23	0
Pct 7806	VBM	7806	1	699	283	40.49	63	96	1	3	4	0	4	23	2	3	46	0	0	38	0
Pct 7807	Election Day	7807	1	796	228	28.64	41	69	2	3	1	0	2	29	2	2	58	0	0	19	0
Pct 7807	VBM	7807	1	796	273	34.3	63	85	1	6	0	2	5	27	2	0	45	2	0	35	0
Pct 7808	Election Day	7808	1	655	178	27.18	31	56	0	2	1	1	1	27	1	2	35	0	0	21	0
Pct 7808	VBM	7808	1	655	243	37.1	56	77	2	0	1	1	4	17	2	1	57	1	0	23	1
Pct 7809	Election Day	7809	1	742	160	21.56	18	56	0	0	0	0	2	25	3	0	39	0	0	17	0
Pct 7809	VBM	7809	1	742	267	35.98	51	89	2	3	2	0	3	30	0	3	58	0	0	26	0
Pct 7811	Election Day	7811	1	726	186	25.62	33	48	0	2	1	1	0	22	3	3	54	0	0	19	0
Pct 7811	VBM	7811	1	726	243	33.47	45	70	0	3	1	2	2	28	1	2	62	0	0	27	0
Pct 7812	Election Day	7812	1	843	207	24.56	31	48	0	2	6	0	5	35	4	5	48	0	0	23	0
Pct 7812	VBM	7812	1	843	292	34.64	68	80	1	5	0	4	8	46	4	3	49	2	0	22	0
Pct 7813	Election Day	7813	1	988	251	25.4	35	72	0	4	1	0	2	26	0	2	76	1	0	32	0
Pct 7813	VBM	7813	1	988	362	36.64	66	124	2	1	2	1	4	40	1	5	74	0	0	40	2
Pct 7814	Election Day	7814	1	892	173	19.39	19	24	3	2	0	1	2	29	4	8	52	2	0	27	0
Pct 7814	VBM	7814	1	892	223	25	27	53	1	4	3	3	4	54	1	7	40	0	0	25	1
Pct 7815	Election Day	7815	1	914	178	19.47	32	56	1	3	1	2	2	22	4	4	33	0	0	17	1
Pct 7815	VBM	7815	1	914	407	44.53	83	182	1	3	2	0	6	40	1	3	60	0	0	26	0
Pct 7816	Election Day	7816	1	858	202	23.54	48	72	0	4	0	0	1	30	4	4	23	0	0	16	0
Pct 7816	VBM	7816	1	858	390	45.45	83	164	6	1	3	0	8	45	0	0	37	0	0	43	0
Pct 7817	Election Day	7817	1	795	215	27.04	31	71	1	2	1	1	2	34	4	1	52	0	0	15	0
Pct 7817	VBM	7817	1	795	309	38.87	56	102	2	2	2	1	1	36	0	4	77	0	0	26	0
Pct 7818	Election Day	7818	1	823	172	20.9	31	55	4	0	0	1	1	23	3	0	31	0	0	23	0
Pct 7818	VBM	7818	1	823	335	40.7	68	111	2	5	0	0	3	47	2	3	52	0	0	42	0
Pct 7819	Election Day	7819	1	760	169	22.24	35	49	0	2	3	1	6	13	1	2	45	1	0	11	0
Pct 7819	VBM	7819	1	760	297	39.08	50	84	1	4	5	3	8	42	3	9	45	2	0	41	0
Pct 7821	Election Day	7821	1	947	229	24.18	53	77	2	5	1	1	0	36	0	2	36	0	0	16	0
Pct 7821	VBM	7821	1	947	439	46.36	90	160	4	5	6	2	11	42	4	2	67	1	0	45	0
Pct 7822	Election Day	7822	1	927	244	26.32	30	71	1	6	0	2	6	32	1	3	69	0	0	23	0
Pct 7822	VBM	7822	1	927	343	37	72	123	3	1	5	1	10	45	3	1	45	0	1	32	1
Pct 7823	Election Day	7823	1	857	237	27.65	42	71	3	0	1	1	1	35	0	1	59	2	0	21	0
Pct 7823	VBM	7823	1	857	347	40.49	65	152	4	4	2	1	5	33	3	1	41	0	0	35	1
Pct 7824	Election Day	7824	1	756	170	22.49	30	53	0	0	0	1	6	15	0	3	34	1	0	27	0
Pct 7824	VBM	7824	1	756	274	36.24	67	91	0	4	4	1	2	35	3	0	39	0	0	27	1
Pct 7825	Election Day	7825	1	580	160	27.59	29	49	0	3	2	1	1	19	1	5	34	0	0	16	0
Pct 7825	VBM	7825	1	580	215	37.07	31	81	2	1	3	0	3	25	2	1	42	0	0	24	0
Pct 7826	Election Day	7826	1	665	214	32.18	26	61	2	4	2	1	1	29	0	4	60	2	0	22	0
Pct 7826	VBM	7826	1	665	194	29.17	37	39	0	1	2	1	4	26	1	3	57	0	0	22	1
Pct 7827	Election Day	7827	1	828	199	24.03	22	40	6	6	0	2	2	18	4	2	73	1	0	22	1
Pct 7827	VBM	7827	1	828	252	30.43	44	52	0	3	2	2	7	28	2	10	77	2	0	23	0
Pct 7828	Election Day	7828	1	976	205	21	47	48	3	6	5	4	2	35	1	1	29	0	0	24	0
Pct 7828	VBM	7828	1	976	397	40.68	88	140	2	3	1	1	13	42	3	9	47	0	0	46	2
Pct 7829	Election Day	7829	1	882	199	22.56	36	73	2	2	2	3	6	17	1	2	35	0	0	20	0
Pct 7829	VBM	7829	1	882	391	44.33	79	155	0	7	2	2	9	39	2	9	37	0	0	50	0
Pct 7831	Election Day	7831	1	828	202	24.4	40	77	1	1	2	1	4	28	1	2	27	0	0	18	0
Pct 7831	VBM	7831	1	828	369	44.57	84	147	2	3	5	0	7	42	3	2	36	1	0	37	0
Pct 7832	Election Day	7832	1	781	162	20.74	36	49	1	2	1	0	5	22	0	3	21	1	0	21	0
Pct 7832	VBM	7832	1	781	343	43.92	70	134	0	3	2	0	7	42	4	2	40	0	0	38	1
Pct 7833	Election Day	7833	1	745	182	24.43	32	41	0	1	2	1	1	21	2	1	54	0	0	26	0
Pct 7833	VBM	7833	1	745	271	36.38	59	78	2	1	2	0	7	20	1	1	73	1	0	25	1
Pct 7834	Election Day	7834	1	836	225	26.91	42	42	1	2	0	1	3	18	0	7	78	1	0	29	1
Pct 7834	VBM	7834	1	836	288	34.45	50	75	2	0	0	2	2	28	1	3	88	0	0	36	1
Pct 7835	Election Day	7835	1	808	175	21.66	41	56	1	1	2	0	4	17	2	3	24	3	0	21	0
Pct 7835	VBM	7835	1	808	338	41.83	52	132	1	4	10	1	11	51	4	6	36	0	0	30	0
Pct 7836	Election Day	7836	1	979	199	20.33	40	62	2	4	2	0	1	33	0	2	34	1	0	18	0
Pct 7836	VBM	7836	1	979	421	43	83	156	4	7	5	1	11	68	4	6	45	0	0	31	0
Pct 7837	Election Day	7837	1	883	237	26.84	42	73	2	2	0	0	6	50	0	5	34	0	0	23	0
Pct 7837	VBM	7837	1	883	339	38.39	89	114	2	3	1	0	8	44	3	4	30	0	0	40	1
Pct 7838	Election Day	7838	1	891	210	23.57	43	64	2	2	3	0	7	26	0	2	35	0	0	26	0
Pct 7838	VBM	7838	1	891	413	46.35	95	136	2	3	2	1	9	63	4	7	49	1	0	40	1
Pct 7839	Election Day	7839	1	830	172	20.72	37	52	1	3	0	2	2	22	0	3	25	0	0	25	0
Pct 7839	VBM	7839	1	830	389	46.87	96	133	0	1	4	1	10	41	3	6	46	0	0	48	0
Pct 7841	Election Day	7841	1	898	240	26.73	55	54	2	2	2	1	1	25	1	1	57	1	0	38	0
Pct 7841	VBM	7841	1	898	353	39.31	88	116	3	2	3	0	6	32	0	4	68	1	0	30	0
Pct 7842	Election Day	7842	1	873	214	24.51	45	49	2	3	0	1	5	30	3	3	57	0	0	16	0
Pct 7842	VBM	7842	1	873	308	35.28	63	81	0	6	6	0	6	31	2	4	72	1	0	36	0
Pct 7843	Election Day	7843	1	751	182	24.23	29	44	0	2	0	1	2	22	3	3	59	0	0	17	0
Pct 7843	VBM	7843	1	751	267	35.55	55	65	1	4	6	1	7	39	0	3	50	0	0	35	1
Pct 7844	Election Day	7844	1	635	160	25.2	32	33	0	4	0	1	6	16	4	1	46	0	0	17	0
Pct 7844	VBM	7844	1	635	245	38.58	36	65	2	6	2	1	3	30	1	1	72	0	0	26	0
Pct 7845	Election Day	7845	1	803	202	25.16	41	68	1	0	0	0	6	25	1	0	35	0	0	25	0
Pct 7845	VBM	7845	1	803	314	39.1	72	128	0	0	1	0	6	44	2	2	24	0	0	35	0
Pct 7846	Election Day	7846	1	871	221	25.37	57	53	0	4	8	0	7	23	1	5	38	1	0	24	0
Pct 7846	VBM	7846	1	871	330	37.89	85	98	6	4	8	0	8	41	3	5	31	0	0	41	0
Pct 7847	Election Day	7847	1	878	207	23.58	48	50	2	1	4	1	5	25	0	4	40	0	0	27	0
Pct 7847	VBM	7847	1	878	358	40.77	82	111	1	2	3	0	9	51	1	2	58	0	0	38	0
Pct 7848	Election Day	7848	1	838	209	24.94	52	66	2	3	2	0	7	22	2	0	29	1	0	23	0
Pct 7848	VBM	7848	1	838	346	41.29	93	109	0	3	4	2	5	41	2	6	49	0	0	32	0
Pct 7849	Election Day	7849	1	904	237	26.22	45	52	3	1	3	0	5	35	1	3	66	0	0	23	0
Pct 7849	VBM	7849	1	904	353	39.05	67	107	2	6	1	1	5	45	4	5	70	0	0	40	0
Pct 7851	Election Day	7851	1	493	118	23.94	30	35	0	1	7	1	3	11	0	4	7	1	0	18	0
Pct 7851	VBM	7851	1	493	204	41.38	55	59	1	1	2	2	7	30	2	11	13	0	0	20	1
Pct 7852	Election Day	7852	1	634	104	16.4	26	29	1	2	1	0	6	14	0	1	10	0	0	14	0
Pct 7852	VBM	7852	1	634	303	47.79	60	111	6	3	2	3	19	52	3	5	24	0	0	15	0
Pct 7853	Election Day	7853	1	837	180	21.51	40	51	1	1	5	1	6	22	3	3	24	1	0	22	0
Pct 7853	VBM	7853	1	837	333	39.78	81	120	1	0	3	1	4	53	5	8	29	0	0	27	1
Pct 7854	Election Day	7854	1	874	216	24.71	47	61	2	5	1	0	5	25	0	4	43	0	0	23	0
Pct 7854	VBM	7854	1	874	346	39.59	80	112	0	5	5	0	8	48	4	6	44	0	0	34	0
Pct 7855	Election Day	7855	1	949	259	27.29	54	68	0	2	1	0	2	35	3	2	63	0	0	29	0
Pct 7855	VBM	7855	1	949	359	37.83	83	111	1	7	8	0	8	27	5	7	54	0	0	46	2
Pct 7856	Election Day	7856	1	790	204	25.82	46	58	1	3	1	0	3	21	1	3	49	0	0	18	0
Pct 7856	VBM	7856	1	790	312	39.49	77	101	2	5	3	0	3	43	3	8	38	0	0	29	0
Pct 7857	Election Day	7857	1	913	225	24.64	43	50	2	2	4	0	0	23	3	3	67	1	0	26	1
Pct 7857	VBM	7857	1	913	350	38.34	75	93	1	7	7	0	13	30	2	3	79	2	0	38	0
Pct 7858	Election Day	7858	1	743	192	25.84	28	43	2	5	1	1	0	32	1	1	53	2	0	23	0
Pct 7858	VBM	7858	1	743	252	33.92	46	66	2	2	0	2	2	29	1	4	74	1	0	23	0
Pct 7859	Election Day	7859	1	879	219	24.91	54	66	1	2	2	2	4	28	0	2	41	0	0	16	1
Pct 7859	VBM	7859	1	879	352	40.05	88	119	1	2	10	3	9	41	2	3	33	0	0	40	1
Pct 7861	Election Day	7861	1	835	184	22.04	35	45	2	1	6	2	1	19	4	5	42	1	0	21	0
Pct 7861	VBM	7861	1	835	367	43.95	85	124	1	6	8	1	11	41	3	5	58	0	0	24	0
Pct 7862	Election Day	7862	1	850	237	27.88	51	68	1	3	6	4	3	27	2	1	50	1	0	20	0
Pct 7862	VBM	7862	1	850	323	38	68	100	1	3	7	1	6	47	3	2	44	0	0	40	1
Pct 7863	Election Day	7863	1	870	237	27.24	42	71	2	3	2	1	5	28	0	2	57	1	0	22	1
Pct 7863	VBM	7863	1	870	302	34.71	54	94	0	4	6	1	6	36	3	3	63	0	0	32	0
Pct 7864	Election Day	7864	1	773	188	24.32	33	54	1	5	4	0	2	22	2	3	44	0	0	18	0
Pct 7864	VBM	7864	1	773	284	36.74	60	75	1	1	3	1	10	38	2	6	60	0	0	27	0
Pct 7865	Election Day	7865	1	808	178	22.03	35	47	1	2	2	0	2	23	0	3	42	0	0	20	1
Pct 7865	VBM	7865	1	808	310	38.37	50	99	2	3	2	0	13	43	2	6	57	0	0	33	0
Pct 7866	Election Day	7866	1	816	184	22.55	45	58	0	2	1	2	8	23	1	6	19	0	0	19	0
Pct 7866	VBM	7866	1	816	389	47.67	96	110	2	4	8	6	30	39	2	12	31	0	0	45	4
Pct 7867	Election Day	7867	1	932	209	22.42	60	54	0	3	7	0	8	22	0	2	23	1	0	27	2
Pct 7867	VBM	7867	1	932	385	41.31	93	121	2	4	7	1	9	45	3	8	61	2	0	28	1
Pct 7868	Election Day	7868	1	860	218	25.35	50	65	3	0	3	3	5	35	1	1	29	0	0	23	0
Pct 7868	VBM	7868	1	860	324	37.67	58	141	0	1	9	2	9	35	2	5	36	0	0	26	0
Pct 7869	Election Day	7869	1	842	219	26.01	40	58	3	3	5	2	4	30	3	3	46	0	0	21	1
Pct 7869	VBM	7869	1	842	376	44.66	89	131	3	4	8	1	9	31	4	8	50	1	0	37	0
Pct 7871	Election Day	7871	1	882	240	27.21	55	70	0	2	1	1	8	30	2	3	37	0	0	29	2
Pct 7871	VBM	7871	1	882	364	41.27	88	133	2	5	3	1	8	48	4	3	37	1	0	31	0
Pct 7872	Election Day	7872	1	864	242	28.01	57	67	1	1	0	1	5	23	3	1	46	1	0	36	0
Pct 7872	VBM	7872	1	864	369	42.71	80	133	2	5	4	1	9	45	3	3	52	0	0	32	0
Pct 7873	Election Day	7873	1	841	231	27.47	58	62	0	0	1	0	2	24	1	2	52	1	0	28	0
Pct 7873	VBM	7873	1	841	387	46.02	104	111	3	0	4	0	10	44	5	4	57	0	0	45	0
Pct 7874	Election Day	7874	1	453	85	18.76	17	22	1	0	2	0	3	8	1	2	17	0	0	12	0
Pct 7874	VBM	7874	1	453	174	38.41	28	70	0	2	3	0	0	28	3	3	20	0	0	17	0
Pct 7875	Election Day	7875	1	615	127	20.65	21	26	0	2	2	1	3	19	4	5	32	1	0	11	0
Pct 7875	VBM	7875	1	615	203	33.01	32	58	0	4	7	1	5	22	4	3	41	1	0	25	0
Pct 7876	Election Day	7876	1	491	101	20.57	16	28	1	2	1	0	1	17	0	3	18	0	0	14	0
Pct 7876	VBM	7876	1	491	148	30.14	21	52	0	1	0	1	2	24	0	0	25	0	0	22	0
Pct 7901	Election Day	7901	1	466	87	18.67	14	13	1	1	0	2	3	16	2	3	14	1	0	17	0
Pct 7901	VBM	7901	1	466	133	28.54	18	32	1	0	1	3	3	31	2	3	21	0	0	18	0
Pct 7902	Election Day	7902	1	921	188	20.41	23	36	0	3	0	4	6	33	4	3	60	0	0	15	1
Pct 7902	VBM	7902	1	921	259	28.12	38	65	1	4	4	3	6	42	7	4	58	1	0	26	0
Pct 7903	Election Day	7903	1	819	144	17.58	16	31	4	7	0	2	3	21	7	4	29	1	0	19	0
Pct 7903	VBM	7903	1	819	244	29.79	31	54	2	3	1	3	20	54	1	3	50	0	0	21	1
Pct 7904	Election Day	7904	1	846	137	16.19	23	25	3	2	1	0	3	14	0	2	49	0	0	15	0
Pct 7904	VBM	7904	1	846	248	29.31	35	51	1	6	2	2	13	52	2	13	49	0	0	22	0
Pct 7905	Election Day	7905	1	821	199	24.24	35	37	1	3	0	3	6	36	4	5	56	0	0	13	0
Pct 7905	VBM	7905	1	821	275	33.5	53	81	1	6	1	1	6	34	5	6	52	0	0	29	0
Pct 7906	Election Day	7906	1	769	164	21.33	15	36	1	2	0	1	1	21	4	3	60	1	0	19	0
Pct 7906	VBM	7906	1	769	214	27.83	47	52	2	3	0	1	5	25	4	2	54	0	0	18	1
Pct 7907	Election Day	7907	1	926	201	21.71	23	39	0	5	2	0	1	25	4	3	77	2	0	20	0
Pct 7907	VBM	7907	1	926	286	30.89	50	59	0	4	2	2	2	50	3	7	71	1	0	35	0
Pct 7908	Election Day	7908	1	936	191	20.41	29	33	1	0	3	0	6	28	6	5	51	1	0	26	2
Pct 7908	VBM	7908	1	936	267	28.53	39	48	4	2	8	1	8	44	3	9	62	0	0	38	1
Pct 7909	Election Day	7909	1	726	190	26.17	29	29	3	3	0	2	1	26	1	2	71	0	0	21	2
Pct 7909	VBM	7909	1	726	221	30.44	38	56	0	2	1	1	1	28	3	0	69	0	0	21	1
Pct 7911	Election Day	7911	1	849	192	22.61	44	45	0	2	3	1	1	26	1	2	45	1	0	20	1
Pct 7911	VBM	7911	1	849	250	29.45	47	71	5	2	1	1	9	29	5	3	49	1	0	26	1
Pct 7912	Election Day	7912	1	1036	215	20.75	28	33	2	3	3	1	1	23	4	1	90	0	0	25	1
Pct 7912	VBM	7912	1	1036	314	30.31	54	76	7	2	4	2	3	40	6	3	87	0	0	28	2
Pct 7913	Election Day	7913	1	887	240	27.06	29	50	1	0	1	1	4	39	5	3	83	0	0	24	0
Pct 7913	VBM	7913	1	887	244	27.51	51	49	0	2	3	0	0	29	12	5	72	1	0	20	0
Pct 7914	Election Day	7914	1	833	208	24.97	37	33	1	1	1	2	2	33	6	4	65	1	0	21	1
Pct 7914	VBM	7914	1	833	253	30.37	43	58	5	3	1	4	2	42	4	4	67	0	0	15	5
Pct 7915	Election Day	7915	1	802	213	26.56	18	48	4	2	4	1	1	34	5	7	63	0	0	23	3
Pct 7915	VBM	7915	1	802	222	27.68	40	45	0	2	0	0	3	31	4	7	59	0	0	29	2
Pct 7916	Election Day	7916	1	887	215	24.24	28	38	5	2	2	2	2	31	0	3	80	0	0	22	0
Pct 7916	VBM	7916	1	887	289	32.58	51	64	1	4	2	0	2	44	0	13	86	0	0	22	0
Pct 7917	Election Day	7917	1	983	254	25.84	29	35	3	4	5	0	3	42	7	4	89	0	0	33	0
Pct 7917	VBM	7917	1	983	287	29.2	39	59	1	1	1	2	6	46	2	7	92	3	0	26	2
Pct 7918	Election Day	7918	1	790	191	24.18	27	31	0	2	1	1	3	23	4	1	72	0	0	26	0
Pct 7918	VBM	7918	1	790	234	29.62	55	58	0	0	0	2	6	33	0	0	62	1	0	17	0
Pct 7919	Election Day	7919	1	857	217	25.32	19	37	1	3	0	3	5	36	7	3	77	1	0	25	0
Pct 7919	VBM	7919	1	857	241	28.12	29	47	1	4	4	0	8	40	2	6	80	0	0	20	0
Pct 7921	Election Day	7921	1	883	151	17.1	19	21	2	1	3	3	2	25	0	3	49	2	0	21	0
Pct 7921	VBM	7921	1	883	210	23.78	23	39	1	3	6	4	10	44	6	7	50	0	0	17	0
Pct 7922	Election Day	7922	1	797	182	22.84	15	33	3	1	0	0	2	28	1	1	85	0	0	13	0
Pct 7922	VBM	7922	1	797	241	30.24	34	67	2	1	3	1	7	51	2	4	54	0	0	14	1
Pct 7923	Election Day	7923	1	863	202	23.41	20	28	0	4	2	1	0	34	9	3	78	0	0	22	1
Pct 7923	VBM	7923	1	863	241	27.93	34	50	2	4	2	0	5	42	6	5	66	0	0	25	0
Pct 7924	Election Day	7924	1	806	172	21.34	11	29	2	3	0	1	1	34	6	5	64	1	0	15	0
Pct 7924	VBM	7924	1	806	247	30.65	31	50	2	3	1	3	11	47	6	6	66	0	0	20	1
Pct 7925	Election Day	7925	1	570	114	20	10	25	0	1	0	0	2	15	1	3	38	2	0	16	1
Pct 7925	VBM	7925	1	570	191	33.51	28	48	1	5	1	0	4	26	4	4	56	0	0	14	0
Pct 7926	Election Day	7926	1	768	177	23.05	30	50	1	2	0	0	0	28	1	2	49	2	0	12	0
Pct 7926	VBM	7926	1	768	296	38.54	46	72	0	5	6	1	11	38	4	8	77	2	0	25	1
Pct 7927	Election Day	7927	1	733	187	25.51	25	35	1	2	0	0	2	25	2	2	71	2	0	20	0
Pct 7927	VBM	7927	1	733	289	39.43	51	99	1	1	5	0	1	41	2	0	64	0	0	23	1
Pct 7928	Election Day	7928	1	899	253	28.14	57	54	1	2	2	1	6	31	1	6	73	0	0	19	0
Pct 7928	VBM	7928	1	899	297	33.04	51	84	0	4	4	0	4	43	4	5	73	0	0	25	0
Pct 7929	Election Day	7929	1	840	200	23.81	39	44	0	3	2	0	3	32	2	1	53	0	0	21	0
Pct 7929	VBM	7929	1	840	367	43.69	70	98	8	3	1	1	4	43	4	9	88	0	0	35	3
Pct 7931	Election Day	7931	1	732	189	25.82	47	58	1	1	1	1	5	19	1	0	35	0	0	20	0
Pct 7931	VBM	7931	1	732	317	43.31	66	108	3	1	1	2	7	39	1	3	48	0	0	37	1
Pct 7932	Election Day	7932	1	551	112	20.33	20	29	0	1	0	0	3	12	2	4	34	0	0	7	0
Pct 7932	VBM	7932	1	551	225	40.83	39	61	4	2	2	4	5	27	1	5	48	0	0	26	1
Pct 7933 MB	Election Day	7933	1	8	0	0	0	0	0	0	0	0	0	0	0	0	0	0	0	0	0
Pct 7933 MB	VBM	7933	1	8	4	50	2	1	0	0	0	0	0	0	0	0	0	0	0	1	0
Pct 7934	Election Day	7934	1	885	195	22.03	26	41	2	1	0	1	3	28	4	0	64	0	0	25	0
Pct 7934	VBM	7934	1	885	328	37.06	41	86	4	1	1	2	5	53	5	7	89	3	0	30	1
Pct 7935	Election Day	7935	1	938	283	30.17	58	59	1	4	1	0	5	35	1	2	82	0	0	35	0
Pct 7935	VBM	7935	1	938	370	39.45	68	109	1	2	4	1	3	50	0	10	86	0	0	35	1
Pct 7936	Election Day	7936	1	832	246	29.57	38	52	2	1	3	2	3	36	1	5	79	0	0	24	0
Pct 7936	VBM	7936	1	832	326	39.18	62	87	3	8	3	2	2	35	5	7	72	2	0	38	0
Pct 7937	Election Day	7937	1	874	223	25.51	28	56	2	1	4	2	3	31	4	1	64	0	0	26	1
Pct 7937	VBM	7937	1	874	309	35.35	45	96	1	5	0	2	7	49	3	4	65	1	0	31	0
Pct 7938	Election Day	7938	1	774	162	20.93	29	31	0	4	3	1	1	26	5	3	40	0	0	19	0
Pct 7938	VBM	7938	1	774	247	31.91	34	69	0	2	1	1	3	42	3	8	66	0	0	17	1
Pct 7939	Election Day	7939	1	667	186	27.89	30	50	0	2	2	3	3	24	0	2	46	1	0	23	0
Pct 7939	VBM	7939	1	667	230	34.48	37	60	1	1	1	3	4	31	3	2	51	0	0	34	2
Pct 7941	Election Day	7941	1	728	167	22.94	28	29	2	4	1	0	4	30	3	2	43	1	0	20	0
Pct 7941	VBM	7941	1	728	236	32.42	36	60	3	7	2	0	3	34	1	2	55	0	0	33	0
Pct 7942	Election Day	7942	1	893	166	18.59	24	39	0	1	1	1	7	26	4	3	34	0	0	26	0
Pct 7942	VBM	7942	1	893	286	32.03	52	76	3	1	3	7	10	50	5	5	44	1	0	29	0
Pct 7943	Election Day	7943	1	887	192	21.65	24	50	1	5	6	1	8	34	5	7	36	0	0	15	0
Pct 7943	VBM	7943	1	887	319	35.96	52	89	4	3	6	4	21	55	6	4	48	0	0	26	1
Pct 7944	Election Day	7944	1	769	201	26.14	46	48	0	1	2	2	1	23	4	0	59	0	0	15	0
Pct 7944	VBM	7944	1	769	235	30.56	44	70	4	3	3	0	3	37	3	5	39	0	0	23	1
Pct 7945	Election Day	7945	1	897	118	13.15	24	30	0	1	1	0	3	18	2	2	26	0	0	11	0
Pct 7945	VBM	7945	1	897	294	32.78	39	82	2	1	0	2	10	43	4	7	72	0	0	31	1
Pct 7946	Election Day	7946	1	909	134	14.74	22	29	1	2	5	1	4	21	2	3	31	0	0	13	0
Pct 7946	VBM	7946	1	909	348	38.28	36	65	5	3	17	2	41	80	8	15	27	2	0	46	1
Pct 7947	Election Day	7947	1	894	128	14.32	17	34	2	3	3	4	5	26	4	1	9	1	0	18	1
Pct 7947	VBM	7947	1	894	327	36.58	44	43	4	4	8	6	23	70	13	15	26	0	0	66	5
Pct 7948	Election Day	7948	1	900	165	18.33	24	31	0	0	4	2	8	32	5	3	36	1	0	18	1
Pct 7948	VBM	7948	1	900	313	34.78	53	60	1	4	10	2	28	58	4	18	36	1	0	37	1
Pct 7949	Election Day	7949	1	552	78	14.13	6	19	0	2	6	0	5	12	3	3	9	1	0	12	0
Pct 7949	VBM	7949	1	552	224	40.58	21	57	2	2	9	5	30	39	7	8	10	0	0	32	2
Pct 7951	Election Day	7951	1	830	97	11.69	14	23	1	0	1	2	7	16	1	1	14	0	0	17	0
Pct 7951	VBM	7951	1	830	341	41.08	47	46	3	8	17	10	43	68	8	18	30	1	0	41	1
Pct 7952	Election Day	7952	1	823	100	12.15	11	21	0	2	4	4	12	18	1	7	5	2	0	13	0
Pct 7952	VBM	7952	1	823	288	34.99	30	63	5	5	5	8	20	61	6	16	33	1	0	33	2
Pct 7953	Election Day	7953	1	795	103	12.96	22	25	2	3	3	1	3	17	2	2	14	0	0	9	0
Pct 7953	VBM	7953	1	795	294	36.98	37	66	2	2	18	3	25	49	13	13	25	0	0	39	2
Pct 7954 MB	Election Day	7954	1	0	0	0	0	0	0	0	0	0	0	0	0	0	0	0	0	0	0
Pct 7954 MB	VBM	7954	1	0	0	0	0	0	0	0	0	0	0	0	0	0	0	0	0	0	0
Pct 7955	Election Day	7955	1	854	116	13.58	15	27	0	3	4	0	10	21	1	4	20	0	0	11	0
Pct 7955	VBM	7955	1	854	320	37.47	39	61	6	1	9	9	23	61	10	19	28	1	0	52	1
Pct 7956	Election Day	7956	1	779	101	12.97	8	16	1	4	5	1	6	15	3	5	9	1	0	27	0
Pct 7956	VBM	7956	1	779	247	31.71	35	41	3	1	10	8	34	42	5	13	19	0	0	36	0
Pct 7957	Election Day	7957	1	623	97	15.57	18	27	2	2	0	1	4	12	3	1	17	1	0	8	1
Pct 7957	VBM	7957	1	623	217	34.83	28	65	0	4	3	1	17	39	5	8	25	1	0	21	0
Pct 7958 MB	Election Day	7958	1	263	13	4.94	0	0	1	2	0	1	0	2	0	0	5	0	0	2	0
Pct 7958 MB	VBM	7958	1	263	104	39.54	13	19	2	0	4	6	4	22	5	3	16	0	0	10	0
Pct 7959	Election Day	7959	1	695	110	15.83	21	17	1	6	0	1	1	16	1	2	32	0	0	12	0
Pct 7959	VBM	7959	1	695	190	27.34	34	66	2	5	1	1	4	30	1	0	29	1	0	16	0
Pct 9001 MB	Election Day	9001	1	257	8	3.11	2	2	0	0	0	0	2	1	0	0	0	0	0	1	0
Pct 9001 MB	VBM	9001	1	257	101	39.3	11	33	1	3	1	0	1	35	3	3	1	0	0	9	0
Pct 9101	Election Day	9101	1	833	190	22.81	28	54	1	5	0	2	9	29	5	8	24	1	0	24	0
Pct 9101	VBM	9101	1	833	323	38.78	47	102	2	8	5	1	26	47	9	11	25	0	0	37	3
Pct 9102	Election Day	9102	1	950	182	19.16	36	38	0	0	4	2	11	26	4	8	27	1	0	25	0
Pct 9102	VBM	9102	1	950	335	35.26	61	87	4	1	12	3	22	43	11	13	39	2	0	36	1
Pct 9103	Election Day	9103	1	924	174	18.83	46	43	1	0	7	0	7	22	3	4	21	0	0	19	1
Pct 9103	VBM	9103	1	924	302	32.68	46	72	3	8	12	3	17	52	9	10	24	4	0	42	0
Pct 9104	Election Day	9104	1	937	176	18.78	22	32	1	8	3	2	4	31	7	4	37	1	0	24	0
Pct 9104	VBM	9104	1	937	332	35.43	54	80	2	7	9	2	14	65	6	18	35	0	0	40	0
Pct 9105	Election Day	9105	1	888	191	21.51	34	39	1	3	6	0	7	44	2	3	26	2	0	24	0
Pct 9105	VBM	9105	1	888	339	38.18	61	78	6	3	4	2	28	55	5	10	44	2	0	39	2
Pct 9106	Election Day	9106	1	907	213	23.48	48	55	0	5	2	1	5	26	13	6	29	0	0	23	0
Pct 9106	VBM	9106	1	907	334	36.82	61	89	3	1	7	2	21	53	9	13	36	0	0	39	0
Pct 9107	Election Day	9107	1	806	164	20.35	20	50	0	1	8	1	3	27	6	2	28	0	0	17	1
Pct 9107	VBM	9107	1	806	246	30.52	36	52	2	3	9	0	22	43	3	14	36	0	0	25	1
Pct 9108	Election Day	9108	1	761	185	24.31	26	43	5	6	2	0	13	25	3	1	44	0	0	17	0
Pct 9108	VBM	9108	1	761	220	28.91	41	50	1	5	6	0	8	41	3	6	30	0	0	29	0
Pct 9109	Election Day	9109	1	848	205	24.17	39	43	1	5	4	0	6	31	7	4	37	0	0	28	0
Pct 9109	VBM	9109	1	848	285	33.61	61	75	1	6	3	1	10	49	4	7	30	0	0	38	0
Pct 9111	Election Day	9111	1	756	150	19.84	26	26	1	3	2	1	7	32	4	7	23	0	0	17	1
Pct 9111	VBM	9111	1	756	226	29.89	38	50	2	6	4	2	18	38	1	4	39	0	0	23	1
Pct 9112	Election Day	9112	1	918	211	22.98	35	37	0	5	2	0	5	31	7	6	52	1	0	29	1
Pct 9112	VBM	9112	1	918	295	32.14	66	75	4	2	3	0	12	41	5	11	42	1	0	31	2
Pct 9113	Election Day	9113	1	959	231	24.09	45	46	0	7	5	1	7	43	9	5	36	1	0	25	1
Pct 9113	VBM	9113	1	959	351	36.6	78	74	4	1	8	2	19	44	16	12	53	1	0	39	0
Pct 9114	Election Day	9114	1	820	170	20.73	22	49	0	1	1	1	5	34	3	3	30	0	0	20	1
Pct 9114	VBM	9114	1	820	273	33.29	34	63	1	5	8	3	10	50	5	9	49	0	0	36	0
Pct 9115	Election Day	9115	1	873	172	19.7	28	44	3	2	0	0	3	29	10	5	37	0	0	11	0
Pct 9115	VBM	9115	1	873	287	32.88	54	60	1	2	9	0	11	54	6	4	58	0	0	28	0
Pct 9116	Election Day	9116	1	903	193	21.37	29	37	0	3	2	0	4	37	4	6	50	1	0	20	0
Pct 9116	VBM	9116	1	903	314	34.77	51	74	1	5	11	3	14	46	5	12	52	1	0	39	0
Pct 9117	Election Day	9117	1	756	180	23.81	40	42	1	2	3	0	8	30	2	2	34	0	0	16	0
Pct 9117	VBM	9117	1	756	285	37.7	56	82	0	5	10	2	10	44	6	7	25	0	0	38	0
Pct 9118	Election Day	9118	1	923	184	19.93	31	29	0	3	7	1	8	29	6	5	36	0	0	29	0
Pct 9118	VBM	9118	1	923	268	29.04	31	62	0	1	9	0	22	40	7	10	40	0	0	44	2
Pct 9119	Election Day	9119	1	856	152	17.76	26	26	0	2	8	2	2	22	2	6	33	0	0	23	0
Pct 9119	VBM	9119	1	856	323	37.73	48	70	2	3	13	7	17	54	16	11	43	0	0	39	0
Pct 9121	Election Day	9121	1	890	188	21.12	25	42	2	3	3	1	11	24	12	7	36	0	0	22	0
Pct 9121	VBM	9121	1	890	274	30.79	45	67	1	0	9	2	17	46	10	7	34	1	0	35	0
Pct 9122	Election Day	9122	1	913	131	14.35	21	25	0	1	2	0	7	21	5	2	31	0	0	16	0
Pct 9122	VBM	9122	1	913	292	31.98	35	65	2	4	11	2	25	48	5	20	32	0	0	42	1
Pct 9123	Election Day	9123	1	829	175	21.11	42	36	1	1	4	2	3	29	9	7	23	0	0	18	0
Pct 9123	VBM	9123	1	829	270	32.57	35	52	0	2	8	4	23	55	6	16	40	1	0	28	0
Pct 9124	Election Day	9124	1	832	150	18.03	18	34	6	2	1	0	5	23	4	5	33	0	0	19	0
Pct 9124	VBM	9124	1	832	290	34.86	49	62	1	6	6	1	16	54	7	15	34	0	0	39	0
Pct 9125	Election Day	9125	1	822	159	19.34	22	34	0	4	6	0	2	28	3	4	30	1	0	25	0
Pct 9125	VBM	9125	1	822	299	36.37	51	87	2	5	5	1	18	39	6	9	37	1	0	38	0
Pct 9126	Election Day	9126	1	945	186	19.68	29	42	7	1	7	1	5	25	7	6	37	0	0	19	0
Pct 9126	VBM	9126	1	945	350	37.04	55	66	0	2	12	3	19	51	11	18	54	1	0	58	0
Pct 9127	Election Day	9127	1	908	209	23.02	41	59	0	2	4	2	6	29	5	4	36	0	0	21	0
Pct 9127	VBM	9127	1	908	315	34.69	57	69	3	3	7	2	6	64	7	10	40	1	0	45	1
Pct 9128	Election Day	9128	1	805	188	23.35	32	52	1	3	2	0	7	26	6	4	32	0	0	22	1
Pct 9128	VBM	9128	1	805	296	36.77	66	73	3	2	17	1	14	30	14	16	28	0	0	32	0
Pct 9129	Election Day	9129	1	713	173	24.26	24	38	3	2	3	0	6	30	4	4	37	1	0	20	1
Pct 9129	VBM	9129	1	713	225	31.56	42	57	5	2	5	0	13	37	4	7	21	0	0	32	0
Pct 9131	Election Day	9131	1	740	151	20.41	33	31	1	2	2	0	3	27	4	1	29	1	0	17	0
Pct 9131	VBM	9131	1	740	274	37.03	56	65	2	4	5	1	15	44	6	6	45	0	0	24	1
Pct 9132	Election Day	9132	1	827	167	20.19	32	35	1	0	4	0	1	19	3	1	44	1	0	26	0
Pct 9132	VBM	9132	1	827	251	30.35	50	56	2	1	4	1	7	47	4	8	33	2	0	34	2
Pct 9133	Election Day	9133	1	1007	188	18.67	45	52	1	3	0	0	2	31	2	0	38	0	0	14	0
Pct 9133	VBM	9133	1	1007	388	38.53	62	96	5	3	9	4	12	76	15	6	52	0	0	48	0
Pct 9134	Election Day	9134	1	893	132	14.78	28	17	0	2	0	0	5	27	1	4	33	0	0	15	0
Pct 9134	VBM	9134	1	893	297	33.26	56	65	6	3	11	1	8	49	8	7	47	0	0	35	1
Pct 9135	Election Day	9135	1	778	149	19.15	25	30	2	6	11	3	5	20	8	2	22	0	0	15	0
Pct 9135	VBM	9135	1	778	269	34.58	46	59	2	3	13	1	15	59	6	13	22	0	0	30	0
Pct 9136	Election Day	9136	1	894	191	21.36	35	40	3	2	3	0	5	29	6	3	44	1	0	20	0
Pct 9136	VBM	9136	1	894	289	32.33	36	78	3	2	9	3	12	43	7	7	39	0	0	49	1
Pct 9137	Election Day	9137	1	946	201	21.25	34	30	3	4	9	2	15	37	6	3	33	0	0	25	0
Pct 9137	VBM	9137	1	946	323	34.14	49	62	4	3	10	9	5	60	10	19	40	1	0	51	0
Pct 9138	Election Day	9138	1	892	155	17.38	30	39	2	1	2	0	5	24	5	7	24	1	0	15	0
Pct 9138	VBM	9138	1	892	323	36.21	55	99	0	1	8	6	23	40	16	7	30	0	0	37	1
Pct 9139	Election Day	9139	1	912	163	17.87	27	36	2	1	0	3	11	22	5	9	28	0	0	19	0
Pct 9139	VBM	9139	1	912	356	39.04	53	72	2	7	22	3	28	60	10	22	31	1	0	42	3
Pct 9141	Election Day	9141	1	904	168	18.58	37	39	0	1	9	1	6	16	6	5	25	0	0	23	0
Pct 9141	VBM	9141	1	904	328	36.28	50	86	5	7	8	5	16	53	11	9	47	0	0	29	2
Pct 9142	Election Day	9142	1	921	219	23.78	28	57	1	3	5	0	3	47	7	5	41	3	0	19	0
Pct 9142	VBM	9142	1	921	288	31.27	44	65	1	2	8	5	7	63	6	12	37	1	0	37	0
Pct 9143	Election Day	9143	1	887	196	22.1	33	31	0	2	3	1	2	40	5	4	48	0	0	27	0
Pct 9143	VBM	9143	1	887	315	35.51	41	62	2	2	15	1	18	53	5	19	54	1	0	40	2
Pct 9144	Election Day	9144	1	931	221	23.74	46	31	0	1	6	1	11	36	4	3	58	1	0	23	0
Pct 9144	VBM	9144	1	931	322	34.59	58	66	1	1	9	0	15	66	8	18	49	0	0	31	0
Pct 9145	Election Day	9145	1	837	197	23.54	36	37	2	4	5	1	8	37	4	6	37	0	0	20	0
Pct 9145	VBM	9145	1	837	282	33.69	55	61	1	4	10	2	14	40	4	10	40	1	0	40	0
Pct 9146	Election Day	9146	1	866	206	23.79	37	49	1	2	5	0	4	29	3	3	43	1	0	29	0
Pct 9146	VBM	9146	1	866	297	34.3	53	74	0	1	6	0	18	43	2	6	65	0	0	29	0
Pct 9147	Election Day	9147	1	920	227	24.67	43	29	3	3	3	1	5	41	7	6	51	1	0	34	0
Pct 9147	VBM	9147	1	920	318	34.57	52	66	0	3	3	0	9	49	6	9	77	0	0	42	2
Pct 9148	Election Day	9148	1	946	226	23.89	64	48	0	1	3	0	5	33	6	4	41	2	0	18	1
Pct 9148	VBM	9148	1	946	322	34.04	63	85	3	3	7	0	9	56	3	5	50	0	0	38	0
Pct 9149	Election Day	9149	1	884	196	22.17	39	53	1	3	1	0	2	22	9	3	41	1	0	21	0
Pct 9149	VBM	9149	1	884	296	33.48	60	68	1	2	6	0	5	47	7	11	55	0	0	33	1
Pct 9151	Election Day	9151	1	806	152	18.86	34	42	0	2	4	0	2	21	3	5	22	0	0	17	0
Pct 9151	VBM	9151	1	806	267	33.13	64	66	1	2	13	0	4	48	9	5	22	0	0	31	2
Pct 9152	Election Day	9152	1	712	67	9.41	11	11	0	2	0	0	1	13	2	3	16	0	0	8	0
Pct 9152	VBM	9152	1	712	138	19.38	25	41	1	2	12	0	2	7	1	5	29	0	0	12	1
Pct 9201	Election Day	9201	1	953	201	21.09	38	56	4	2	2	1	3	33	6	8	37	0	0	11	0
Pct 9201	VBM	9201	1	953	229	24.03	46	57	0	5	4	3	4	34	2	13	39	0	0	22	0
Pct 9202	Election Day	9202	1	908	184	20.26	33	54	4	1	4	0	6	25	5	5	24	0	0	23	0
Pct 9202	VBM	9202	1	908	218	24.01	44	67	2	5	0	0	8	26	5	7	32	0	0	21	1
Pct 9203	Election Day	9203	1	968	145	14.98	35	30	0	3	3	1	12	21	8	6	8	0	0	18	0
Pct 9203	VBM	9203	1	968	300	30.99	61	82	2	4	21	0	32	38	9	13	7	0	0	31	0
Pct 9204	Election Day	9204	1	809	147	18.17	37	32	0	2	10	1	7	15	7	7	8	1	0	20	0
Pct 9204	VBM	9204	1	809	223	27.56	53	56	0	2	11	3	22	29	10	8	11	1	0	17	0
Pct 9205	Election Day	9205	1	694	113	16.28	32	22	2	0	2	0	4	20	0	4	14	0	0	13	0
Pct 9205	VBM	9205	1	694	201	28.96	43	57	1	6	6	1	8	23	4	8	12	0	0	32	0
Pct 9206	Election Day	9206	1	887	135	15.22	36	25	0	4	6	0	13	20	9	4	6	0	0	12	0
Pct 9206	VBM	9206	1	887	294	33.15	73	76	0	8	23	0	29	26	15	7	8	1	0	28	0
Pct 9207	Election Day	9207	1	913	148	16.21	33	35	0	5	7	0	17	19	5	3	5	0	0	18	1
Pct 9207	VBM	9207	1	913	249	27.27	49	68	1	7	6	0	20	34	12	7	13	0	0	32	0
Pct 9208	Election Day	9208	1	936	147	15.71	25	39	2	3	4	1	12	24	6	4	11	0	0	15	1
Pct 9208	VBM	9208	1	936	240	25.64	54	68	1	3	7	0	18	26	6	16	11	1	1	27	1
Pct 9209	Election Day	9209	1	675	121	17.93	23	30	0	1	6	0	6	22	4	4	7	0	0	18	0
Pct 9209	VBM	9209	1	675	188	27.85	45	61	1	3	9	1	16	20	4	7	3	1	0	17	0
Pct 9211	Election Day	9211	1	834	130	15.59	22	30	0	2	7	1	5	29	4	4	8	0	0	18	0
Pct 9211	VBM	9211	1	834	212	25.42	36	60	1	4	9	0	13	28	9	11	12	0	0	28	1
Pct 9212	Election Day	9212	1	764	121	15.84	24	33	1	2	2	1	7	20	3	2	13	0	0	12	1
Pct 9212	VBM	9212	1	764	205	26.83	39	50	1	6	5	0	14	34	10	7	19	1	0	19	0
Pct 9213	Election Day	9213	1	890	140	15.73	25	46	0	0	3	0	2	27	3	4	13	0	0	17	0
Pct 9213	VBM	9213	1	890	260	29.21	54	65	0	8	11	1	14	35	6	9	18	0	0	39	0
Pct 9214	Election Day	9214	1	581	92	15.83	18	18	1	4	4	0	7	9	1	3	8	0	0	19	0
Pct 9214	VBM	9214	1	581	203	34.94	61	43	1	4	13	1	15	24	7	10	5	0	0	19	0
Pct 9215	Election Day	9215	1	626	130	20.77	32	27	0	1	9	1	11	11	7	6	4	1	0	20	0
Pct 9215	VBM	9215	1	626	170	27.16	51	52	1	3	7	0	10	16	2	4	4	0	0	20	0
Pct 9216	Election Day	9216	1	798	134	16.79	45	27	0	0	2	2	7	18	3	4	3	0	0	22	1
Pct 9216	VBM	9216	1	798	206	25.81	55	53	1	3	16	1	9	18	4	10	8	0	0	27	1
Pct 9217	Election Day	9217	1	684	123	17.98	18	32	2	3	6	1	5	25	1	7	7	1	0	15	0
Pct 9217	VBM	9217	1	684	187	27.34	27	58	2	6	10	1	9	24	6	7	7	0	0	29	1
Pct 9218	Election Day	9218	1	797	119	14.93	25	32	0	4	5	0	5	19	2	6	6	0	0	15	0
Pct 9218	VBM	9218	1	797	225	28.23	44	63	0	4	12	0	11	29	7	12	5	0	0	38	0
Pct 9219	Election Day	9219	1	733	146	19.92	30	36	1	2	4	0	8	25	6	3	11	0	0	20	0
Pct 9219	VBM	9219	1	733	187	25.51	41	60	0	1	6	0	7	30	5	2	12	0	0	23	0
Pct 9221	Election Day	9221	1	641	121	18.88	29	38	1	3	3	0	5	12	7	4	1	2	0	16	0
Pct 9221	VBM	9221	1	641	278	43.37	76	75	0	7	8	0	16	22	10	19	10	1	0	33	1
Pct 9222	Election Day	9222	1	842	139	16.51	46	39	0	2	4	0	4	12	2	5	7	0	0	18	0
Pct 9222	VBM	9222	1	842	268	31.83	86	62	1	2	13	0	13	30	12	13	8	0	0	28	0
Pct 9223	Election Day	9223	1	606	88	14.52	25	17	1	0	4	0	5	15	2	6	4	1	0	8	0
Pct 9223	VBM	9223	1	606	202	33.33	56	47	0	2	5	0	16	21	3	11	8	0	0	33	0
Pct 9224	Election Day	9224	1	912	171	18.75	37	38	0	1	7	1	12	22	8	9	12	0	0	24	0
Pct 9224	VBM	9224	1	912	308	33.77	65	86	0	11	9	0	29	31	10	13	14	0	0	39	1
Pct 9225	Election Day	9225	1	898	161	17.93	40	44	0	3	7	0	9	16	6	6	18	0	0	12	0
Pct 9225	VBM	9225	1	898	243	27.06	30	76	1	6	8	3	16	23	5	16	24	0	0	35	0
Pct 9226	Election Day	9226	1	905	143	15.8	29	36	0	3	12	0	9	25	2	3	10	1	0	13	0
Pct 9226	VBM	9226	1	905	312	34.48	71	77	2	2	8	0	18	46	4	14	13	1	0	55	1
Pct 9227	Election Day	9227	1	729	140	19.2	43	36	1	3	3	2	4	16	6	5	8	0	0	13	0
Pct 9227	VBM	9227	1	729	304	41.7	67	73	2	7	15	2	24	42	3	12	15	0	0	42	0
Pct 9228	Election Day	9228	1	726	175	24.1	49	52	2	1	7	0	9	13	7	5	13	0	0	17	0
Pct 9228	VBM	9228	1	726	277	38.15	82	70	1	1	11	1	27	27	13	14	5	0	0	25	0
Pct 9229	Election Day	9229	1	596	130	21.81	32	26	0	2	3	0	4	19	4	8	14	1	0	17	0
Pct 9229	VBM	9229	1	596	219	36.74	64	61	1	2	6	2	8	27	4	8	15	0	0	21	0
Pct 9231	Election Day	9231	1	919	221	24.05	72	47	1	0	4	1	5	32	6	3	31	0	0	19	0
Pct 9231	VBM	9231	1	919	294	31.99	73	69	3	4	14	2	6	44	5	5	31	0	0	38	0
Pct 9232	Election Day	9232	1	701	151	21.54	40	28	0	2	1	1	11	29	4	2	15	1	0	17	0
Pct 9232	VBM	9232	1	701	274	39.09	84	80	2	3	6	0	12	28	10	10	16	0	0	23	0
Pct 9233	Election Day	9233	1	774	139	17.96	51	25	1	1	3	4	3	13	4	4	6	1	0	23	0
Pct 9233	VBM	9233	1	774	308	39.79	87	79	2	5	9	0	18	28	7	12	12	0	0	49	0
Pct 9234	Election Day	9234	1	731	131	17.92	32	28	0	2	1	0	7	15	2	7	13	0	0	23	1
Pct 9234	VBM	9234	1	731	281	38.44	77	73	2	1	10	1	22	41	10	4	10	1	0	29	0
Pct 9235	Election Day	9235	1	842	174	20.67	43	45	1	2	1	0	11	27	9	5	11	0	0	19	0
Pct 9235	VBM	9235	1	842	298	35.39	80	89	1	4	8	0	25	35	7	12	9	0	0	28	0
Pct 9236	Election Day	9236	1	658	130	19.76	29	37	0	2	2	0	7	18	5	3	7	0	0	20	0
Pct 9236	VBM	9236	1	658	207	31.46	69	53	1	2	3	0	3	24	5	10	8	0	0	29	0
Pct 9237	Election Day	9237	1	880	145	16.48	42	46	0	1	3	0	2	15	5	7	12	0	0	12	0
Pct 9237	VBM	9237	1	880	331	37.61	95	87	0	6	11	0	15	35	5	14	11	0	0	52	0
Pct 9238	Election Day	9238	1	792	130	16.41	32	35	1	0	1	0	4	22	4	2	7	0	0	22	0
Pct 9238	VBM	9238	1	792	271	34.22	68	80	0	0	17	0	16	33	8	8	9	0	0	31	1
Pct 9239	Election Day	9239	1	835	117	14.01	39	29	0	1	4	1	3	13	3	2	8	1	0	13	0
Pct 9239	VBM	9239	1	835	318	38.08	88	88	1	1	15	0	19	33	8	8	16	0	0	40	1
Pct 9241	Election Day	9241	1	961	158	16.44	56	32	2	3	3	1	5	19	7	2	12	1	0	14	1
Pct 9241	VBM	9241	1	961	322	33.51	100	82	0	11	7	0	23	30	4	20	17	0	0	27	1
Pct 9242	Election Day	9242	1	940	154	16.38	29	40	1	3	3	2	3	30	5	4	11	0	0	23	0
Pct 9242	VBM	9242	1	940	300	31.91	81	82	3	3	7	0	13	41	5	5	21	0	0	38	1
Pct 9243	Election Day	9243	1	572	135	23.6	36	30	1	0	3	0	4	21	6	3	13	0	0	18	0
Pct 9243	VBM	9243	1	572	188	32.87	48	56	2	4	6	0	8	26	0	3	10	0	0	25	0
Pct 9244	Election Day	9244	1	880	149	16.93	43	45	0	3	1	1	2	27	1	1	7	0	0	18	0
Pct 9244	VBM	9244	1	880	269	30.57	78	80	0	0	3	0	5	34	3	9	18	0	0	39	0
Pct 9245	Election Day	9245	1	706	128	18.13	25	44	1	0	1	0	6	14	2	3	14	1	0	17	0
Pct 9245	VBM	9245	1	706	226	32.01	53	64	2	0	2	0	14	31	6	4	19	0	0	31	0
Pct 9246	Election Day	9246	1	910	139	15.27	39	37	0	2	1	3	4	19	3	3	9	0	0	18	1
Pct 9246	VBM	9246	1	910	299	32.86	64	82	1	2	14	1	7	46	8	5	25	0	0	44	0
Pct 9247	Election Day	9247	1	936	151	16.13	27	36	1	7	3	0	4	29	5	4	20	0	0	15	0
Pct 9247	VBM	9247	1	936	303	32.37	85	96	3	4	12	2	13	28	4	8	27	0	0	19	2
Pct 9248	Election Day	9248	1	898	181	20.16	31	59	1	5	0	0	7	32	2	1	21	0	0	21	1
Pct 9248	VBM	9248	1	898	282	31.4	58	82	1	0	8	1	17	39	1	3	34	1	0	36	1
Pct 9249	Election Day	9249	1	910	187	20.55	42	41	1	5	4	0	7	28	5	6	23	0	0	25	0
Pct 9249	VBM	9249	1	910	314	34.51	75	84	0	4	7	0	17	42	3	8	29	1	0	42	2
Pct 9251	Election Day	9251	1	946	204	21.56	42	49	1	1	11	1	4	35	6	5	29	0	0	20	0
Pct 9251	VBM	9251	1	946	342	36.15	89	105	1	6	6	0	13	48	5	12	25	0	0	32	0
Pct 9252	Election Day	9252	1	913	140	15.33	31	32	0	2	4	0	3	26	3	3	21	0	0	15	0
Pct 9252	VBM	9252	1	913	352	38.55	80	89	3	7	9	0	13	50	7	18	27	1	0	47	1
Pct 9253	Election Day	9253	1	751	138	18.38	24	43	0	1	2	1	10	21	6	3	11	0	0	16	0
Pct 9253	VBM	9253	1	751	272	36.22	67	56	4	5	7	2	21	35	11	7	18	0	0	35	4
Pct 9254	Election Day	9254	1	889	168	18.9	35	54	0	0	1	0	0	30	7	1	23	0	0	17	0
Pct 9254	VBM	9254	1	889	318	35.77	95	76	3	2	9	0	11	59	4	7	22	0	0	29	1
Pct 9255	Election Day	9255	1	545	126	23.12	22	28	0	4	2	2	2	25	2	1	25	0	0	13	0
Pct 9255	VBM	9255	1	545	128	23.49	24	43	0	2	0	1	5	20	2	2	13	1	0	15	0
Pct 9256	Election Day	9256	1	433	77	17.78	16	27	0	1	0	0	2	10	1	1	12	0	0	7	0
Pct 9256	VBM	9256	1	433	103	23.79	16	30	0	2	2	0	3	13	0	3	20	1	0	12	1
Pct 9257 MB	Election Day	9257	1	312	9	2.88	1	1	0	0	0	0	0	3	0	0	3	0	0	1	0
Pct 9257 MB	VBM	9257	1	312	150	48.08	30	33	0	2	0	0	3	31	1	4	39	1	0	6	0
Pct 9258	Election Day	9258	1	699	127	18.17	19	32	1	2	1	1	1	28	2	3	26	0	0	11	0
Pct 9258	VBM	9258	1	699	244	34.91	57	59	1	3	7	0	8	29	2	10	39	0	0	27	2
Pct 9401	Election Day	9401	1	970	194	20	25	39	2	1	1	0	4	39	3	3	48	1	0	28	0
Pct 9401	VBM	9401	1	970	293	30.21	40	82	2	5	5	1	7	43	3	16	52	1	0	35	1
Pct 9402	Election Day	9402	1	931	197	21.16	29	32	5	1	3	2	5	38	7	4	45	0	0	26	0
Pct 9402	VBM	9402	1	931	307	32.98	38	66	3	1	7	2	15	54	6	12	49	0	0	53	1
Pct 9403	Election Day	9403	1	853	167	19.58	24	38	1	1	1	0	7	29	8	4	31	0	0	23	0
Pct 9403	VBM	9403	1	853	286	33.53	44	46	4	4	16	2	20	48	4	9	50	1	0	37	1
Pct 9404	Election Day	9404	1	889	153	17.21	35	34	1	2	5	0	2	20	4	6	27	0	0	17	0
Pct 9404	VBM	9404	1	889	320	36	37	66	3	2	17	1	28	55	6	8	47	0	0	50	0
Pct 9405	Election Day	9405	1	757	160	21.14	30	36	2	3	7	1	10	23	9	1	18	0	0	20	0
Pct 9405	VBM	9405	1	757	245	32.36	31	39	3	1	3	0	11	51	13	23	24	0	0	45	1
Pct 9406	Election Day	9406	1	815	179	21.96	26	32	3	6	10	1	14	23	3	11	32	0	0	16	2
Pct 9406	VBM	9406	1	815	277	33.99	37	64	2	1	9	3	10	53	9	13	40	0	0	35	1
Pct 9407	Election Day	9407	1	861	191	22.18	33	45	1	3	5	2	10	30	7	7	28	0	0	20	0
Pct 9407	VBM	9407	1	861	284	32.98	44	67	2	1	11	0	14	39	13	13	48	0	0	32	0
Pct 9408	Election Day	9408	1	837	187	22.34	27	25	1	3	6	0	4	32	6	1	51	1	0	30	0
Pct 9408	VBM	9408	1	837	246	29.39	34	59	2	5	4	1	4	35	6	5	62	0	0	29	0
Pct 9409	Election Day	9409	1	565	140	24.78	20	37	1	1	1	0	2	31	4	7	28	0	0	8	0
Pct 9409	VBM	9409	1	565	170	30.09	21	38	3	2	5	0	9	22	1	9	37	1	0	22	0
Pct 9411	Election Day	9411	1	936	175	18.7	30	47	0	4	3	3	2	27	4	2	35	0	0	18	0
Pct 9411	VBM	9411	1	936	261	27.88	44	59	2	6	9	0	6	57	9	4	42	1	0	21	1
Pct 9412	Election Day	9412	1	843	164	19.45	30	39	1	1	3	4	0	26	9	10	24	2	0	15	0
Pct 9412	VBM	9412	1	843	285	33.81	42	50	4	2	7	4	21	53	6	8	48	1	0	39	0
Pct 9413	Election Day	9413	1	858	172	20.05	33	34	0	3	4	4	8	26	6	6	24	1	0	23	0
Pct 9413	VBM	9413	1	858	310	36.13	47	64	5	2	10	3	15	51	13	10	38	0	0	51	1
Pct 9414	Election Day	9414	1	862	159	18.45	22	35	1	4	6	0	4	25	6	2	23	2	0	29	0
Pct 9414	VBM	9414	1	862	307	35.61	38	81	1	3	15	2	10	59	10	6	37	2	0	42	1
Pct 9415	Election Day	9415	1	755	121	16.03	24	28	0	2	1	0	4	20	9	2	16	0	0	15	0
Pct 9415	VBM	9415	1	755	284	37.62	50	60	5	6	12	2	22	39	14	12	25	0	0	37	0
Pct 9416	Election Day	9416	1	962	198	20.58	45	39	0	2	4	1	11	28	4	8	35	0	0	20	1
Pct 9416	VBM	9416	1	962	316	32.85	49	63	1	5	7	1	20	65	3	9	30	1	0	62	0
Pct 9417	Election Day	9417	1	714	117	16.39	24	18	1	3	6	0	4	13	7	2	19	0	0	20	0
Pct 9417	VBM	9417	1	714	286	40.06	38	42	3	2	23	7	8	73	10	17	23	0	0	40	0
Pct 9418	Election Day	9418	1	753	157	20.85	18	35	0	2	8	2	5	26	8	8	22	1	0	22	0
Pct 9418	VBM	9418	1	753	269	35.72	41	58	4	5	13	0	14	40	8	11	15	1	0	59	0
Pct 9419	Election Day	9419	1	893	167	18.7	26	27	1	3	5	1	5	28	7	8	21	0	0	34	1
Pct 9419	VBM	9419	1	893	326	36.51	47	67	1	5	15	5	27	46	14	22	29	0	0	48	0
Pct 9421	Election Day	9421	1	878	150	17.08	24	27	0	3	10	0	7	21	4	1	27	1	0	25	0
Pct 9421	VBM	9421	1	878	316	35.99	50	46	3	8	7	2	12	68	19	20	27	1	0	53	0
Pct 9422	Election Day	9422	1	1010	200	19.8	29	40	1	3	6	0	8	40	9	4	29	0	0	30	1
Pct 9422	VBM	9422	1	1010	358	35.45	60	77	3	4	15	3	43	52	9	13	33	2	0	44	0
Pct 9423	Election Day	9423	1	853	147	17.23	30	40	0	4	4	0	6	20	2	2	21	0	1	17	0
Pct 9423	VBM	9423	1	853	292	34.23	43	67	2	2	4	1	21	69	4	10	30	4	0	35	0
Pct 9424	Election Day	9424	1	910	146	16.04	25	22	3	3	5	1	6	25	4	8	26	0	0	18	0
Pct 9424	VBM	9424	1	910	331	36.37	60	68	2	1	14	11	16	66	8	13	29	0	0	42	1
Pct 9425	Election Day	9425	1	903	136	15.06	22	32	1	1	4	3	5	16	3	5	24	0	0	20	0
Pct 9425	VBM	9425	1	903	313	34.66	49	63	1	5	9	2	19	70	8	19	22	1	0	45	0
Pct 9426	Election Day	9426	1	801	143	17.85	22	24	1	2	6	1	13	25	8	6	21	0	0	14	0
Pct 9426	VBM	9426	1	801	283	35.33	32	61	0	2	11	4	33	31	8	13	28	3	0	55	2
Pct 9427	Election Day	9427	1	889	129	14.51	22	22	1	1	4	1	5	24	6	9	12	0	0	21	1
Pct 9427	VBM	9427	1	889	333	37.46	48	57	1	2	13	5	34	52	15	16	26	1	0	62	1
Pct 9428	Election Day	9428	1	892	122	13.68	17	22	0	4	4	1	3	21	5	5	20	0	0	20	0
Pct 9428	VBM	9428	1	892	346	38.79	52	68	5	5	6	1	20	56	11	16	39	0	0	67	0
Pct 9429	Election Day	9429	1	866	173	19.98	24	32	1	5	9	0	7	30	10	6	23	0	0	26	0
Pct 9429	VBM	9429	1	866	308	35.57	45	64	4	2	10	1	26	61	12	14	27	0	0	41	1
Pct 9431	Election Day	9431	1	954	152	15.93	33	26	1	3	6	0	6	28	10	1	19	1	0	18	0
Pct 9431	VBM	9431	1	954	352	36.9	59	89	1	4	13	4	22	62	14	16	20	0	0	48	0
Pct 9432	Election Day	9432	1	901	155	17.2	24	37	0	3	9	1	6	15	6	6	22	0	0	26	0
Pct 9432	VBM	9432	1	901	307	34.07	49	78	1	0	5	2	10	53	6	21	24	3	0	55	0
Pct 9433	Election Day	9433	1	912	155	17	30	28	1	4	8	0	3	22	6	10	19	0	0	24	0
Pct 9433	VBM	9433	1	912	317	34.76	47	64	5	2	12	0	28	49	8	18	26	1	0	57	0
Pct 9434	Election Day	9434	1	963	188	19.52	28	33	1	6	7	0	15	31	6	7	25	1	0	28	0
Pct 9434	VBM	9434	1	963	349	36.24	51	93	5	2	18	3	30	51	9	15	30	0	0	42	0
Pct 9435	Election Day	9435	1	934	195	20.88	30	49	2	8	7	3	9	26	5	10	28	1	0	17	0
Pct 9435	VBM	9435	1	934	320	34.26	38	68	1	8	9	2	15	64	7	15	29	2	0	61	1
Pct 9436	Election Day	9436	1	941	161	17.11	25	40	2	2	6	1	7	23	11	6	16	1	0	21	0
Pct 9436	VBM	9436	1	941	337	35.81	41	73	6	3	8	4	27	44	11	22	35	0	0	62	1
Pct 9437	Election Day	9437	1	873	170	19.47	35	33	2	3	8	0	7	27	4	10	20	0	0	21	0
Pct 9437	VBM	9437	1	873	324	37.11	41	64	4	1	13	0	42	57	19	13	25	0	0	43	2
Pct 9438	Election Day	9438	1	918	129	14.05	16	26	1	1	4	0	10	23	5	4	24	2	0	13	0
Pct 9438	VBM	9438	1	918	336	36.6	54	62	4	3	13	8	22	62	8	28	26	2	0	44	0
Pct 9439	Election Day	9439	1	827	126	15.24	23	36	0	1	1	0	8	20	4	4	17	1	0	11	0
Pct 9439	VBM	9439	1	827	314	37.97	41	68	1	2	8	1	26	46	13	21	24	2	0	60	1
Pct 9441	Election Day	9441	1	939	205	21.83	27	43	3	3	4	3	10	34	9	10	39	1	0	19	0
Pct 9441	VBM	9441	1	939	337	35.89	35	66	3	8	11	7	12	70	23	13	44	1	0	44	0
Pct 9442	Election Day	9442	1	970	200	20.62	33	55	1	5	4	2	7	33	6	7	30	0	0	17	0
Pct 9442	VBM	9442	1	970	325	33.51	43	55	4	7	12	4	26	60	11	18	31	1	0	52	1
Pct 9443	Election Day	9443	1	886	138	15.58	21	28	1	6	3	1	1	26	6	5	19	0	0	21	0
Pct 9443	VBM	9443	1	886	304	34.31	44	71	3	4	9	6	22	44	7	13	33	3	0	45	0
Pct 9444	Election Day	9444	1	901	118	13.1	18	29	0	2	7	6	4	9	7	2	18	1	0	14	1
Pct 9444	VBM	9444	1	901	312	34.63	43	55	5	2	23	0	22	61	15	14	19	0	0	51	2
Pct 9445	Election Day	9445	1	945	154	16.3	25	27	1	3	6	3	12	18	4	11	26	0	0	18	0
Pct 9445	VBM	9445	1	945	342	36.19	46	73	3	3	15	2	24	55	7	15	45	3	0	51	0
Pct 9446	Election Day	9446	1	1043	164	15.72	32	36	1	4	3	0	8	27	6	4	18	1	0	24	0
Pct 9446	VBM	9446	1	1043	417	39.98	57	86	2	8	8	1	32	76	21	27	38	1	0	60	0
Pct 9447	Election Day	9447	1	891	171	19.19	32	30	2	5	6	1	6	32	6	4	29	0	0	17	1
Pct 9447	VBM	9447	1	891	327	36.7	53	69	1	5	7	3	20	58	13	17	21	3	0	57	0
Pct 9448	Election Day	9448	1	877	159	18.13	31	27	0	6	10	2	3	22	4	8	26	2	0	18	0
Pct 9448	VBM	9448	1	877	307	35.01	33	83	4	7	13	5	18	47	6	6	29	1	0	55	0
Pct 9449	Election Day	9449	1	784	97	12.37	13	20	2	3	3	0	4	15	6	3	17	0	0	11	0
Pct 9449	VBM	9449	1	784	302	38.52	38	47	0	3	13	3	32	58	9	14	26	1	0	58	0
Pct 9451	Election Day	9451	1	414	57	13.77	7	22	1	1	0	0	3	10	2	2	3	0	0	5	1
Pct 9451	VBM	9451	1	414	154	37.2	17	28	3	2	12	3	11	30	11	7	3	2	0	24	1
Pct 9452	Election Day	9452	1	799	175	21.9	28	41	1	3	8	2	11	23	9	9	22	0	0	18	0
Pct 9452	VBM	9452	1	799	281	35.17	40	69	1	5	14	3	18	47	7	7	27	0	0	43	0
Pct 9453	Election Day	9453	1	488	90	18.44	11	31	0	0	7	1	7	5	7	3	10	0	0	8	0
Pct 9453	VBM	9453	1	488	175	35.86	29	44	0	2	4	0	11	34	10	9	15	0	0	17	0
Pct 9501 MB	Election Day	9501	1	149	5	3.36	2	0	0	0	0	0	0	2	0	0	0	0	0	1	0
Pct 9501 MB	VBM	9501	1	149	71	47.65	11	25	0	0	1	0	2	15	4	0	3	0	0	10	0
Pct 9502 MB	Election Day	9502	1	233	10	4.29	2	2	0	1	0	0	0	0	0	0	3	0	0	2	0
Pct 9502 MB	VBM	9502	1	233	116	49.79	22	32	0	0	1	0	6	21	1	4	19	1	0	9	0
Pct 9503/9504	Election Day	9503	1	725	128	17.66	23	35	0	1	1	1	2	21	1	4	12	0	0	25	2
Pct 9503/9504	VBM	9503	1	725	184	25.38	39	60	1	2	4	0	6	29	2	3	16	0	0	21	1
Pct 9505	Election Day	9505	1	756	147	19.44	26	45	1	1	2	1	2	27	4	3	14	0	0	20	1
Pct 9505	VBM	9505	1	756	274	36.24	38	84	6	6	5	3	5	47	6	4	31	1	0	37	1
Pct 9506	Election Day	9506	1	771	134	17.38	26	32	0	3	3	0	2	30	2	4	19	1	0	11	1
Pct 9506	VBM	9506	1	771	217	28.15	45	55	2	2	0	1	2	37	3	5	40	0	0	22	3
Pct 9507	Election Day	9507	1	733	170	23.19	29	46	1	1	4	1	1	27	1	1	35	1	0	22	0
Pct 9507	VBM	9507	1	733	218	29.74	38	72	1	2	1	0	2	32	3	3	38	0	0	26	0
Pct 9508	Election Day	9508	1	784	180	22.96	29	46	1	2	0	1	1	24	4	1	59	1	0	11	0
Pct 9508	VBM	9508	1	784	258	32.91	57	67	0	3	0	1	0	43	2	4	55	0	0	25	1
Pct 9509	Election Day	9509	1	719	165	22.95	20	47	1	0	3	0	1	25	4	2	43	0	0	19	0
Pct 9509	VBM	9509	1	719	239	33.24	57	68	2	2	0	0	3	47	1	0	38	0	0	21	0
Pct 9511	Election Day	9511	1	600	147	24.5	22	24	1	3	5	1	1	16	2	5	49	0	0	18	0
Pct 9511	VBM	9511	1	600	177	29.5	21	48	0	2	2	0	4	26	5	4	50	1	0	13	1
Pct 9512	Election Day	9512	1	771	161	20.88	25	47	0	5	1	0	1	18	3	1	46	0	0	14	0
Pct 9512	VBM	9512	1	771	251	32.56	41	83	2	5	2	1	4	28	0	1	52	0	0	31	1
Pct 9513	Election Day	9513	1	864	200	23.15	27	58	3	7	1	1	4	24	3	3	40	0	0	28	1
Pct 9513	VBM	9513	1	864	261	30.21	41	81	1	2	0	2	4	43	1	6	56	0	0	23	1
Pct 9514/9522	Election Day	9514	1	869	229	26.35	43	57	4	2	3	2	6	39	4	3	47	0	0	19	0
Pct 9514/9522	VBM	9514	1	869	257	29.57	65	67	0	2	1	1	6	30	2	3	42	0	0	36	2
Pct 9515	Election Day	9515	1	685	159	23.21	28	40	2	2	3	0	1	24	4	3	37	1	0	14	0
Pct 9515	VBM	9515	1	685	243	35.47	38	56	1	2	2	2	7	38	6	9	48	1	0	33	0
Pct 9516	Election Day	9516	1	864	206	23.84	32	40	4	2	8	1	5	27	4	6	53	0	0	24	0
Pct 9516	VBM	9516	1	864	269	31.13	48	64	1	2	8	1	3	47	7	5	49	1	0	33	0
Pct 9517	Election Day	9517	1	768	197	25.65	29	40	1	2	3	1	2	34	1	4	53	0	0	27	0
Pct 9517	VBM	9517	1	768	235	30.6	45	53	2	2	7	0	4	45	3	3	52	0	0	19	0
Pct 9518	Election Day	9518	1	783	180	22.99	33	38	1	3	2	0	1	32	2	0	48	0	0	20	0
Pct 9518	VBM	9518	1	783	242	30.91	51	58	2	3	2	1	3	45	4	13	46	0	0	14	0
Pct 9519	Election Day	9519	1	850	217	25.53	38	50	1	1	1	0	8	42	4	2	37	0	0	33	0
Pct 9519	VBM	9519	1	850	294	34.59	69	77	1	5	0	0	9	40	4	1	66	1	0	21	0
Pct 9521	Election Day	9521	1	893	254	28.44	48	58	0	4	2	1	2	40	3	5	64	1	0	26	0
Pct 9521	VBM	9521	1	893	290	32.47	74	88	0	6	4	0	3	31	5	4	51	0	0	24	0
Pct 9701	Election Day	9701	1	665	156	23.46	29	31	0	1	1	2	1	27	2	3	43	0	0	16	0
Pct 9701	VBM	9701	1	665	235	35.34	36	56	1	4	7	0	8	35	6	6	38	0	0	38	0
Pct 9702	Election Day	9702	1	710	194	27.32	37	38	3	1	1	0	3	34	2	4	45	1	0	25	0
Pct 9702	VBM	9702	1	710	231	32.54	49	51	0	5	5	2	6	34	5	7	32	0	0	35	0
Pct 9703	Election Day	9703	1	931	182	19.55	30	47	2	2	4	3	6	32	9	5	17	0	0	25	0
Pct 9703	VBM	9703	1	931	373	40.06	64	92	3	3	15	3	19	50	8	20	48	0	0	47	1
Pct 9704	Election Day	9704	1	942	191	20.28	40	45	0	1	3	0	8	26	6	5	38	0	0	18	1
Pct 9704	VBM	9704	1	942	354	37.58	86	86	0	5	7	1	13	56	6	9	46	0	0	38	1
Pct 9705	Election Day	9705	1	879	208	23.66	53	37	0	3	5	1	4	31	2	4	44	0	0	23	1
Pct 9705	VBM	9705	1	879	309	35.15	59	86	1	2	5	3	9	61	0	8	44	0	0	31	0
Pct 9706 MB	Election Day	9706	1	51	2	3.92	2	0	0	0	0	0	0	0	0	0	0	0	0	0	0
Pct 9706 MB	VBM	9706	1	51	32	62.75	6	12	0	0	1	0	0	4	0	0	6	0	0	3	0
Pct 9707	Election Day	9707	1	799	121	15.14	37	26	0	3	3	0	8	9	8	6	9	0	0	12	0
Pct 9707	VBM	9707	1	799	355	44.43	57	99	1	5	8	4	26	56	9	15	22	2	0	51	0
Pct 9708	Election Day	9708	1	919	193	21	35	56	1	0	2	0	6	27	1	4	36	0	0	24	1
Pct 9708	VBM	9708	1	919	324	35.26	65	98	2	6	4	4	6	38	8	10	35	1	0	47	0
Pct 9709	Election Day	9709	1	998	196	19.64	43	42	0	1	5	0	7	36	8	3	20	0	0	31	0
Pct 9709	VBM	9709	1	998	355	35.57	75	104	1	5	9	2	18	46	8	20	19	1	0	47	0
Pct 9711	Election Day	9711	1	625	167	26.72	29	46	0	2	1	2	3	30	14	3	21	1	0	15	0
Pct 9711	VBM	9711	1	625	254	40.64	62	68	4	7	9	3	15	30	8	12	16	0	0	20	0
Pct 9712	Election Day	9712	1	651	134	20.58	45	27	0	1	0	1	7	24	5	4	14	0	0	6	0
Pct 9712	VBM	9712	1	651	288	44.24	50	79	0	4	12	2	19	48	6	9	30	0	0	29	0
Pct 9713	Election Day	9713	1	930	161	17.31	28	29	3	3	5	1	15	13	7	1	21	1	0	34	0
Pct 9713	VBM	9713	1	930	362	38.92	64	92	2	0	18	2	37	51	10	13	30	0	0	43	0
Pct 9714	Election Day	9714	1	911	154	16.9	34	38	0	3	11	0	5	19	7	5	19	1	0	12	0
Pct 9714	VBM	9714	1	911	367	40.29	79	81	3	4	17	1	20	55	13	12	26	1	0	55	0
Pct 9715	Election Day	9715	1	566	162	28.62	62	33	0	0	2	0	4	22	6	4	17	0	0	12	0
Pct 9715	VBM	9715	1	566	218	38.52	65	49	0	1	11	0	21	23	6	6	9	0	0	26	1
Pct 9716	Election Day	9716	1	928	198	21.34	32	44	1	6	8	0	10	29	5	7	32	0	0	24	0
Pct 9716	VBM	9716	1	928	368	39.66	64	88	4	7	13	4	17	52	17	14	28	0	0	60	0
Pct 9717	Election Day	9717	1	967	206	21.3	43	38	1	1	5	2	13	31	8	8	23	3	0	30	0
Pct 9717	VBM	9717	1	967	371	38.37	79	99	3	2	18	1	13	56	8	13	36	0	0	42	1
Pct 9718	Election Day	9718	1	843	183	21.71	36	56	1	1	6	4	6	19	9	11	20	0	0	14	0
Pct 9718	VBM	9718	1	843	385	45.67	89	96	4	5	17	4	26	44	13	16	32	2	0	37	0
Pct 9719	Election Day	9719	1	863	186	21.55	51	47	1	7	1	1	9	25	6	4	19	0	0	15	0
Pct 9719	VBM	9719	1	863	389	45.08	109	102	2	1	12	0	33	43	11	16	16	1	0	41	2
Pct 9721	Election Day	9721	1	653	182	27.87	49	57	1	4	5	0	12	18	7	4	7	1	0	17	0
Pct 9721	VBM	9721	1	653	250	38.28	66	51	1	4	17	0	11	34	7	8	9	1	0	40	1
Pct 9722	Election Day	9722	1	593	86	14.5	20	19	1	0	5	0	3	14	6	2	5	0	0	11	0
Pct 9722	VBM	9722	1	593	269	45.36	49	70	1	9	14	0	19	29	15	16	26	0	0	21	0
Pct 9723	Election Day	9723	1	458	74	16.16	16	19	2	0	4	0	7	8	5	1	2	0	0	10	0
Pct 9723	VBM	9723	1	458	198	43.23	32	42	3	2	15	1	18	35	4	10	5	0	0	31	0
Pct 9724	Election Day	9724	1	950	144	15.16	30	30	1	1	7	2	11	21	5	8	9	0	0	19	0
Pct 9724	VBM	9724	1	950	386	40.63	53	82	1	10	25	5	28	56	24	26	15	0	0	60	1
Pct 9725	Election Day	9725	1	941	118	12.54	23	18	1	2	11	2	8	11	10	4	11	0	0	17	0
Pct 9725	VBM	9725	1	941	350	37.19	65	76	1	3	22	3	24	44	25	14	16	1	0	56	0
Pct 9726	Election Day	9726	1	685	83	12.12	12	19	1	0	3	0	8	20	2	2	10	0	0	6	0
Pct 9726	VBM	9726	1	685	137	20	21	26	6	1	6	0	14	28	9	7	8	2	0	9	0
Pct 9727	Election Day	9727	1	435	60	13.79	18	16	1	0	5	0	2	4	3	0	6	0	0	5	0
Pct 9727	VBM	9727	1	435	205	47.13	28	46	2	0	24	1	22	25	12	9	13	0	0	23	0
Pct 9728	Election Day	9728	1	906	204	22.52	49	52	0	2	5	2	16	31	8	8	12	0	0	19	0
Pct 9728	VBM	9728	1	906	378	41.72	87	86	3	4	24	1	31	47	12	20	21	1	0	39	2
Pct 9729	Election Day	9729	1	782	161	20.59	44	26	2	4	11	2	14	15	9	5	7	0	0	22	0
Pct 9729	VBM	9729	1	782	304	38.87	79	70	1	4	11	2	22	33	14	15	8	0	0	43	2
Pct 9731	Election Day	9731	1	529	138	26.09	46	29	1	3	9	0	11	12	6	3	6	0	0	12	0
Pct 9731	VBM	9731	1	529	189	35.73	44	42	3	3	5	2	13	17	6	8	13	1	0	32	0
Pct 9732 MB	Election Day	9732	1	73	3	4.11	2	0	0	0	0	0	0	1	0	0	0	0	0	0	0
Pct 9732 MB	VBM	9732	1	73	43	58.9	14	14	0	0	1	0	4	6	1	0	2	0	0	1	0
Pct 9733 MB	Election Day	9733	1	224	4	1.79	0	1	0	0	1	1	0	1	0	0	0	0	0	0	0
Pct 9733 MB	VBM	9733	1	224	146	65.18	32	44	1	3	5	0	5	24	3	1	18	0	0	10	0
Pct 9734	Election Day	9734	1	577	122	21.14	42	34	0	3	6	3	4	11	2	4	4	0	0	9	0
Pct 9734	VBM	9734	1	577	261	45.23	65	79	1	1	8	1	23	29	8	9	8	1	0	28	0
Pct 9735	Election Day	9735	1	782	167	21.36	38	41	1	0	4	1	10	24	4	2	9	1	0	31	1
Pct 9735	VBM	9735	1	782	344	43.99	81	83	2	3	17	0	19	52	13	24	15	0	0	33	2
Pct 9736	Election Day	9736	1	699	145	20.74	37	33	1	7	8	0	5	10	6	5	18	0	0	15	0
Pct 9736	VBM	9736	1	699	305	43.63	84	79	1	5	8	1	12	46	4	12	20	0	0	30	3
Pct 9737	Election Day	9737	1	792	175	22.1	45	46	0	3	7	1	5	30	4	4	18	0	0	12	0
Pct 9737	VBM	9737	1	792	343	43.31	81	99	1	1	9	0	20	45	13	9	34	0	0	29	2
Pct 9738	Election Day	9738	1	830	99	11.93	14	23	0	3	3	0	8	18	3	3	16	0	0	8	0
Pct 9738	VBM	9738	1	830	263	31.69	54	80	0	3	6	0	18	40	9	4	24	2	0	22	1
Pct 9739	Election Day	9739	1	826	126	15.25	19	32	1	0	1	1	7	25	5	6	19	0	0	9	1
Pct 9739	VBM	9739	1	826	193	23.37	35	46	4	1	7	3	6	36	7	10	24	0	0	13	1
Pct 9741	Election Day	9741	1	1022	19	1.86	4	4	1	0	0	0	0	4	0	0	4	0	0	2	0
Pct 9741	VBM	9741	1	1022	24	2.35	2	15	1	0	0	0	0	2	0	0	2	0	0	2	0
Pct 9742	Election Day	9742	1	647	134	20.71	21	32	5	1	2	1	10	21	11	8	8	0	0	14	0
Pct 9742	VBM	9742	1	647	187	28.9	39	35	3	0	7	0	20	17	6	11	16	0	0	33	0
Pct 9743	Election Day	9743	1	1093	172	15.74	17	59	0	2	4	2	4	33	3	7	22	0	0	19	0
Pct 9743	VBM	9743	1	1093	317	29	51	97	2	2	9	1	18	68	6	8	28	0	0	26	1
Pct 9744	Election Day	9744	1	902	141	15.63	25	26	4	1	0	1	11	27	7	5	22	2	0	10	0
Pct 9744	VBM	9744	1	902	234	25.94	18	78	3	2	8	0	20	36	8	9	25	1	0	25	1
Pct 9745	Election Day	9745	1	934	141	15.1	18	26	4	0	6	0	8	32	8	2	22	1	0	14	0
Pct 9745	VBM	9745	1	934	205	21.95	31	60	1	2	4	0	8	49	12	8	17	0	0	13	0
Pct 9746	Election Day	9746	1	867	192	22.15	40	44	0	1	14	0	9	28	10	8	13	1	0	23	1
Pct 9746	VBM	9746	1	867	334	38.52	65	102	0	6	18	0	16	41	9	15	29	0	0	33	0
Pct 9747	Election Day	9747	1	940	198	21.06	33	59	0	2	4	1	7	24	4	5	38	0	0	21	0
Pct 9747	VBM	9747	1	940	323	34.36	37	90	5	1	6	3	16	58	16	15	38	0	0	37	1
Pct 9748	Election Day	9748	1	913	164	17.96	28	42	0	3	6	1	9	23	6	5	19	3	0	18	1
Pct 9748	VBM	9748	1	913	342	37.46	57	87	3	2	12	5	25	46	7	18	37	0	0	42	1
Pct 9749	Election Day	9749	1	893	143	16.01	25	27	5	1	2	1	8	21	4	3	19	0	0	27	0
Pct 9749	VBM	9749	1	893	266	29.79	39	49	5	1	3	3	16	65	8	8	31	1	0	37	0
Pct 9751	Election Day	9751	1	977	157	16.07	42	34	0	1	7	1	4	27	9	3	8	1	0	20	0
Pct 9751	VBM	9751	1	977	384	39.3	86	88	7	2	11	1	17	82	9	14	25	1	0	41	0
Pct 9752	Election Day	9752	1	692	143	20.66	29	39	1	2	2	0	8	21	9	5	15	0	0	11	1
Pct 9752	VBM	9752	1	692	305	44.08	56	80	0	3	11	1	16	45	9	13	38	0	0	33	0
Pct 9753	Election Day	9753	1	735	148	20.14	33	33	1	0	1	0	0	27	2	8	24	1	0	18	0
Pct 9753	VBM	9753	1	735	266	36.19	42	63	3	1	5	2	14	57	5	15	33	0	0	26	0
Pct 9754	Election Day	9754	1	701	169	24.11	28	47	2	1	4	0	4	29	7	1	34	0	0	12	0
Pct 9754	VBM	9754	1	701	296	42.23	54	91	2	1	6	2	11	54	3	8	33	0	0	30	1
Pct 9755	Election Day	9755	1	553	120	21.7	27	26	0	2	4	4	1	19	6	3	19	1	0	8	0
Pct 9755	VBM	9755	1	553	201	36.35	35	57	1	3	5	0	10	40	4	17	14	0	0	13	2
Pct 9756	Election Day	9756	1	908	126	13.88	18	38	1	3	3	2	4	27	1	5	6	0	0	18	0
Pct 9756	VBM	9756	1	908	297	32.71	34	61	8	2	12	3	31	70	6	9	23	0	0	38	0
Pct 9801	Election Day	9801	1	399	76	19.05	12	13	0	2	3	0	4	12	6	3	9	0	0	12	0
Pct 9801	VBM	9801	1	399	148	37.09	16	53	1	2	2	0	5	30	7	0	22	0	0	10	0
Pct 9900 MB	Election Day	9900	1	0	0	0	0	0	0	0	0	0	0	0	0	0	0	0	0	0	0
Pct 9900 MB	VBM	9900	1	0	0	0	0	0	0	0	0	0	0	0	0	0	0	0	0	0	0
Pct 9901 MB	Election Day	9901	1	0	0	0	0	0	0	0	0	0	0	0	0	0	0	0	0	0	0
Pct 9901 MB	VBM	9901	1	0	0	0	0	0	0	0	0	0	0	0	0	0	0	0	0	0	0
Pct 9902 MB	Election Day	9902	1	0	0	0	0	0	0	0	0	0	0	0	0	0	0	0	0	0	0
Pct 9902 MB	VBM	9902	1	0	0	0	0	0	0	0	0	0	0	0	0	0	0	0	0	0	0
