PrecinctName	ReportingType	PrecinctID	Precincts	Registration	Ballots Cast	Turnout (%)	Yes	No	Under Vote	Over Vote
Pct 1101	Election Day	1101	1	544	83	15.26	48	33	3	0
Pct 1101	VBM	1101	1	544	198	36.4	87	103	7	0
Pct 1102	Election Day	1102	1	964	188	19.5	67	110	10	0
Pct 1102	VBM	1102	1	964	337	34.96	123	194	21	1
Pct 1103	Election Day	1103	1	914	163	17.83	53	104	5	1
Pct 1103	VBM	1103	1	914	348	38.07	133	198	17	0
Pct 1104/1105	Election Day	1104	1	953	167	17.52	74	79	14	0
Pct 1104/1105	VBM	1104	1	953	292	30.64	128	153	9	1
Pct 1106	Election Day	1106	1	740	113	15.27	46	63	4	0
Pct 1106	VBM	1106	1	740	231	31.22	110	110	12	0
Pct 1107	Election Day	1107	1	721	101	14.01	34	58	9	0
Pct 1107	VBM	1107	1	721	240	33.29	102	119	18	0
Pct 1108	Election Day	1108	1	882	156	17.69	68	69	18	1
Pct 1108	VBM	1108	1	882	328	37.19	146	158	23	0
Pct 1109	Election Day	1109	1	758	124	16.36	44	74	9	0
Pct 1109	VBM	1109	1	758	265	34.96	116	128	18	0
Pct 1111	Election Day	1111	1	938	132	14.07	49	70	15	0
Pct 1111	VBM	1111	1	938	330	35.18	157	155	13	0
Pct 1112	Election Day	1112	1	702	96	13.68	31	58	5	0
Pct 1112	VBM	1112	1	702	221	31.48	99	101	21	0
Pct 1113	Election Day	1113	1	701	82	11.7	25	53	5	0
Pct 1113	VBM	1113	1	701	272	38.8	117	124	31	0
Pct 1114	Election Day	1114	1	915	139	15.19	63	63	13	0
Pct 1114	VBM	1114	1	915	280	30.6	125	133	21	0
Pct 1115	Election Day	1115	1	835	97	11.62	32	57	8	0
Pct 1115	VBM	1115	1	835	279	33.41	125	123	32	0
Pct 1116	Election Day	1116	1	842	141	16.75	51	75	16	0
Pct 1116	VBM	1116	1	842	275	32.66	136	121	18	0
Pct 1117	Election Day	1117	1	827	138	16.69	73	49	17	0
Pct 1117	VBM	1117	1	827	240	29.02	137	90	13	0
Pct 1118	Election Day	1118	1	974	158	16.22	59	84	13	0
Pct 1118	VBM	1118	1	974	335	34.39	155	160	18	0
Pct 1119	Election Day	1119	1	745	97	13.02	38	51	9	0
Pct 1119	VBM	1119	1	745	274	36.78	118	145	12	0
Pct 1121	Election Day	1121	1	653	104	15.93	39	58	7	0
Pct 1121	VBM	1121	1	653	221	33.84	125	80	15	0
Pct 1122	Election Day	1122	1	607	69	11.37	30	33	6	0
Pct 1122	VBM	1122	1	607	213	35.09	102	99	13	0
Pct 1123	Election Day	1123	1	876	118	13.47	63	46	10	0
Pct 1123	VBM	1123	1	876	254	29	127	121	8	0
Pct 1124	Election Day	1124	1	773	109	14.1	49	46	13	1
Pct 1124	VBM	1124	1	773	200	25.87	111	79	11	0
Pct 1125	Election Day	1125	1	987	80	8.11	34	40	8	0
Pct 1125	VBM	1125	1	987	329	33.33	169	141	23	0
Pct 1126	Election Day	1126	1	900	92	10.22	43	43	7	0
Pct 1126	VBM	1126	1	900	292	32.44	153	116	24	0
Pct 1127	Election Day	1127	1	875	141	16.11	61	68	12	1
Pct 1127	VBM	1127	1	875	277	31.66	145	119	14	0
Pct 1128	Election Day	1128	1	813	104	12.79	49	52	3	0
Pct 1128	VBM	1128	1	813	246	30.26	155	77	14	1
Pct 1129	Election Day	1129	1	924	120	12.99	51	57	11	1
Pct 1129	VBM	1129	1	924	274	29.65	142	117	13	0
Pct 1131	Election Day	1131	1	783	85	10.86	41	39	5	0
Pct 1131	VBM	1131	1	783	288	36.78	146	116	26	0
Pct 1132	Election Day	1132	1	910	112	12.31	54	48	10	0
Pct 1132	VBM	1132	1	910	324	35.6	157	146	24	0
Pct 1133	Election Day	1133	1	826	99	11.99	40	51	8	0
Pct 1133	VBM	1133	1	826	292	35.35	148	138	8	0
Pct 1134	Election Day	1134	1	727	126	17.33	48	69	9	0
Pct 1134	VBM	1134	1	727	241	33.15	96	125	21	0
Pct 1135	Election Day	1135	1	511	71	13.89	33	34	5	0
Pct 1135	VBM	1135	1	511	217	42.47	98	104	13	0
Pct 1136	Election Day	1136	1	807	97	12.02	47	37	13	0
Pct 1136	VBM	1136	1	807	287	35.56	120	147	18	1
Pct 1141	Election Day	1141	1	998	149	14.93	56	81	11	0
Pct 1141	VBM	1141	1	998	368	36.87	167	187	14	0
Pct 1142	Election Day	1142	1	822	120	14.6	52	58	10	0
Pct 1142	VBM	1142	1	822	266	32.36	107	146	12	1
Pct 1143	Election Day	1143	1	989	147	14.86	50	92	4	0
Pct 1143	VBM	1143	1	989	311	31.45	135	153	21	0
Pct 1144	Election Day	1144	1	870	148	17.01	59	82	9	0
Pct 1144	VBM	1144	1	870	264	30.34	118	130	17	0
Pct 1145	Election Day	1145	1	879	136	15.47	44	75	16	0
Pct 1145	VBM	1145	1	879	370	42.09	157	194	21	0
Pct 1146	Election Day	1146	1	971	124	12.77	42	76	6	0
Pct 1146	VBM	1146	1	971	326	33.57	172	137	17	1
Pct 1147	Election Day	1147	1	853	166	19.46	49	99	16	0
Pct 1147	VBM	1147	1	853	279	32.71	130	132	16	0
Pct 1148	Election Day	1148	1	918	121	13.18	51	60	10	0
Pct 1148	VBM	1148	1	918	314	34.2	161	137	16	0
Pct 1149	Election Day	1149	1	873	148	16.95	60	83	7	0
Pct 1149	VBM	1149	1	873	285	32.65	136	133	15	0
Pct 1151 MB	Election Day	1151	1	0	0	0	0	0	0	0
Pct 1151 MB	VBM	1151	1	0	0	0	0	0	0	0
Pct 1152	Election Day	1152	1	838	125	14.92	49	71	7	0
Pct 1152	VBM	1152	1	838	286	34.13	145	123	18	0
Pct 1153	Election Day	1153	1	909	139	15.29	67	65	7	0
Pct 1153	VBM	1153	1	909	306	33.66	125	164	15	0
Pct 1154 MB	Election Day	1154	1	0	0	0	0	0	0	0
Pct 1154 MB	VBM	1154	1	0	0	0	0	0	0	0
Pct 7001	Election Day	7001	1	735	119	16.19	19	96	5	0
Pct 7001	VBM	7001	1	735	266	36.19	77	172	15	0
Pct 7002	Election Day	7002	1	641	132	20.59	48	79	5	0
Pct 7002	VBM	7002	1	641	173	26.99	48	117	7	0
Pct 7003	Election Day	7003	1	864	188	21.76	49	132	7	0
Pct 7003	VBM	7003	1	864	340	39.35	93	231	16	0
Pct 7004	Election Day	7004	1	835	175	20.96	34	127	14	0
Pct 7004	VBM	7004	1	835	306	36.65	72	225	8	2
Pct 7005	Election Day	7005	1	812	180	22.17	34	133	12	0
Pct 7005	VBM	7005	1	812	295	36.33	76	206	12	0
Pct 7006	Election Day	7006	1	884	213	24.1	51	151	10	0
Pct 7006	VBM	7006	1	884	290	32.81	84	193	15	0
Pct 7007	Election Day	7007	1	916	233	25.44	78	146	11	0
Pct 7007	VBM	7007	1	916	323	35.26	82	227	15	0
Pct 7008	Election Day	7008	1	861	187	21.72	50	122	14	1
Pct 7008	VBM	7008	1	861	345	40.07	103	222	19	0
Pct 7009	Election Day	7009	1	864	133	15.39	34	84	16	0
Pct 7009	VBM	7009	1	864	312	36.11	107	191	15	0
Pct 7011	Election Day	7011	1	976	141	14.45	45	83	13	0
Pct 7011	VBM	7011	1	976	205	21	72	121	11	1
Pct 7012	Election Day	7012	1	1061	224	21.11	72	142	9	1
Pct 7012	VBM	7012	1	1061	383	36.1	112	244	26	0
Pct 7013	Election Day	7013	1	805	132	16.4	31	95	6	0
Pct 7013	VBM	7013	1	805	251	31.18	69	177	7	0
Pct 7014	Election Day	7014	1	1213	188	15.5	54	131	6	0
Pct 7014	VBM	7014	1	1213	434	35.78	117	301	17	0
Pct 7015 MB	Election Day	7015	1	93	0	0	0	0	0	0
Pct 7015 MB	VBM	7015	1	93	34	36.56	7	25	1	0
Pct 7016	Election Day	7016	1	891	112	12.57	53	45	14	0
Pct 7016	VBM	7016	1	891	221	24.8	116	90	16	0
Pct 7017	Election Day	7017	1	734	79	10.76	45	15	18	1
Pct 7017	VBM	7017	1	734	167	22.75	77	74	16	1
Pct 7018	Election Day	7018	1	908	88	9.69	34	47	9	0
Pct 7018	VBM	7018	1	908	343	37.78	167	149	25	0
Pct 7019	Election Day	7019	1	864	111	12.85	58	42	9	0
Pct 7019	VBM	7019	1	864	349	40.39	166	159	25	0
Pct 7021	Election Day	7021	1	927	129	13.92	56	59	13	0
Pct 7021	VBM	7021	1	927	220	23.73	107	94	22	0
Pct 7022	Election Day	7022	1	923	164	17.77	63	84	16	1
Pct 7022	VBM	7022	1	923	270	29.25	125	116	26	0
Pct 7023	Election Day	7023	1	906	131	14.46	68	47	15	0
Pct 7023	VBM	7023	1	906	301	33.22	157	121	26	1
Pct 7024	Election Day	7024	1	386	30	7.77	15	8	7	0
Pct 7024	VBM	7024	1	386	47	12.18	29	17	1	0
Pct 7025	Election Day	7025	1	448	66	14.73	35	24	5	0
Pct 7025	VBM	7025	1	448	78	17.41	35	39	3	0
Pct 7026	Election Day	7026	1	971	90	9.27	38	39	13	0
Pct 7026	VBM	7026	1	971	350	36.05	173	143	30	0
Pct 7027	Election Day	7027	1	845	136	16.09	68	46	23	0
Pct 7027	VBM	7027	1	845	271	32.07	124	123	22	0
Pct 7028	Election Day	7028	1	835	157	18.8	75	72	10	0
Pct 7028	VBM	7028	1	835	180	21.56	87	77	18	0
Pct 7029	Election Day	7029	1	855	115	13.45	57	44	14	0
Pct 7029	VBM	7029	1	855	166	19.42	84	71	10	0
Pct 7030	Election Day	7030	1	729	94	12.89	45	48	3	0
Pct 7030	VBM	7030	1	729	277	38	134	124	16	0
Pct 7031	Election Day	7031	1	611	50	8.18	23	20	7	0
Pct 7031	VBM	7031	1	611	224	36.66	117	80	23	1
Pct 7032	Election Day	7032	1	867	126	14.53	52	52	22	1
Pct 7032	VBM	7032	1	867	238	27.45	135	82	20	0
Pct 7033	Election Day	7033	1	765	135	17.65	55	61	19	0
Pct 7033	VBM	7033	1	765	181	23.66	98	67	17	0
Pct 7034	Election Day	7034	1	914	97	10.61	56	34	7	0
Pct 7034	VBM	7034	1	914	154	16.85	91	47	15	0
Pct 7035	Election Day	7035	1	553	73	13.2	41	29	3	0
Pct 7035	VBM	7035	1	553	170	30.74	69	89	12	0
Pct 7036	Election Day	7036	1	898	52	5.79	30	20	1	1
Pct 7036	VBM	7036	1	898	265	29.51	148	98	19	0
Pct 7037	Election Day	7037	1	730	73	10	37	25	12	0
Pct 7037	VBM	7037	1	730	64	8.77	33	26	2	0
Pct 7038	Election Day	7038	1	880	84	9.55	33	41	10	0
Pct 7038	VBM	7038	1	880	255	28.98	145	89	22	0
Pct 7039	Election Day	7039	1	768	111	14.45	51	54	7	0
Pct 7039	VBM	7039	1	768	225	29.3	107	97	20	0
Pct 7041 MB	Election Day	7041	1	60	0	0	0	0	0	0
Pct 7041 MB	VBM	7041	1	60	24	40	14	10	0	0
Pct 7042	Election Day	7042	1	632	75	11.87	34	36	5	0
Pct 7042	VBM	7042	1	632	191	30.22	78	89	22	0
Pct 7043	Election Day	7043	1	915	97	10.6	44	36	15	1
Pct 7043	VBM	7043	1	915	282	30.82	143	113	24	0
Pct 7044	Election Day	7044	1	805	86	10.68	51	23	13	0
Pct 7044	VBM	7044	1	805	125	15.53	64	50	12	0
Pct 7045	Election Day	7045	1	763	87	11.4	43	37	8	0
Pct 7045	VBM	7045	1	763	282	36.96	144	118	18	1
Pct 7046	Election Day	7046	1	385	54	14.03	25	25	4	0
Pct 7046	VBM	7046	1	385	136	35.32	66	59	11	0
Pct 7047	Election Day	7047	1	781	68	8.71	30	37	2	0
Pct 7047	VBM	7047	1	781	298	38.16	148	133	13	3
Pct 7048	Election Day	7048	1	815	94	11.53	50	35	9	0
Pct 7048	VBM	7048	1	815	248	30.43	137	87	25	0
Pct 7049	Election Day	7049	1	751	108	14.38	56	40	12	0
Pct 7049	VBM	7049	1	751	241	32.09	124	90	27	0
Pct 7051	Election Day	7051	1	839	70	8.34	33	27	12	0
Pct 7051	VBM	7051	1	839	302	36	157	119	24	0
Pct 7052	Election Day	7052	1	806	120	14.89	60	51	10	0
Pct 7052	VBM	7052	1	806	278	34.49	134	129	13	0
Pct 7053	Election Day	7053	1	548	44	8.03	18	21	5	0
Pct 7053	VBM	7053	1	548	205	37.41	115	73	16	0
Pct 7054	Election Day	7054	1	1024	141	13.77	73	59	6	0
Pct 7054	VBM	7054	1	1024	275	26.86	142	112	20	0
Pct 7055	Election Day	7055	1	699	83	11.87	34	41	11	0
Pct 7055	VBM	7055	1	699	256	36.62	101	140	16	0
Pct 7101 MB	Election Day	7101	1	141	2	1.42	0	2	0	0
Pct 7101 MB	VBM	7101	1	141	83	58.87	18	55	10	0
Pct 7201	Election Day	7201	1	900	147	16.33	48	80	17	0
Pct 7201	VBM	7201	1	900	333	37	118	195	20	1
Pct 7202	Election Day	7202	1	830	138	16.63	47	80	11	0
Pct 7202	VBM	7202	1	830	271	32.65	110	141	20	0
Pct 7203	Election Day	7203	1	867	174	20.07	48	107	20	0
Pct 7203	VBM	7203	1	867	243	28.03	79	149	11	1
Pct 7204	Election Day	7204	1	888	157	17.68	47	95	15	0
Pct 7204	VBM	7204	1	888	340	38.29	108	214	20	2
Pct 7205	Election Day	7205	1	847	183	21.61	59	115	9	0
Pct 7205	VBM	7205	1	847	309	36.48	105	189	12	0
Pct 7206	Election Day	7206	1	375	88	23.47	33	50	4	1
Pct 7206	VBM	7206	1	375	124	33.07	48	64	11	1
Pct 7207	Election Day	7207	1	744	119	15.99	45	64	11	0
Pct 7207	VBM	7207	1	744	231	31.05	109	105	17	0
Pct 7208	Election Day	7208	1	567	76	13.4	30	42	4	0
Pct 7208	VBM	7208	1	567	206	36.33	92	100	14	0
Pct 7209	Election Day	7209	1	586	69	11.77	18	45	6	0
Pct 7209	VBM	7209	1	586	326	55.63	106	202	17	0
Pct 7301	Election Day	7301	1	1002	150	14.97	55	79	16	0
Pct 7301	VBM	7301	1	1002	299	29.84	147	122	27	1
Pct 7302	Election Day	7302	1	806	121	15.01	38	67	15	1
Pct 7302	VBM	7302	1	806	352	43.67	156	173	20	0
Pct 7303	Election Day	7303	1	986	167	16.94	53	97	19	0
Pct 7303	VBM	7303	1	986	318	32.25	110	176	28	0
Pct 7304	Election Day	7304	1	972	203	20.88	69	125	9	0
Pct 7304	VBM	7304	1	972	330	33.95	111	192	24	1
Pct 7305	Election Day	7305	1	851	171	20.09	66	94	12	0
Pct 7305	VBM	7305	1	851	306	35.96	115	171	16	3
Pct 7306	Election Day	7306	1	1014	179	17.65	61	104	14	0
Pct 7306	VBM	7306	1	1014	302	29.78	121	151	28	0
Pct 7307	Election Day	7307	1	726	143	19.7	45	81	17	0
Pct 7307	VBM	7307	1	726	226	31.13	89	117	14	1
Pct 7308	Election Day	7308	1	598	133	22.24	49	77	7	0
Pct 7308	VBM	7308	1	598	204	34.11	69	126	8	0
Pct 7309	Election Day	7309	1	826	160	19.37	40	108	11	0
Pct 7309	VBM	7309	1	826	209	25.3	75	118	14	0
Pct 7311	Election Day	7311	1	901	175	19.42	54	115	6	0
Pct 7311	VBM	7311	1	901	266	29.52	79	166	19	1
Pct 7312	Election Day	7312	1	810	128	15.8	51	68	10	0
Pct 7312	VBM	7312	1	810	332	40.99	115	192	21	0
Pct 7313	Election Day	7313	1	925	135	14.59	35	85	14	0
Pct 7313	VBM	7313	1	925	315	34.05	114	181	21	0
Pct 7314	Election Day	7314	1	760	92	12.11	30	43	19	0
Pct 7314	VBM	7314	1	760	213	28.03	108	65	40	0
Pct 7315	Election Day	7315	1	725	119	16.41	34	73	12	0
Pct 7315	VBM	7315	1	725	178	24.55	69	100	7	0
Pct 7316	Election Day	7316	1	824	122	14.81	45	64	13	0
Pct 7316	VBM	7316	1	824	266	32.28	125	115	26	0
Pct 7317	Election Day	7317	1	886	117	13.21	41	73	3	0
Pct 7317	VBM	7317	1	886	340	38.37	141	180	15	2
Pct 7318	Election Day	7318	1	709	123	17.35	40	69	14	0
Pct 7318	VBM	7318	1	709	243	34.27	105	110	30	1
Pct 7319	Election Day	7319	1	1035	182	17.58	63	105	13	1
Pct 7319	VBM	7319	1	1035	296	28.6	101	167	27	1
Pct 7321	Election Day	7321	1	644	100	15.53	40	43	17	0
Pct 7321	VBM	7321	1	644	211	32.76	90	104	14	0
Pct 7322	Election Day	7322	1	859	60	6.98	18	31	11	0
Pct 7322	VBM	7322	1	859	304	35.39	149	89	70	0
Pct 7323	Election Day	7323	1	881	146	16.57	52	80	12	0
Pct 7323	VBM	7323	1	881	273	30.99	99	158	15	1
Pct 7324	Election Day	7324	1	687	125	18.2	49	66	10	0
Pct 7324	VBM	7324	1	687	198	28.82	82	101	18	0
Pct 7325	Election Day	7325	1	870	150	17.24	51	87	12	0
Pct 7325	VBM	7325	1	870	276	31.72	91	160	26	0
Pct 7326	Election Day	7326	1	853	150	17.58	52	83	15	0
Pct 7326	VBM	7326	1	853	256	30.01	96	137	22	0
Pct 7327	Election Day	7327	1	684	62	9.06	22	26	13	1
Pct 7327	VBM	7327	1	684	277	40.5	139	96	45	0
Pct 7328	Election Day	7328	1	950	70	7.37	28	28	14	0
Pct 7328	VBM	7328	1	950	391	41.16	197	100	94	1
Pct 7329	Election Day	7329	1	610	71	11.64	23	43	6	0
Pct 7329	VBM	7329	1	610	205	33.61	76	103	27	0
Pct 7331	Election Day	7331	1	860	130	15.12	45	73	12	0
Pct 7331	VBM	7331	1	860	357	41.51	152	188	18	2
Pct 7332	Election Day	7332	1	799	154	19.27	55	86	13	0
Pct 7332	VBM	7332	1	799	209	26.16	81	109	19	0
Pct 7333	Election Day	7333	1	974	174	17.86	53	106	14	1
Pct 7333	VBM	7333	1	974	323	33.16	106	187	27	0
Pct 7334	Election Day	7334	1	854	113	13.23	36	72	5	0
Pct 7334	VBM	7334	1	854	275	32.2	99	156	20	0
Pct 7335	Election Day	7335	1	936	144	15.38	45	91	8	0
Pct 7335	VBM	7335	1	936	354	37.82	142	186	28	0
Pct 7336	Election Day	7336	1	920	155	16.85	67	78	10	0
Pct 7336	VBM	7336	1	920	324	35.22	119	182	22	1
Pct 7337	Election Day	7337	1	825	115	13.94	42	67	7	0
Pct 7337	VBM	7337	1	825	305	36.97	121	162	20	0
Pct 7338	Election Day	7338	1	884	100	11.31	32	50	17	0
Pct 7338	VBM	7338	1	884	364	41.18	175	132	64	0
Pct 7339	Election Day	7339	1	618	111	17.96	39	65	8	0
Pct 7339	VBM	7339	1	618	181	29.29	84	84	14	0
Pct 7341	Election Day	7341	1	877	124	14.14	38	81	6	0
Pct 7341	VBM	7341	1	877	246	28.05	92	147	8	0
Pct 7342	Election Day	7342	1	911	234	25.69	78	140	12	2
Pct 7342	VBM	7342	1	911	251	27.55	100	137	14	0
Pct 7343	Election Day	7343	1	707	144	20.37	52	84	8	0
Pct 7343	VBM	7343	1	707	186	26.31	70	107	8	0
Pct 7344	Election Day	7344	1	1039	179	17.23	61	107	12	0
Pct 7344	VBM	7344	1	1039	334	32.15	137	187	12	0
Pct 7345	Election Day	7345	1	1077	183	16.99	63	110	10	0
Pct 7345	VBM	7345	1	1077	283	26.28	95	165	21	0
Pct 7346	Election Day	7346	1	877	168	19.16	64	93	10	0
Pct 7346	VBM	7346	1	877	221	25.2	96	111	15	0
Pct 7347	Election Day	7347	1	968	137	14.15	36	92	9	0
Pct 7347	VBM	7347	1	968	279	28.82	102	168	9	1
Pct 7348	Election Day	7348	1	832	139	16.71	56	78	6	0
Pct 7348	VBM	7348	1	832	202	24.28	91	95	13	0
Pct 7349	Election Day	7349	1	921	147	15.96	56	80	12	0
Pct 7349	VBM	7349	1	921	282	30.62	120	133	26	0
Pct 7501	Election Day	7501	1	554	118	21.3	33	78	8	0
Pct 7501	VBM	7501	1	554	168	30.32	61	93	14	0
Pct 7502	Election Day	7502	1	741	113	15.25	32	72	8	0
Pct 7502	VBM	7502	1	741	349	47.1	126	207	24	0
Pct 7503	Election Day	7503	1	727	132	18.16	46	68	18	0
Pct 7503	VBM	7503	1	727	226	31.09	78	136	13	0
Pct 7504	Election Day	7504	1	484	76	15.7	33	36	7	0
Pct 7504	VBM	7504	1	484	158	32.64	58	83	13	0
Pct 7505	Election Day	7505	1	871	131	15.04	41	75	15	0
Pct 7505	VBM	7505	1	871	417	47.88	145	237	33	1
Pct 7506	Election Day	7506	1	920	133	14.46	51	72	11	0
Pct 7506	VBM	7506	1	920	252	27.39	101	128	23	0
Pct 7507	Election Day	7507	1	919	158	17.19	59	76	24	1
Pct 7507	VBM	7507	1	919	255	27.75	106	124	18	3
Pct 7508	Election Day	7508	1	702	106	15.1	36	59	11	0
Pct 7508	VBM	7508	1	702	340	48.43	131	176	34	0
Pct 7509/7511	Election Day	7509	1	909	171	18.81	62	104	7	0
Pct 7509/7511	VBM	7509	1	909	319	35.09	132	164	22	0
Pct 7512	Election Day	7512	1	604	96	15.89	36	50	11	0
Pct 7512	VBM	7512	1	604	196	32.45	80	98	15	0
Pct 7513	Election Day	7513	1	790	142	17.97	37	91	16	0
Pct 7513	VBM	7513	1	790	208	26.33	85	102	19	0
Pct 7514	Election Day	7514	1	863	95	11.01	43	36	19	0
Pct 7514	VBM	7514	1	863	235	27.23	105	95	34	0
Pct 7515	Election Day	7515	1	845	150	17.75	53	85	11	1
Pct 7515	VBM	7515	1	845	289	34.2	116	154	16	0
Pct 7516	Election Day	7516	1	886	145	16.37	48	86	11	0
Pct 7516	VBM	7516	1	886	378	42.66	142	212	27	0
Pct 7517	Election Day	7517	1	863	228	26.42	60	155	13	1
Pct 7517	VBM	7517	1	863	251	29.08	61	180	12	0
Pct 7518	Election Day	7518	1	939	235	25.03	46	181	7	1
Pct 7518	VBM	7518	1	939	298	31.74	79	201	19	0
Pct 7519	Election Day	7519	1	726	179	24.66	39	135	5	0
Pct 7519	VBM	7519	1	726	185	25.48	48	127	9	1
Pct 7521	Election Day	7521	1	802	211	26.31	47	147	16	0
Pct 7521	VBM	7521	1	802	215	26.81	39	161	16	0
Pct 7522	Election Day	7522	1	743	175	23.55	35	131	10	0
Pct 7522	VBM	7522	1	743	240	32.3	61	162	17	0
Pct 7523	Election Day	7523	1	737	208	28.22	49	147	12	0
Pct 7523	VBM	7523	1	737	223	30.26	48	162	16	0
Pct 7524	Election Day	7524	1	646	143	22.14	40	89	11	0
Pct 7524	VBM	7524	1	646	165	25.54	62	91	10	0
Pct 7525	Election Day	7525	1	779	145	18.61	53	76	17	0
Pct 7525	VBM	7525	1	779	214	27.47	67	133	11	2
Pct 7526	Election Day	7526	1	947	197	20.8	51	131	14	0
Pct 7526	VBM	7526	1	947	313	33.05	69	225	15	1
Pct 7527/7528	Election Day	7527	1	729	162	22.22	44	99	21	0
Pct 7527/7528	VBM	7527	1	729	237	32.51	69	151	16	0
Pct 7529	Election Day	7529	1	925	214	23.14	56	147	11	0
Pct 7529	VBM	7529	1	925	300	32.43	56	227	16	0
Pct 7531	Election Day	7531	1	847	179	21.13	37	131	12	0
Pct 7531	VBM	7531	1	847	263	31.05	63	181	17	0
Pct 7532	Election Day	7532	1	823	172	20.9	55	108	8	0
Pct 7532	VBM	7532	1	823	226	27.46	69	140	15	1
Pct 7533	Election Day	7533	1	951	268	28.18	51	206	12	0
Pct 7533	VBM	7533	1	951	297	31.23	72	214	9	1
Pct 7534	Election Day	7534	1	883	241	27.29	56	174	11	0
Pct 7534	VBM	7534	1	883	240	27.18	54	171	15	0
Pct 7535	Election Day	7535	1	743	201	27.05	44	149	8	0
Pct 7535	VBM	7535	1	743	251	33.78	75	172	5	0
Pct 7536	Election Day	7536	1	856	206	24.07	43	150	14	0
Pct 7536	VBM	7536	1	856	279	32.59	60	201	20	0
Pct 7537	Election Day	7537	1	734	187	25.48	50	128	9	0
Pct 7537	VBM	7537	1	734	225	30.65	52	162	9	0
Pct 7538	Election Day	7538	1	757	223	29.46	49	166	8	0
Pct 7538	VBM	7538	1	757	256	33.82	45	199	14	0
Pct 7539	Election Day	7539	1	884	250	28.28	54	177	17	0
Pct 7539	VBM	7539	1	884	286	32.35	55	219	15	0
Pct 7541	Election Day	7541	1	791	215	27.18	50	149	16	0
Pct 7541	VBM	7541	1	791	245	30.97	54	177	14	0
Pct 7542	Election Day	7542	1	787	183	23.25	49	130	5	0
Pct 7542	VBM	7542	1	787	247	31.39	68	172	10	0
Pct 7543	Election Day	7543	1	910	187	20.55	41	127	17	0
Pct 7543	VBM	7543	1	910	332	36.48	68	240	23	0
Pct 7544	Election Day	7544	1	877	186	21.21	46	131	9	0
Pct 7544	VBM	7544	1	877	331	37.74	83	226	24	0
Pct 7545	Election Day	7545	1	877	179	20.41	45	127	6	1
Pct 7545	VBM	7545	1	877	291	33.18	96	184	12	0
Pct 7546	Election Day	7546	1	913	219	23.99	51	151	17	0
Pct 7546	VBM	7546	1	913	310	33.95	74	223	11	0
Pct 7547	Election Day	7547	1	987	244	24.72	57	176	13	0
Pct 7547	VBM	7547	1	987	322	32.62	70	229	17	0
Pct 7548	Election Day	7548	1	1054	236	22.39	59	170	8	0
Pct 7548	VBM	7548	1	1054	345	32.73	90	240	13	0
Pct 7549	Election Day	7549	1	785	165	21.02	47	107	12	0
Pct 7549	VBM	7549	1	785	281	35.8	65	194	19	0
Pct 7551	Election Day	7551	1	705	199	28.23	39	147	13	0
Pct 7551	VBM	7551	1	705	240	34.04	62	165	15	0
Pct 7552	Election Day	7552	1	718	191	26.6	35	149	7	0
Pct 7552	VBM	7552	1	718	232	32.31	47	173	14	0
Pct 7553 MB	Election Day	7553	1	171	5	2.92	2	3	0	0
Pct 7553 MB	VBM	7553	1	171	87	50.88	19	60	8	0
Pct 7554	Election Day	7554	1	785	179	22.8	43	125	12	0
Pct 7554	VBM	7554	1	785	323	41.15	73	232	18	0
Pct 7555	Election Day	7555	1	847	242	28.57	55	176	11	0
Pct 7555	VBM	7555	1	847	304	35.89	80	204	18	0
Pct 7556/7557	Election Day	7556	1	961	223	23.2	54	157	13	0
Pct 7556/7557	VBM	7556	1	961	422	43.91	95	306	21	0
Pct 7601	Election Day	7601	1	744	128	17.2	53	69	10	0
Pct 7601	VBM	7601	1	744	185	24.87	75	92	12	0
Pct 7602	Election Day	7602	1	880	147	16.7	56	74	16	1
Pct 7602	VBM	7602	1	880	243	27.61	98	126	20	0
Pct 7603	Election Day	7603	1	826	152	18.4	46	97	9	1
Pct 7603	VBM	7603	1	826	215	26.03	76	125	15	0
Pct 7604	Election Day	7604	1	906	133	14.68	57	68	8	0
Pct 7604	VBM	7604	1	906	233	25.72	94	126	13	0
Pct 7605	Election Day	7605	1	651	77	11.83	31	38	8	0
Pct 7605	VBM	7605	1	651	155	23.81	75	65	14	0
Pct 7606	Election Day	7606	1	895	127	14.19	47	64	14	0
Pct 7606	VBM	7606	1	895	212	23.69	85	119	7	0
Pct 7607	Election Day	7607	1	955	120	12.57	47	64	9	0
Pct 7607	VBM	7607	1	955	265	27.75	103	148	17	0
Pct 7608	Election Day	7608	1	388	46	11.86	23	18	5	0
Pct 7608	VBM	7608	1	388	119	30.67	76	26	16	1
Pct 7609	Election Day	7609	1	916	101	11.03	41	46	13	0
Pct 7609	VBM	7609	1	916	297	32.42	136	106	54	0
Pct 7611	Election Day	7611	1	756	76	10.05	30	35	11	0
Pct 7611	VBM	7611	1	756	204	26.98	107	67	27	1
Pct 7612	Election Day	7612	1	574	76	13.24	31	38	5	0
Pct 7612	VBM	7612	1	574	210	36.59	98	92	19	0
Pct 7613	Election Day	7613	1	887	140	15.78	52	77	12	0
Pct 7613	VBM	7613	1	887	215	24.24	97	100	17	1
Pct 7614	Election Day	7614	1	1015	123	12.12	51	60	15	0
Pct 7614	VBM	7614	1	1015	238	23.45	104	116	17	0
Pct 7615	Election Day	7615	1	832	108	12.98	43	44	21	0
Pct 7615	VBM	7615	1	832	170	20.43	80	71	19	0
Pct 7616	Election Day	7616	1	951	129	13.56	37	80	11	0
Pct 7616	VBM	7616	1	951	331	34.81	109	203	20	0
Pct 7617	Election Day	7617	1	751	84	11.19	38	31	15	0
Pct 7617	VBM	7617	1	751	223	29.69	92	113	20	0
Pct 7618	Election Day	7618	1	866	123	14.2	40	72	11	0
Pct 7618	VBM	7618	1	866	272	31.41	95	160	15	0
Pct 7619	Election Day	7619	1	993	154	15.51	56	91	8	0
Pct 7619	VBM	7619	1	993	308	31.02	111	176	24	0
Pct 7621	Election Day	7621	1	1132	163	14.4	70	88	6	0
Pct 7621	VBM	7621	1	1132	346	30.57	129	194	19	1
Pct 7622	Election Day	7622	1	964	99	10.27	38	56	4	0
Pct 7622	VBM	7622	1	964	193	20.02	78	96	20	1
Pct 7623	Election Day	7623	1	712	122	17.13	55	60	7	0
Pct 7623	VBM	7623	1	712	196	27.53	84	102	9	0
Pct 7624	Election Day	7624	1	905	104	11.49	36	57	12	0
Pct 7624	VBM	7624	1	905	195	21.55	86	94	13	0
Pct 7625	Election Day	7625	1	821	73	8.89	23	36	14	0
Pct 7625	VBM	7625	1	821	415	50.55	218	135	61	0
Pct 7626	Election Day	7626	1	1081	128	11.84	50	68	9	0
Pct 7626	VBM	7626	1	1081	361	33.4	122	214	25	0
Pct 7627	Election Day	7627	1	1075	116	10.79	47	60	9	0
Pct 7627	VBM	7627	1	1075	319	29.67	133	164	25	0
Pct 7628	Election Day	7628	1	906	156	17.22	51	95	10	0
Pct 7628	VBM	7628	1	906	267	29.47	78	175	13	0
Pct 7629	Election Day	7629	1	805	108	13.42	30	73	5	0
Pct 7629	VBM	7629	1	805	206	25.59	57	136	12	0
Pct 7631	Election Day	7631	1	1085	146	13.46	39	98	9	0
Pct 7631	VBM	7631	1	1085	339	31.24	121	196	19	0
Pct 7632	Election Day	7632	1	965	167	17.31	59	100	8	0
Pct 7632	VBM	7632	1	965	286	29.64	83	191	11	1
Pct 7633	Election Day	7633	1	702	90	12.82	25	58	7	0
Pct 7633	VBM	7633	1	702	253	36.04	115	117	22	0
Pct 7634	Election Day	7634	1	859	120	13.97	47	57	15	0
Pct 7634	VBM	7634	1	859	291	33.88	126	137	28	0
Pct 7635	Election Day	7635	1	782	89	11.38	27	51	10	0
Pct 7635	VBM	7635	1	782	242	30.95	86	139	15	1
Pct 7636	Election Day	7636	1	920	134	14.57	42	82	11	0
Pct 7636	VBM	7636	1	920	251	27.28	79	166	8	0
Pct 7637	Election Day	7637	1	732	89	12.16	33	51	6	0
Pct 7637	VBM	7637	1	732	249	34.02	92	140	17	0
Pct 7638	Election Day	7638	1	1365	129	9.45	65	60	6	0
Pct 7638	VBM	7638	1	1365	492	36.04	186	284	21	1
Pct 7639	Election Day	7639	1	962	110	11.43	44	53	13	0
Pct 7639	VBM	7639	1	962	319	33.16	96	205	19	0
Pct 7641	Election Day	7641	1	931	114	12.24	38	68	8	0
Pct 7641	VBM	7641	1	931	374	40.17	154	197	23	0
Pct 7642	Election Day	7642	1	909	84	9.24	37	40	7	0
Pct 7642	VBM	7642	1	909	268	29.48	119	97	53	0
Pct 7643	Election Day	7643	1	871	99	11.37	36	49	11	0
Pct 7643	VBM	7643	1	871	355	40.76	150	176	27	0
Pct 7644	Election Day	7644	1	1082	156	14.42	63	93	3	0
Pct 7644	VBM	7644	1	1082	291	26.89	107	162	21	0
Pct 7645	Election Day	7645	1	631	63	9.98	29	32	2	0
Pct 7645	VBM	7645	1	631	241	38.19	98	135	8	1
Pct 7646	Election Day	7646	1	1035	110	10.63	32	68	10	0
Pct 7646	VBM	7646	1	1035	326	31.5	103	205	17	0
Pct 7647	Election Day	7647	1	1027	107	10.42	45	50	12	0
Pct 7647	VBM	7647	1	1027	185	18.01	91	85	10	0
Pct 7648 MB	Election Day	7648	1	2	0	0	0	0	0	0
Pct 7648 MB	VBM	7648	1	2	0	0	0	0	0	0
Pct 7649	Election Day	7649	1	877	97	11.06	36	52	8	0
Pct 7649	VBM	7649	1	877	234	26.68	98	115	20	0
Pct 7651	Election Day	7651	1	555	48	8.65	13	35	0	0
Pct 7651	VBM	7651	1	555	155	27.93	70	80	5	0
Pct 7652	Election Day	7652	1	580	68	11.72	29	38	2	0
Pct 7652	VBM	7652	1	580	163	28.1	48	103	13	0
Pct 7653	Election Day	7653	1	1092	137	12.55	55	71	9	0
Pct 7653	VBM	7653	1	1092	321	29.4	100	204	15	0
Pct 7701	Election Day	7701	1	1012	225	22.23	71	140	14	0
Pct 7701	VBM	7701	1	1012	383	37.85	138	225	20	0
Pct 7702	Election Day	7702	1	704	117	16.62	51	61	5	0
Pct 7702	VBM	7702	1	704	302	42.9	120	169	13	1
Pct 7703 MB	Election Day	7703	1	172	0	0	0	0	0	0
Pct 7703 MB	VBM	7703	1	172	66	38.37	29	25	13	1
Pct 7704	Election Day	7704	1	977	208	21.29	83	115	10	0
Pct 7704	VBM	7704	1	977	396	40.53	171	202	16	1
Pct 7705	Election Day	7705	1	547	123	22.49	62	56	4	1
Pct 7705	VBM	7705	1	547	227	41.5	104	115	9	0
Pct 7706	Election Day	7706	1	821	189	23.02	80	100	9	0
Pct 7706	VBM	7706	1	821	341	41.53	142	183	15	1
Pct 7707	Election Day	7707	1	839	200	23.84	81	105	12	0
Pct 7707	VBM	7707	1	839	379	45.17	134	215	21	0
Pct 7708	Election Day	7708	1	860	181	21.05	78	91	12	0
Pct 7708	VBM	7708	1	860	400	46.51	152	222	26	0
Pct 7709	Election Day	7709	1	383	85	22.19	27	50	7	0
Pct 7709	VBM	7709	1	383	174	45.43	57	108	7	0
Pct 7711	Election Day	7711	1	772	162	20.98	48	104	9	1
Pct 7711	VBM	7711	1	772	344	44.56	113	216	17	1
Pct 7712	Election Day	7712	1	524	131	25	32	93	5	0
Pct 7712	VBM	7712	1	524	230	43.89	78	140	13	0
Pct 7801	Election Day	7801	1	970	230	23.71	61	158	11	0
Pct 7801	VBM	7801	1	970	424	43.71	111	297	16	0
Pct 7802	Election Day	7802	1	762	205	26.9	52	144	10	1
Pct 7802	VBM	7802	1	762	313	41.08	98	199	18	0
Pct 7803	Election Day	7803	1	823	143	17.38	36	95	11	0
Pct 7803	VBM	7803	1	823	412	50.06	136	263	14	0
Pct 7804	Election Day	7804	1	891	236	26.49	52	172	12	0
Pct 7804	VBM	7804	1	891	394	44.22	91	290	14	0
Pct 7805	Election Day	7805	1	785	176	22.42	43	127	5	0
Pct 7805	VBM	7805	1	785	348	44.33	95	233	21	0
Pct 7806	Election Day	7806	1	699	163	23.32	38	119	7	0
Pct 7806	VBM	7806	1	699	283	40.49	56	212	14	0
Pct 7807	Election Day	7807	1	796	228	28.64	56	162	8	0
Pct 7807	VBM	7807	1	796	273	34.3	68	189	14	1
Pct 7808	Election Day	7808	1	655	178	27.18	53	114	11	0
Pct 7808	VBM	7808	1	655	243	37.1	51	181	13	0
Pct 7809	Election Day	7809	1	742	160	21.56	31	119	10	1
Pct 7809	VBM	7809	1	742	267	35.98	73	178	13	1
Pct 7811	Election Day	7811	1	726	186	25.62	30	154	1	1
Pct 7811	VBM	7811	1	726	243	33.47	60	172	9	2
Pct 7812	Election Day	7812	1	843	207	24.56	58	143	6	0
Pct 7812	VBM	7812	1	843	292	34.64	72	204	18	0
Pct 7813	Election Day	7813	1	988	251	25.4	56	179	16	2
Pct 7813	VBM	7813	1	988	362	36.64	87	257	17	0
Pct 7814	Election Day	7814	1	892	173	19.39	52	110	11	0
Pct 7814	VBM	7814	1	892	223	25	75	132	14	1
Pct 7815	Election Day	7815	1	914	178	19.47	54	110	16	0
Pct 7815	VBM	7815	1	914	407	44.53	101	286	17	0
Pct 7816	Election Day	7816	1	858	202	23.54	59	133	9	0
Pct 7816	VBM	7816	1	858	390	45.45	111	259	16	4
Pct 7817	Election Day	7817	1	795	215	27.04	54	154	8	0
Pct 7817	VBM	7817	1	795	309	38.87	69	229	8	0
Pct 7818	Election Day	7818	1	823	172	20.9	55	112	6	0
Pct 7818	VBM	7818	1	823	335	40.7	94	230	13	0
Pct 7819	Election Day	7819	1	760	169	22.24	37	124	8	0
Pct 7819	VBM	7819	1	760	297	39.08	83	192	19	1
Pct 7821	Election Day	7821	1	947	229	24.18	77	145	7	0
Pct 7821	VBM	7821	1	947	439	46.36	102	304	29	1
Pct 7822	Election Day	7822	1	927	244	26.32	62	173	9	0
Pct 7822	VBM	7822	1	927	343	37	104	220	16	1
Pct 7823	Election Day	7823	1	857	237	27.65	58	170	10	0
Pct 7823	VBM	7823	1	857	347	40.49	85	242	19	1
Pct 7824	Election Day	7824	1	756	170	22.49	40	124	5	0
Pct 7824	VBM	7824	1	756	274	36.24	59	206	8	0
Pct 7825	Election Day	7825	1	580	160	27.59	41	107	12	0
Pct 7825	VBM	7825	1	580	215	37.07	52	154	10	0
Pct 7826	Election Day	7826	1	665	214	32.18	47	155	12	0
Pct 7826	VBM	7826	1	665	194	29.17	40	146	8	1
Pct 7827	Election Day	7827	1	828	199	24.03	46	145	8	0
Pct 7827	VBM	7827	1	828	252	30.43	61	179	10	2
Pct 7828	Election Day	7828	1	976	205	21	68	127	12	0
Pct 7828	VBM	7828	1	976	397	40.68	142	237	17	2
Pct 7829	Election Day	7829	1	882	199	22.56	61	128	10	0
Pct 7829	VBM	7829	1	882	391	44.33	130	246	15	0
Pct 7831	Election Day	7831	1	828	202	24.4	57	137	8	0
Pct 7831	VBM	7831	1	828	369	44.57	102	249	17	0
Pct 7832	Election Day	7832	1	781	162	20.74	38	117	8	0
Pct 7832	VBM	7832	1	781	343	43.92	87	244	13	0
Pct 7833	Election Day	7833	1	745	182	24.43	33	137	12	0
Pct 7833	VBM	7833	1	745	271	36.38	49	210	10	0
Pct 7834	Election Day	7834	1	836	225	26.91	45	165	15	1
Pct 7834	VBM	7834	1	836	288	34.45	44	230	14	0
Pct 7835	Election Day	7835	1	808	175	21.66	60	108	7	0
Pct 7835	VBM	7835	1	808	338	41.83	111	214	12	0
Pct 7836	Election Day	7836	1	979	199	20.33	64	124	10	1
Pct 7836	VBM	7836	1	979	421	43	139	263	17	0
Pct 7837	Election Day	7837	1	883	237	26.84	62	156	20	0
Pct 7837	VBM	7837	1	883	339	38.39	89	226	22	0
Pct 7838	Election Day	7838	1	891	210	23.57	57	146	5	0
Pct 7838	VBM	7838	1	891	413	46.35	101	284	27	0
Pct 7839	Election Day	7839	1	830	172	20.72	40	116	14	0
Pct 7839	VBM	7839	1	830	389	46.87	97	276	17	0
Pct 7841	Election Day	7841	1	898	240	26.73	56	178	6	0
Pct 7841	VBM	7841	1	898	353	39.31	106	234	13	0
Pct 7842	Election Day	7842	1	873	214	24.51	44	164	6	0
Pct 7842	VBM	7842	1	873	308	35.28	67	230	10	0
Pct 7843	Election Day	7843	1	751	182	24.23	33	141	8	1
Pct 7843	VBM	7843	1	751	267	35.55	65	183	19	1
Pct 7844	Election Day	7844	1	635	160	25.2	30	119	10	0
Pct 7844	VBM	7844	1	635	245	38.58	46	189	12	0
Pct 7845	Election Day	7845	1	803	202	25.16	53	137	12	0
Pct 7845	VBM	7845	1	803	314	39.1	103	199	12	0
Pct 7846	Election Day	7846	1	871	221	25.37	57	151	12	1
Pct 7846	VBM	7846	1	871	330	37.89	83	224	22	0
Pct 7847	Election Day	7847	1	878	207	23.58	61	137	10	0
Pct 7847	VBM	7847	1	878	358	40.77	99	231	27	0
Pct 7848	Election Day	7848	1	838	209	24.94	51	145	15	1
Pct 7848	VBM	7848	1	838	346	41.29	78	247	19	2
Pct 7849	Election Day	7849	1	904	237	26.22	52	174	11	0
Pct 7849	VBM	7849	1	904	353	39.05	76	254	25	0
Pct 7851	Election Day	7851	1	493	118	23.94	39	70	9	0
Pct 7851	VBM	7851	1	493	204	41.38	76	113	15	0
Pct 7852	Election Day	7852	1	634	104	16.4	40	58	7	0
Pct 7852	VBM	7852	1	634	303	47.79	124	170	9	0
Pct 7853	Election Day	7853	1	837	180	21.51	52	112	15	1
Pct 7853	VBM	7853	1	837	333	39.78	100	218	14	1
Pct 7854	Election Day	7854	1	874	216	24.71	55	148	14	0
Pct 7854	VBM	7854	1	874	346	39.59	82	238	24	0
Pct 7855	Election Day	7855	1	949	259	27.29	57	193	9	0
Pct 7855	VBM	7855	1	949	359	37.83	75	267	23	0
Pct 7856	Election Day	7856	1	790	204	25.82	56	141	6	0
Pct 7856	VBM	7856	1	790	312	39.49	85	218	10	0
Pct 7857	Election Day	7857	1	913	225	24.64	50	159	17	0
Pct 7857	VBM	7857	1	913	350	38.34	85	251	15	0
Pct 7858	Election Day	7858	1	743	192	25.84	41	137	12	0
Pct 7858	VBM	7858	1	743	252	33.92	56	183	12	1
Pct 7859	Election Day	7859	1	879	219	24.91	66	147	7	0
Pct 7859	VBM	7859	1	879	352	40.05	92	236	23	1
Pct 7861	Election Day	7861	1	835	184	22.04	45	129	9	1
Pct 7861	VBM	7861	1	835	367	43.95	84	270	12	2
Pct 7862	Election Day	7862	1	850	237	27.88	54	172	11	0
Pct 7862	VBM	7862	1	850	323	38	85	219	21	0
Pct 7863	Election Day	7863	1	870	237	27.24	57	174	6	0
Pct 7863	VBM	7863	1	870	302	34.71	87	200	17	0
Pct 7864	Election Day	7864	1	773	188	24.32	51	127	10	0
Pct 7864	VBM	7864	1	773	284	36.74	70	205	11	0
Pct 7865	Election Day	7865	1	808	178	22.03	28	141	8	0
Pct 7865	VBM	7865	1	808	310	38.37	106	190	14	1
Pct 7866	Election Day	7866	1	816	184	22.55	68	110	7	0
Pct 7866	VBM	7866	1	816	389	47.67	168	196	27	0
Pct 7867	Election Day	7867	1	932	209	22.42	71	128	10	0
Pct 7867	VBM	7867	1	932	385	41.31	117	252	14	1
Pct 7868	Election Day	7868	1	860	218	25.35	74	131	14	0
Pct 7868	VBM	7868	1	860	324	37.67	95	206	20	1
Pct 7869	Election Day	7869	1	842	219	26.01	51	156	12	0
Pct 7869	VBM	7869	1	842	376	44.66	90	265	19	3
Pct 7871	Election Day	7871	1	882	240	27.21	61	172	10	0
Pct 7871	VBM	7871	1	882	364	41.27	91	252	20	0
Pct 7872	Election Day	7872	1	864	242	28.01	64	168	11	0
Pct 7872	VBM	7872	1	864	369	42.71	99	254	15	1
Pct 7873	Election Day	7873	1	841	231	27.47	57	163	11	0
Pct 7873	VBM	7873	1	841	387	46.02	112	264	11	0
Pct 7874	Election Day	7874	1	453	85	18.76	24	53	8	0
Pct 7874	VBM	7874	1	453	174	38.41	51	114	8	0
Pct 7875	Election Day	7875	1	615	127	20.65	32	89	6	0
Pct 7875	VBM	7875	1	615	203	33.01	65	129	12	0
Pct 7876	Election Day	7876	1	491	101	20.57	36	58	7	0
Pct 7876	VBM	7876	1	491	148	30.14	40	102	7	0
Pct 7901	Election Day	7901	1	466	87	18.67	27	53	9	0
Pct 7901	VBM	7901	1	466	133	28.54	56	69	8	0
Pct 7902	Election Day	7902	1	921	188	20.41	55	126	7	0
Pct 7902	VBM	7902	1	921	259	28.12	80	169	11	0
Pct 7903	Election Day	7903	1	819	144	17.58	44	86	14	0
Pct 7903	VBM	7903	1	819	244	29.79	85	146	12	1
Pct 7904	Election Day	7904	1	846	137	16.19	24	104	8	0
Pct 7904	VBM	7904	1	846	248	29.31	78	160	13	0
Pct 7905	Election Day	7905	1	821	199	24.24	55	135	10	0
Pct 7905	VBM	7905	1	821	275	33.5	75	183	15	0
Pct 7906	Election Day	7906	1	769	164	21.33	23	131	10	0
Pct 7906	VBM	7906	1	769	214	27.83	54	157	6	0
Pct 7907	Election Day	7907	1	926	201	21.71	51	135	13	0
Pct 7907	VBM	7907	1	926	286	30.89	75	199	10	0
Pct 7908	Election Day	7908	1	936	191	20.41	55	127	8	1
Pct 7908	VBM	7908	1	936	267	28.53	76	172	20	0
Pct 7909	Election Day	7909	1	726	190	26.17	46	139	5	0
Pct 7909	VBM	7909	1	726	221	30.44	50	165	10	0
Pct 7911	Election Day	7911	1	849	192	22.61	40	140	11	0
Pct 7911	VBM	7911	1	849	250	29.45	73	165	16	0
Pct 7912	Election Day	7912	1	1036	215	20.75	45	161	9	0
Pct 7912	VBM	7912	1	1036	314	30.31	61	239	12	0
Pct 7913	Election Day	7913	1	887	240	27.06	53	180	14	0
Pct 7913	VBM	7913	1	887	244	27.51	58	174	11	0
Pct 7914	Election Day	7914	1	833	208	24.97	47	150	11	0
Pct 7914	VBM	7914	1	833	253	30.37	47	199	8	0
Pct 7915	Election Day	7915	1	802	213	26.56	58	141	14	0
Pct 7915	VBM	7915	1	802	222	27.68	61	153	9	0
Pct 7916	Election Day	7916	1	887	215	24.24	50	158	7	0
Pct 7916	VBM	7916	1	887	289	32.58	75	202	12	0
Pct 7917	Election Day	7917	1	983	254	25.84	64	178	13	0
Pct 7917	VBM	7917	1	983	287	29.2	67	205	15	0
Pct 7918	Election Day	7918	1	790	191	24.18	36	143	11	1
Pct 7918	VBM	7918	1	790	234	29.62	48	170	15	0
Pct 7919	Election Day	7919	1	857	217	25.32	41	170	6	0
Pct 7919	VBM	7919	1	857	241	28.12	66	166	9	0
Pct 7921	Election Day	7921	1	883	151	17.1	44	103	7	0
Pct 7921	VBM	7921	1	883	210	23.78	65	133	12	0
Pct 7922	Election Day	7922	1	797	182	22.84	38	138	5	0
Pct 7922	VBM	7922	1	797	241	30.24	77	155	9	1
Pct 7923	Election Day	7923	1	863	202	23.41	46	151	4	0
Pct 7923	VBM	7923	1	863	241	27.93	58	176	8	0
Pct 7924	Election Day	7924	1	806	172	21.34	42	122	7	0
Pct 7924	VBM	7924	1	806	247	30.65	73	163	11	0
Pct 7925	Election Day	7925	1	570	114	20	34	73	6	0
Pct 7925	VBM	7925	1	570	191	33.51	54	131	6	0
Pct 7926	Election Day	7926	1	768	177	23.05	35	134	8	0
Pct 7926	VBM	7926	1	768	296	38.54	74	206	14	0
Pct 7927	Election Day	7927	1	733	187	25.51	35	140	11	1
Pct 7927	VBM	7927	1	733	289	39.43	60	218	12	0
Pct 7928	Election Day	7928	1	899	253	28.14	58	187	8	0
Pct 7928	VBM	7928	1	899	297	33.04	72	214	12	0
Pct 7929	Election Day	7929	1	840	200	23.81	42	149	9	0
Pct 7929	VBM	7929	1	840	367	43.69	87	276	4	1
Pct 7931	Election Day	7931	1	732	189	25.82	42	141	5	1
Pct 7931	VBM	7931	1	732	317	43.31	74	228	16	0
Pct 7932	Election Day	7932	1	551	112	20.33	21	89	3	0
Pct 7932	VBM	7932	1	551	225	40.83	71	138	15	0
Pct 7933 MB	Election Day	7933	1	8	0	0	0	0	0	0
Pct 7933 MB	VBM	7933	1	8	4	50	1	2	1	0
Pct 7934	Election Day	7934	1	885	195	22.03	32	157	10	0
Pct 7934	VBM	7934	1	885	328	37.06	67	243	17	0
Pct 7935	Election Day	7935	1	938	283	30.17	50	215	17	0
Pct 7935	VBM	7935	1	938	370	39.45	81	279	9	0
Pct 7936	Election Day	7936	1	832	246	29.57	51	182	13	0
Pct 7936	VBM	7936	1	832	326	39.18	84	217	23	0
Pct 7937	Election Day	7937	1	874	223	25.51	47	165	11	0
Pct 7937	VBM	7937	1	874	309	35.35	93	207	10	0
Pct 7938	Election Day	7938	1	774	162	20.93	58	92	12	0
Pct 7938	VBM	7938	1	774	247	31.91	73	170	4	0
Pct 7939	Election Day	7939	1	667	186	27.89	40	136	9	0
Pct 7939	VBM	7939	1	667	230	34.48	60	160	12	0
Pct 7941	Election Day	7941	1	728	167	22.94	36	119	12	0
Pct 7941	VBM	7941	1	728	236	32.42	52	167	16	0
Pct 7942	Election Day	7942	1	893	166	18.59	45	108	12	0
Pct 7942	VBM	7942	1	893	286	32.03	95	166	25	0
Pct 7943	Election Day	7943	1	887	192	21.65	73	111	11	0
Pct 7943	VBM	7943	1	887	319	35.96	129	173	15	2
Pct 7944	Election Day	7944	1	769	201	26.14	42	155	6	0
Pct 7944	VBM	7944	1	769	235	30.56	68	161	7	0
Pct 7945	Election Day	7945	1	897	118	13.15	42	71	7	0
Pct 7945	VBM	7945	1	897	294	32.78	91	191	13	0
Pct 7946	Election Day	7946	1	909	134	14.74	46	78	9	0
Pct 7946	VBM	7946	1	909	348	38.28	157	156	30	1
Pct 7947	Election Day	7947	1	894	128	14.32	58	59	12	0
Pct 7947	VBM	7947	1	894	327	36.58	175	133	21	0
Pct 7948	Election Day	7948	1	900	165	18.33	57	99	9	0
Pct 7948	VBM	7948	1	900	313	34.78	148	149	18	0
Pct 7949	Election Day	7949	1	552	78	14.13	38	30	7	0
Pct 7949	VBM	7949	1	552	224	40.58	125	93	6	0
Pct 7951	Election Day	7951	1	830	97	11.69	37	54	6	0
Pct 7951	VBM	7951	1	830	341	41.08	184	147	13	0
Pct 7952	Election Day	7952	1	823	100	12.15	48	45	7	0
Pct 7952	VBM	7952	1	823	288	34.99	146	132	14	0
Pct 7953	Election Day	7953	1	795	103	12.96	43	56	7	1
Pct 7953	VBM	7953	1	795	294	36.98	152	124	20	0
Pct 7954 MB	Election Day	7954	1	0	0	0	0	0	0	0
Pct 7954 MB	VBM	7954	1	0	0	0	0	0	0	0
Pct 7955	Election Day	7955	1	854	116	13.58	49	57	9	0
Pct 7955	VBM	7955	1	854	320	37.47	163	143	14	1
Pct 7956	Election Day	7956	1	779	101	12.97	47	41	11	0
Pct 7956	VBM	7956	1	779	247	31.71	127	101	13	0
Pct 7957	Election Day	7957	1	623	97	15.57	31	55	10	0
Pct 7957	VBM	7957	1	623	217	34.83	102	101	14	0
Pct 7958 MB	Election Day	7958	1	263	13	4.94	5	7	1	0
Pct 7958 MB	VBM	7958	1	263	104	39.54	44	55	8	0
Pct 7959	Election Day	7959	1	695	110	15.83	34	72	6	0
Pct 7959	VBM	7959	1	695	190	27.34	58	121	9	0
Pct 9001 MB	Election Day	9001	1	257	8	3.11	7	2	0	0
Pct 9001 MB	VBM	9001	1	257	101	39.3	55	40	5	0
Pct 9101	Election Day	9101	1	833	190	22.81	75	103	13	0
Pct 9101	VBM	9101	1	833	323	38.78	129	177	19	0
Pct 9102	Election Day	9102	1	950	182	19.16	66	105	12	0
Pct 9102	VBM	9102	1	950	335	35.26	127	179	28	0
Pct 9103	Election Day	9103	1	924	174	18.83	59	100	15	0
Pct 9103	VBM	9103	1	924	302	32.68	132	148	23	0
Pct 9104	Election Day	9104	1	937	176	18.78	62	98	16	0
Pct 9104	VBM	9104	1	937	332	35.43	135	168	31	0
Pct 9105	Election Day	9105	1	888	191	21.51	75	104	12	0
Pct 9105	VBM	9105	1	888	339	38.18	122	201	17	0
Pct 9106	Election Day	9106	1	907	213	23.48	73	125	13	1
Pct 9106	VBM	9106	1	907	334	36.82	121	180	28	0
Pct 9107	Election Day	9107	1	806	164	20.35	57	95	12	0
Pct 9107	VBM	9107	1	806	246	30.52	91	132	20	0
Pct 9108	Election Day	9108	1	761	185	24.31	64	111	9	0
Pct 9108	VBM	9108	1	761	220	28.91	74	132	14	0
Pct 9109	Election Day	9109	1	848	205	24.17	64	134	7	1
Pct 9109	VBM	9109	1	848	285	33.61	94	163	27	0
Pct 9111	Election Day	9111	1	756	150	19.84	53	87	10	0
Pct 9111	VBM	9111	1	756	226	29.89	75	138	15	0
Pct 9112	Election Day	9112	1	918	211	22.98	71	131	9	0
Pct 9112	VBM	9112	1	918	295	32.14	81	194	20	1
Pct 9113	Election Day	9113	1	959	231	24.09	64	148	18	0
Pct 9113	VBM	9113	1	959	351	36.6	109	222	19	1
Pct 9114	Election Day	9114	1	820	170	20.73	53	103	13	1
Pct 9114	VBM	9114	1	820	273	33.29	93	161	19	0
Pct 9115	Election Day	9115	1	873	172	19.7	47	110	15	0
Pct 9115	VBM	9115	1	873	287	32.88	80	192	15	0
Pct 9116	Election Day	9116	1	903	193	21.37	56	120	14	1
Pct 9116	VBM	9116	1	903	314	34.77	84	207	22	0
Pct 9117	Election Day	9117	1	756	180	23.81	60	115	5	0
Pct 9117	VBM	9117	1	756	285	37.7	100	161	23	0
Pct 9118	Election Day	9118	1	923	184	19.93	60	112	12	0
Pct 9118	VBM	9118	1	923	268	29.04	101	148	21	0
Pct 9119	Election Day	9119	1	856	152	17.76	48	91	16	0
Pct 9119	VBM	9119	1	856	323	37.73	129	178	17	0
Pct 9121	Election Day	9121	1	890	188	21.12	65	107	16	0
Pct 9121	VBM	9121	1	890	274	30.79	100	164	11	0
Pct 9122	Election Day	9122	1	913	131	14.35	34	89	8	0
Pct 9122	VBM	9122	1	913	292	31.98	151	131	12	0
Pct 9123	Election Day	9123	1	829	175	21.11	53	112	10	0
Pct 9123	VBM	9123	1	829	270	32.57	107	148	14	0
Pct 9124	Election Day	9124	1	832	150	18.03	44	96	10	0
Pct 9124	VBM	9124	1	832	290	34.86	132	140	19	0
Pct 9125	Election Day	9125	1	822	159	19.34	54	99	8	0
Pct 9125	VBM	9125	1	822	299	36.37	120	167	16	1
Pct 9126	Election Day	9126	1	945	186	19.68	58	116	12	0
Pct 9126	VBM	9126	1	945	350	37.04	120	204	25	0
Pct 9127	Election Day	9127	1	908	209	23.02	66	134	9	0
Pct 9127	VBM	9127	1	908	315	34.69	100	193	25	0
Pct 9128	Election Day	9128	1	805	188	23.35	58	118	11	1
Pct 9128	VBM	9128	1	805	296	36.77	112	163	23	0
Pct 9129	Election Day	9129	1	713	173	24.26	62	106	5	0
Pct 9129	VBM	9129	1	713	225	31.56	86	123	16	0
Pct 9131	Election Day	9131	1	740	151	20.41	48	99	4	0
Pct 9131	VBM	9131	1	740	274	37.03	96	162	17	0
Pct 9132	Election Day	9132	1	827	167	20.19	46	109	12	0
Pct 9132	VBM	9132	1	827	251	30.35	94	140	18	0
Pct 9133	Election Day	9133	1	1007	188	18.67	49	129	10	0
Pct 9133	VBM	9133	1	1007	388	38.53	141	216	30	0
Pct 9134	Election Day	9134	1	893	132	14.78	33	87	14	0
Pct 9134	VBM	9134	1	893	297	33.26	107	168	17	1
Pct 9135	Election Day	9135	1	778	149	19.15	53	88	8	0
Pct 9135	VBM	9135	1	778	269	34.58	118	138	11	0
Pct 9136	Election Day	9136	1	894	191	21.36	59	122	10	0
Pct 9136	VBM	9136	1	894	289	32.33	102	168	16	1
Pct 9137	Election Day	9137	1	946	201	21.25	86	102	14	0
Pct 9137	VBM	9137	1	946	323	34.14	133	165	23	0
Pct 9138	Election Day	9138	1	892	155	17.38	65	79	11	0
Pct 9138	VBM	9138	1	892	323	36.21	152	158	15	1
Pct 9139	Election Day	9139	1	912	163	17.87	55	98	11	0
Pct 9139	VBM	9139	1	912	356	39.04	153	173	29	0
Pct 9141	Election Day	9141	1	904	168	18.58	54	98	17	0
Pct 9141	VBM	9141	1	904	328	36.28	122	187	20	0
Pct 9142	Election Day	9142	1	921	219	23.78	80	127	11	0
Pct 9142	VBM	9142	1	921	288	31.27	118	152	18	0
Pct 9143	Election Day	9143	1	887	196	22.1	58	122	15	0
Pct 9143	VBM	9143	1	887	315	35.51	119	175	22	0
Pct 9144	Election Day	9144	1	931	221	23.74	70	140	10	0
Pct 9144	VBM	9144	1	931	322	34.59	136	172	16	0
Pct 9145	Election Day	9145	1	837	197	23.54	57	119	20	0
Pct 9145	VBM	9145	1	837	282	33.69	94	171	17	0
Pct 9146	Election Day	9146	1	866	206	23.79	68	126	11	0
Pct 9146	VBM	9146	1	866	297	34.3	94	184	17	0
Pct 9147	Election Day	9147	1	920	227	24.67	77	141	8	0
Pct 9147	VBM	9147	1	920	318	34.57	96	211	15	0
Pct 9148	Election Day	9148	1	946	226	23.89	72	137	18	0
Pct 9148	VBM	9148	1	946	322	34.04	105	201	13	0
Pct 9149	Election Day	9149	1	884	196	22.17	61	122	13	0
Pct 9149	VBM	9149	1	884	296	33.48	92	188	13	0
Pct 9151	Election Day	9151	1	806	152	18.86	51	95	7	0
Pct 9151	VBM	9151	1	806	267	33.13	103	143	22	0
Pct 9152	Election Day	9152	1	712	67	9.41	29	34	3	0
Pct 9152	VBM	9152	1	712	138	19.38	33	93	10	0
Pct 9201	Election Day	9201	1	953	201	21.09	74	116	11	0
Pct 9201	VBM	9201	1	953	229	24.03	71	144	10	1
Pct 9202	Election Day	9202	1	908	184	20.26	61	111	13	0
Pct 9202	VBM	9202	1	908	218	24.01	77	127	11	3
Pct 9203	Election Day	9203	1	968	145	14.98	67	71	7	0
Pct 9203	VBM	9203	1	968	300	30.99	141	141	17	0
Pct 9204	Election Day	9204	1	809	147	18.17	50	84	12	0
Pct 9204	VBM	9204	1	809	223	27.56	129	82	14	0
Pct 9205	Election Day	9205	1	694	113	16.28	36	65	12	0
Pct 9205	VBM	9205	1	694	201	28.96	68	117	15	0
Pct 9206	Election Day	9206	1	887	135	15.22	64	61	12	0
Pct 9206	VBM	9206	1	887	294	33.15	132	144	17	1
Pct 9207	Election Day	9207	1	913	148	16.21	61	82	5	0
Pct 9207	VBM	9207	1	913	249	27.27	103	138	10	0
Pct 9208	Election Day	9208	1	936	147	15.71	57	80	10	0
Pct 9208	VBM	9208	1	936	240	25.64	104	127	11	0
Pct 9209	Election Day	9209	1	675	121	17.93	48	69	5	0
Pct 9209	VBM	9209	1	675	188	27.85	77	97	17	0
Pct 9211	Election Day	9211	1	834	130	15.59	51	74	5	0
Pct 9211	VBM	9211	1	834	212	25.42	88	107	18	0
Pct 9212	Election Day	9212	1	764	121	15.84	43	70	8	0
Pct 9212	VBM	9212	1	764	205	26.83	83	104	18	0
Pct 9213	Election Day	9213	1	890	140	15.73	55	76	8	1
Pct 9213	VBM	9213	1	890	260	29.21	99	141	19	0
Pct 9214	Election Day	9214	1	581	92	15.83	37	46	9	0
Pct 9214	VBM	9214	1	581	203	34.94	83	103	15	0
Pct 9215	Election Day	9215	1	626	130	20.77	60	59	11	0
Pct 9215	VBM	9215	1	626	170	27.16	66	95	5	2
Pct 9216	Election Day	9216	1	798	134	16.79	55	69	9	1
Pct 9216	VBM	9216	1	798	206	25.81	81	104	19	0
Pct 9217	Election Day	9217	1	684	123	17.98	62	55	6	0
Pct 9217	VBM	9217	1	684	187	27.34	96	78	12	1
Pct 9218	Election Day	9218	1	797	119	14.93	42	74	3	0
Pct 9218	VBM	9218	1	797	225	28.23	95	113	18	0
Pct 9219	Election Day	9219	1	733	146	19.92	46	88	11	1
Pct 9219	VBM	9219	1	733	187	25.51	91	85	10	0
Pct 9221	Election Day	9221	1	641	121	18.88	53	59	9	0
Pct 9221	VBM	9221	1	641	278	43.37	100	160	17	1
Pct 9222	Election Day	9222	1	842	139	16.51	54	76	9	0
Pct 9222	VBM	9222	1	842	268	31.83	111	144	12	0
Pct 9223	Election Day	9223	1	606	88	14.52	35	47	4	0
Pct 9223	VBM	9223	1	606	202	33.33	72	109	17	1
Pct 9224	Election Day	9224	1	912	171	18.75	70	90	9	0
Pct 9224	VBM	9224	1	912	308	33.77	148	149	12	0
Pct 9225	Election Day	9225	1	898	161	17.93	62	85	13	1
Pct 9225	VBM	9225	1	898	243	27.06	93	137	12	1
Pct 9226	Election Day	9226	1	905	143	15.8	49	85	10	0
Pct 9226	VBM	9226	1	905	312	34.48	116	175	22	1
Pct 9227	Election Day	9227	1	729	140	19.2	55	76	9	0
Pct 9227	VBM	9227	1	729	304	41.7	130	151	21	0
Pct 9228	Election Day	9228	1	726	175	24.1	72	91	12	0
Pct 9228	VBM	9228	1	726	277	38.15	123	140	12	1
Pct 9229	Election Day	9229	1	596	130	21.81	41	80	10	0
Pct 9229	VBM	9229	1	596	219	36.74	69	138	12	0
Pct 9231	Election Day	9231	1	919	221	24.05	60	148	13	0
Pct 9231	VBM	9231	1	919	294	31.99	88	186	20	0
Pct 9232	Election Day	9232	1	701	151	21.54	61	80	7	1
Pct 9232	VBM	9232	1	701	274	39.09	107	151	16	0
Pct 9233	Election Day	9233	1	774	139	17.96	41	79	19	0
Pct 9233	VBM	9233	1	774	308	39.79	122	160	26	0
Pct 9234	Election Day	9234	1	731	131	17.92	51	69	12	0
Pct 9234	VBM	9234	1	731	281	38.44	110	155	17	0
Pct 9235	Election Day	9235	1	842	174	20.67	59	90	24	0
Pct 9235	VBM	9235	1	842	298	35.39	127	155	16	0
Pct 9236	Election Day	9236	1	658	130	19.76	43	74	13	0
Pct 9236	VBM	9236	1	658	207	31.46	66	123	18	0
Pct 9237	Election Day	9237	1	880	145	16.48	50	82	13	0
Pct 9237	VBM	9237	1	880	331	37.61	117	198	17	0
Pct 9238	Election Day	9238	1	792	130	16.41	43	78	11	0
Pct 9238	VBM	9238	1	792	271	34.22	114	146	11	1
Pct 9239	Election Day	9239	1	835	117	14.01	42	64	11	0
Pct 9239	VBM	9239	1	835	318	38.08	137	170	15	0
Pct 9241	Election Day	9241	1	961	158	16.44	46	103	8	0
Pct 9241	VBM	9241	1	961	322	33.51	110	189	20	0
Pct 9242	Election Day	9242	1	940	154	16.38	57	76	20	0
Pct 9242	VBM	9242	1	940	300	31.91	103	178	19	0
Pct 9243	Election Day	9243	1	572	135	23.6	38	86	11	0
Pct 9243	VBM	9243	1	572	188	32.87	69	109	8	0
Pct 9244	Election Day	9244	1	880	149	16.93	44	91	12	1
Pct 9244	VBM	9244	1	880	269	30.57	81	172	18	0
Pct 9245	Election Day	9245	1	706	128	18.13	37	80	10	1
Pct 9245	VBM	9245	1	706	226	32.01	77	132	15	0
Pct 9246	Election Day	9246	1	910	139	15.27	49	80	10	0
Pct 9246	VBM	9246	1	910	299	32.86	99	178	22	0
Pct 9247	Election Day	9247	1	936	151	16.13	64	80	8	0
Pct 9247	VBM	9247	1	936	303	32.37	105	179	18	0
Pct 9248	Election Day	9248	1	898	181	20.16	73	90	18	0
Pct 9248	VBM	9248	1	898	282	31.4	96	166	20	0
Pct 9249	Election Day	9249	1	910	187	20.55	58	113	15	0
Pct 9249	VBM	9249	1	910	314	34.51	93	201	20	0
Pct 9251	Election Day	9251	1	946	204	21.56	74	120	11	0
Pct 9251	VBM	9251	1	946	342	36.15	91	230	20	1
Pct 9252	Election Day	9252	1	913	140	15.33	38	97	6	0
Pct 9252	VBM	9252	1	913	352	38.55	137	193	20	0
Pct 9253	Election Day	9253	1	751	138	18.38	49	75	12	0
Pct 9253	VBM	9253	1	751	272	36.22	103	152	18	0
Pct 9254	Election Day	9254	1	889	168	18.9	42	111	14	1
Pct 9254	VBM	9254	1	889	318	35.77	112	191	16	0
Pct 9255	Election Day	9255	1	545	126	23.12	37	80	9	0
Pct 9255	VBM	9255	1	545	128	23.49	39	83	5	0
Pct 9256	Election Day	9256	1	433	77	17.78	24	49	4	0
Pct 9256	VBM	9256	1	433	103	23.79	28	70	7	0
Pct 9257 MB	Election Day	9257	1	312	9	2.88	2	6	1	0
Pct 9257 MB	VBM	9257	1	312	150	48.08	51	94	4	1
Pct 9258	Election Day	9258	1	699	127	18.17	37	84	6	0
Pct 9258	VBM	9258	1	699	244	34.91	83	148	12	0
Pct 9401	Election Day	9401	1	970	194	20	59	124	11	0
Pct 9401	VBM	9401	1	970	293	30.21	93	191	9	1
Pct 9402	Election Day	9402	1	931	197	21.16	63	121	13	0
Pct 9402	VBM	9402	1	931	307	32.98	110	171	26	0
Pct 9403	Election Day	9403	1	853	167	19.58	59	106	3	0
Pct 9403	VBM	9403	1	853	286	33.53	117	149	17	1
Pct 9404	Election Day	9404	1	889	153	17.21	51	90	12	0
Pct 9404	VBM	9404	1	889	320	36	139	155	26	0
Pct 9405	Election Day	9405	1	757	160	21.14	66	87	8	0
Pct 9405	VBM	9405	1	757	245	32.36	111	119	15	0
Pct 9406	Election Day	9406	1	815	179	21.96	72	101	6	0
Pct 9406	VBM	9406	1	815	277	33.99	112	144	18	1
Pct 9407	Election Day	9407	1	861	191	22.18	68	113	10	0
Pct 9407	VBM	9407	1	861	284	32.98	118	144	23	1
Pct 9408	Election Day	9408	1	837	187	22.34	51	119	16	0
Pct 9408	VBM	9408	1	837	246	29.39	83	145	22	0
Pct 9409	Election Day	9409	1	565	140	24.78	48	86	6	0
Pct 9409	VBM	9409	1	565	170	30.09	54	104	12	0
Pct 9411	Election Day	9411	1	936	175	18.7	65	97	14	0
Pct 9411	VBM	9411	1	936	261	27.88	95	154	11	0
Pct 9412	Election Day	9412	1	843	164	19.45	69	93	2	0
Pct 9412	VBM	9412	1	843	285	33.81	115	144	26	1
Pct 9413	Election Day	9413	1	858	172	20.05	65	91	16	1
Pct 9413	VBM	9413	1	858	310	36.13	133	146	30	0
Pct 9414	Election Day	9414	1	862	159	18.45	59	82	17	0
Pct 9414	VBM	9414	1	862	307	35.61	115	168	24	2
Pct 9415	Election Day	9415	1	755	121	16.03	43	74	7	0
Pct 9415	VBM	9415	1	755	284	37.62	106	165	16	0
Pct 9416	Election Day	9416	1	962	198	20.58	70	115	12	1
Pct 9416	VBM	9416	1	962	316	32.85	139	157	22	0
Pct 9417	Election Day	9417	1	714	117	16.39	39	70	7	0
Pct 9417	VBM	9417	1	714	286	40.06	156	113	19	1
Pct 9418	Election Day	9418	1	753	157	20.85	61	87	9	0
Pct 9418	VBM	9418	1	753	269	35.72	112	136	24	0
Pct 9419	Election Day	9419	1	893	167	18.7	71	78	19	0
Pct 9419	VBM	9419	1	893	326	36.51	168	139	17	0
Pct 9421	Election Day	9421	1	878	150	17.08	49	93	8	1
Pct 9421	VBM	9421	1	878	316	35.99	127	173	17	0
Pct 9422	Election Day	9422	1	1010	200	19.8	82	105	12	0
Pct 9422	VBM	9422	1	1010	358	35.45	151	187	21	0
Pct 9423	Election Day	9423	1	853	147	17.23	58	83	6	0
Pct 9423	VBM	9423	1	853	292	34.23	132	145	18	0
Pct 9424	Election Day	9424	1	910	146	16.04	57	79	9	0
Pct 9424	VBM	9424	1	910	331	36.37	150	164	17	0
Pct 9425	Election Day	9425	1	903	136	15.06	42	80	12	0
Pct 9425	VBM	9425	1	903	313	34.66	152	134	27	0
Pct 9426	Election Day	9426	1	801	143	17.85	68	61	15	0
Pct 9426	VBM	9426	1	801	283	35.33	127	130	19	0
Pct 9427	Election Day	9427	1	889	129	14.51	66	55	8	0
Pct 9427	VBM	9427	1	889	333	37.46	159	147	26	0
Pct 9428	Election Day	9428	1	892	122	13.68	50	65	8	0
Pct 9428	VBM	9428	1	892	346	38.79	165	159	23	1
Pct 9429	Election Day	9429	1	866	173	19.98	84	81	8	0
Pct 9429	VBM	9429	1	866	308	35.57	144	156	9	0
Pct 9431	Election Day	9431	1	954	152	15.93	70	68	15	0
Pct 9431	VBM	9431	1	954	352	36.9	158	167	26	0
Pct 9432	Election Day	9432	1	901	155	17.2	70	79	6	0
Pct 9432	VBM	9432	1	901	307	34.07	133	154	19	0
Pct 9433	Election Day	9433	1	912	155	17	70	76	9	0
Pct 9433	VBM	9433	1	912	317	34.76	152	137	28	0
Pct 9434	Election Day	9434	1	963	188	19.52	71	101	17	0
Pct 9434	VBM	9434	1	963	349	36.24	164	163	24	1
Pct 9435	Election Day	9435	1	934	195	20.88	72	112	11	0
Pct 9435	VBM	9435	1	934	320	34.26	166	125	33	0
Pct 9436	Election Day	9436	1	941	161	17.11	70	80	11	0
Pct 9436	VBM	9436	1	941	337	35.81	160	152	29	0
Pct 9437	Election Day	9437	1	873	170	19.47	76	85	9	0
Pct 9437	VBM	9437	1	873	324	37.11	169	135	19	0
Pct 9438	Election Day	9438	1	918	129	14.05	51	68	9	0
Pct 9438	VBM	9438	1	918	336	36.6	178	134	25	0
Pct 9439	Election Day	9439	1	827	126	15.24	42	76	8	0
Pct 9439	VBM	9439	1	827	314	37.97	159	129	28	0
Pct 9441	Election Day	9441	1	939	205	21.83	75	112	18	1
Pct 9441	VBM	9441	1	939	337	35.89	150	166	22	0
Pct 9442	Election Day	9442	1	970	200	20.62	79	113	6	0
Pct 9442	VBM	9442	1	970	325	33.51	154	149	24	0
Pct 9443	Election Day	9443	1	886	138	15.58	57	72	9	0
Pct 9443	VBM	9443	1	886	304	34.31	147	141	16	0
Pct 9444	Election Day	9444	1	901	118	13.1	61	48	12	0
Pct 9444	VBM	9444	1	901	312	34.63	156	134	23	0
Pct 9445	Election Day	9445	1	945	154	16.3	61	89	4	0
Pct 9445	VBM	9445	1	945	342	36.19	147	179	16	1
Pct 9446	Election Day	9446	1	1043	164	15.72	59	94	10	0
Pct 9446	VBM	9446	1	1043	417	39.98	209	178	28	1
Pct 9447	Election Day	9447	1	891	171	19.19	70	93	7	0
Pct 9447	VBM	9447	1	891	327	36.7	157	137	32	1
Pct 9448	Election Day	9448	1	877	159	18.13	74	73	12	0
Pct 9448	VBM	9448	1	877	307	35.01	153	132	26	0
Pct 9449	Election Day	9449	1	784	97	12.37	33	61	4	0
Pct 9449	VBM	9449	1	784	302	38.52	154	126	22	0
Pct 9451	Election Day	9451	1	414	57	13.77	17	36	4	0
Pct 9451	VBM	9451	1	414	154	37.2	79	62	9	0
Pct 9452	Election Day	9452	1	799	175	21.9	71	89	15	0
Pct 9452	VBM	9452	1	799	281	35.17	126	135	20	0
Pct 9453	Election Day	9453	1	488	90	18.44	38	46	6	0
Pct 9453	VBM	9453	1	488	175	35.86	85	82	7	1
Pct 9501 MB	Election Day	9501	1	149	5	3.36	2	3	0	0
Pct 9501 MB	VBM	9501	1	149	71	47.65	22	46	5	0
Pct 9502 MB	Election Day	9502	1	233	10	4.29	2	5	2	1
Pct 9502 MB	VBM	9502	1	233	116	49.79	39	73	5	0
Pct 9503/9504	Election Day	9503	1	725	128	17.66	35	75	18	0
Pct 9503/9504	VBM	9503	1	725	184	25.38	59	106	17	0
Pct 9505	Election Day	9505	1	756	147	19.44	59	73	15	0
Pct 9505	VBM	9505	1	756	274	36.24	105	148	21	0
Pct 9506	Election Day	9506	1	771	134	17.38	48	81	5	0
Pct 9506	VBM	9506	1	771	217	28.15	78	131	6	0
Pct 9507	Election Day	9507	1	733	170	23.19	33	120	17	0
Pct 9507	VBM	9507	1	733	218	29.74	49	159	10	1
Pct 9508	Election Day	9508	1	784	180	22.96	42	131	7	0
Pct 9508	VBM	9508	1	784	258	32.91	49	199	10	1
Pct 9509	Election Day	9509	1	719	165	22.95	35	113	18	0
Pct 9509	VBM	9509	1	719	239	33.24	68	161	10	1
Pct 9511	Election Day	9511	1	600	147	24.5	39	100	10	0
Pct 9511	VBM	9511	1	600	177	29.5	40	129	8	0
Pct 9512	Election Day	9512	1	771	161	20.88	32	114	16	0
Pct 9512	VBM	9512	1	771	251	32.56	67	175	13	0
Pct 9513	Election Day	9513	1	864	200	23.15	64	115	20	0
Pct 9513	VBM	9513	1	864	261	30.21	70	177	11	0
Pct 9514/9522	Election Day	9514	1	869	229	26.35	40	171	16	1
Pct 9514/9522	VBM	9514	1	869	257	29.57	56	186	16	0
Pct 9515	Election Day	9515	1	685	159	23.21	40	109	10	0
Pct 9515	VBM	9515	1	685	243	35.47	72	164	9	0
Pct 9516	Election Day	9516	1	864	206	23.84	68	125	13	0
Pct 9516	VBM	9516	1	864	269	31.13	106	147	14	1
Pct 9517	Election Day	9517	1	768	197	25.65	55	131	11	0
Pct 9517	VBM	9517	1	768	235	30.6	60	161	13	0
Pct 9518	Election Day	9518	1	783	180	22.99	48	127	5	0
Pct 9518	VBM	9518	1	783	242	30.91	69	165	8	1
Pct 9519	Election Day	9519	1	850	217	25.53	53	152	12	0
Pct 9519	VBM	9519	1	850	294	34.59	59	220	15	0
Pct 9521	Election Day	9521	1	893	254	28.44	72	167	15	0
Pct 9521	VBM	9521	1	893	290	32.47	62	219	11	0
Pct 9701	Election Day	9701	1	665	156	23.46	37	112	7	0
Pct 9701	VBM	9701	1	665	235	35.34	52	158	26	0
Pct 9702	Election Day	9702	1	710	194	27.32	36	148	10	0
Pct 9702	VBM	9702	1	710	231	32.54	63	157	10	0
Pct 9703	Election Day	9703	1	931	182	19.55	84	89	10	0
Pct 9703	VBM	9703	1	931	373	40.06	148	192	29	1
Pct 9704	Election Day	9704	1	942	191	20.28	66	117	7	0
Pct 9704	VBM	9704	1	942	354	37.58	108	222	25	0
Pct 9705	Election Day	9705	1	879	208	23.66	51	143	14	0
Pct 9705	VBM	9705	1	879	309	35.15	101	192	17	0
Pct 9706 MB	Election Day	9706	1	51	2	3.92	1	1	0	0
Pct 9706 MB	VBM	9706	1	51	32	62.75	13	19	0	0
Pct 9707	Election Day	9707	1	799	121	15.14	52	64	5	0
Pct 9707	VBM	9707	1	799	355	44.43	158	173	23	1
Pct 9708	Election Day	9708	1	919	193	21	59	120	13	0
Pct 9708	VBM	9708	1	919	324	35.26	113	182	22	1
Pct 9709	Election Day	9709	1	998	196	19.64	89	96	11	0
Pct 9709	VBM	9709	1	998	355	35.57	150	184	24	0
Pct 9711	Election Day	9711	1	625	167	26.72	70	83	14	0
Pct 9711	VBM	9711	1	625	254	40.64	101	143	11	0
Pct 9712	Election Day	9712	1	651	134	20.58	52	79	4	0
Pct 9712	VBM	9712	1	651	288	44.24	103	172	12	0
Pct 9713	Election Day	9713	1	930	161	17.31	63	78	14	0
Pct 9713	VBM	9713	1	930	362	38.92	169	174	19	0
Pct 9714	Election Day	9714	1	911	154	16.9	70	80	4	0
Pct 9714	VBM	9714	1	911	367	40.29	135	210	23	0
Pct 9715	Election Day	9715	1	566	162	28.62	63	91	8	0
Pct 9715	VBM	9715	1	566	218	38.52	87	116	11	0
Pct 9716	Election Day	9716	1	928	198	21.34	86	106	7	0
Pct 9716	VBM	9716	1	928	368	39.66	181	165	17	0
Pct 9717	Election Day	9717	1	967	206	21.3	81	108	17	0
Pct 9717	VBM	9717	1	967	371	38.37	156	200	17	0
Pct 9718	Election Day	9718	1	843	183	21.71	58	116	10	0
Pct 9718	VBM	9718	1	843	385	45.67	154	211	18	0
Pct 9719	Election Day	9719	1	863	186	21.55	71	107	7	0
Pct 9719	VBM	9719	1	863	389	45.08	160	210	17	0
Pct 9721	Election Day	9721	1	653	182	27.87	78	95	10	0
Pct 9721	VBM	9721	1	653	250	38.28	115	127	9	0
Pct 9722	Election Day	9722	1	593	86	14.5	40	43	4	0
Pct 9722	VBM	9722	1	593	269	45.36	127	124	20	1
Pct 9723	Election Day	9723	1	458	74	16.16	45	28	1	0
Pct 9723	VBM	9723	1	458	198	43.23	98	85	14	0
Pct 9724	Election Day	9724	1	950	144	15.16	71	69	4	0
Pct 9724	VBM	9724	1	950	386	40.63	183	184	23	0
Pct 9725	Election Day	9725	1	941	118	12.54	59	54	7	0
Pct 9725	VBM	9725	1	941	350	37.19	160	179	14	0
Pct 9726	Election Day	9726	1	685	83	12.12	38	42	3	0
Pct 9726	VBM	9726	1	685	137	20	71	61	9	1
Pct 9727	Election Day	9727	1	435	60	13.79	28	29	4	0
Pct 9727	VBM	9727	1	435	205	47.13	84	106	12	0
Pct 9728	Election Day	9728	1	906	204	22.52	86	112	8	0
Pct 9728	VBM	9728	1	906	378	41.72	159	203	16	1
Pct 9729	Election Day	9729	1	782	161	20.59	77	81	2	0
Pct 9729	VBM	9729	1	782	304	38.87	121	171	11	0
Pct 9731	Election Day	9731	1	529	138	26.09	64	66	8	0
Pct 9731	VBM	9731	1	529	189	35.73	96	90	3	0
Pct 9732 MB	Election Day	9732	1	73	3	4.11	2	1	0	0
Pct 9732 MB	VBM	9732	1	73	43	58.9	16	23	4	0
Pct 9733 MB	Election Day	9733	1	224	4	1.79	0	3	1	0
Pct 9733 MB	VBM	9733	1	224	146	65.18	57	84	5	0
Pct 9734	Election Day	9734	1	577	122	21.14	59	59	5	0
Pct 9734	VBM	9734	1	577	261	45.23	115	134	14	0
Pct 9735	Election Day	9735	1	782	167	21.36	73	88	5	0
Pct 9735	VBM	9735	1	782	344	43.99	147	176	15	0
Pct 9736	Election Day	9736	1	699	145	20.74	50	84	11	0
Pct 9736	VBM	9736	1	699	305	43.63	115	167	18	0
Pct 9737	Election Day	9737	1	792	175	22.1	71	94	10	0
Pct 9737	VBM	9737	1	792	343	43.31	129	191	23	0
Pct 9738	Election Day	9738	1	830	99	11.93	41	54	3	1
Pct 9738	VBM	9738	1	830	263	31.69	124	116	22	0
Pct 9739	Election Day	9739	1	826	126	15.25	57	61	8	0
Pct 9739	VBM	9739	1	826	193	23.37	84	102	9	0
Pct 9741	Election Day	9741	1	1022	19	1.86	7	10	2	0
Pct 9741	VBM	9741	1	1022	24	2.35	10	12	2	0
Pct 9742	Election Day	9742	1	647	134	20.71	70	55	9	0
Pct 9742	VBM	9742	1	647	187	28.9	87	86	11	0
Pct 9743	Election Day	9743	1	1093	172	15.74	77	79	16	0
Pct 9743	VBM	9743	1	1093	317	29	135	162	18	1
Pct 9744	Election Day	9744	1	902	141	15.63	54	70	15	1
Pct 9744	VBM	9744	1	902	234	25.94	115	106	11	0
Pct 9745	Election Day	9745	1	934	141	15.1	67	67	7	0
Pct 9745	VBM	9745	1	934	205	21.95	84	108	11	0
Pct 9746	Election Day	9746	1	867	192	22.15	94	80	18	0
Pct 9746	VBM	9746	1	867	334	38.52	144	170	20	0
Pct 9747	Election Day	9747	1	940	198	21.06	74	110	14	0
Pct 9747	VBM	9747	1	940	323	34.36	144	146	33	1
Pct 9748	Election Day	9748	1	913	164	17.96	67	88	8	0
Pct 9748	VBM	9748	1	913	342	37.46	155	169	20	1
Pct 9749	Election Day	9749	1	893	143	16.01	56	77	12	0
Pct 9749	VBM	9749	1	893	266	29.79	116	133	13	0
Pct 9751	Election Day	9751	1	977	157	16.07	64	81	13	0
Pct 9751	VBM	9751	1	977	384	39.3	179	181	25	1
Pct 9752	Election Day	9752	1	692	143	20.66	53	78	12	0
Pct 9752	VBM	9752	1	692	305	44.08	115	171	19	0
Pct 9753	Election Day	9753	1	735	148	20.14	47	92	10	0
Pct 9753	VBM	9753	1	735	266	36.19	123	130	14	0
Pct 9754	Election Day	9754	1	701	169	24.11	59	102	8	0
Pct 9754	VBM	9754	1	701	296	42.23	114	172	12	0
Pct 9755	Election Day	9755	1	553	120	21.7	43	71	7	0
Pct 9755	VBM	9755	1	553	201	36.35	77	113	9	1
Pct 9756	Election Day	9756	1	908	126	13.88	52	64	10	0
Pct 9756	VBM	9756	1	908	297	32.71	142	138	13	0
Pct 9801	Election Day	9801	1	399	76	19.05	25	49	3	0
Pct 9801	VBM	9801	1	399	148	37.09	78	63	5	0
Pct 9900 MB	Election Day	9900	1	0	0	0	0	0	0	0
Pct 9900 MB	VBM	9900	1	0	0	0	0	0	0	0
Pct 9901 MB	Election Day	9901	1	0	0	0	0	0	0	0
Pct 9901 MB	VBM	9901	1	0	0	0	0	0	0	0
Pct 9902 MB	Election Day	9902	1	0	0	0	0	0	0	0
Pct 9902 MB	VBM	9902	1	0	0	0	0	0	0	0
