PrecinctName	ReportingType	PrecinctID	Precincts	Registration	Ballots Cast	Turnout (%)	Yes	No	Under Vote	Over Vote
Pct 1101	Election Day	1101	1	544	83	15.26	65	15	4	0
Pct 1101	VBM	1101	1	544	198	36.4	137	50	10	0
Pct 1102	Election Day	1102	1	964	188	19.5	135	43	9	0
Pct 1102	VBM	1102	1	964	337	34.96	213	105	21	0
Pct 1103	Election Day	1103	1	914	163	17.83	119	38	5	1
Pct 1103	VBM	1103	1	914	348	38.07	233	96	18	1
Pct 1104/1105	Election Day	1104	1	953	167	17.52	114	37	16	0
Pct 1104/1105	VBM	1104	1	953	292	30.64	220	54	17	0
Pct 1106	Election Day	1106	1	740	113	15.27	78	33	2	0
Pct 1106	VBM	1106	1	740	231	31.22	148	68	15	1
Pct 1107	Election Day	1107	1	721	101	14.01	67	23	11	0
Pct 1107	VBM	1107	1	721	240	33.29	145	79	15	0
Pct 1108	Election Day	1108	1	882	156	17.69	107	28	21	0
Pct 1108	VBM	1108	1	882	328	37.19	222	82	23	0
Pct 1109	Election Day	1109	1	758	124	16.36	90	26	10	1
Pct 1109	VBM	1109	1	758	265	34.96	152	86	24	0
Pct 1111	Election Day	1111	1	938	132	14.07	90	29	15	0
Pct 1111	VBM	1111	1	938	330	35.18	197	100	28	0
Pct 1112	Election Day	1112	1	702	96	13.68	67	20	6	1
Pct 1112	VBM	1112	1	702	221	31.48	134	65	22	0
Pct 1113	Election Day	1113	1	701	82	11.7	60	16	7	0
Pct 1113	VBM	1113	1	701	272	38.8	169	81	22	0
Pct 1114	Election Day	1114	1	915	139	15.19	102	23	14	0
Pct 1114	VBM	1114	1	915	280	30.6	198	66	15	0
Pct 1115	Election Day	1115	1	835	97	11.62	74	14	9	0
Pct 1115	VBM	1115	1	835	279	33.41	166	83	30	1
Pct 1116	Election Day	1116	1	842	141	16.75	88	34	20	0
Pct 1116	VBM	1116	1	842	275	32.66	178	67	30	0
Pct 1117	Election Day	1117	1	827	138	16.69	91	30	18	0
Pct 1117	VBM	1117	1	827	240	29.02	156	70	14	0
Pct 1118	Election Day	1118	1	974	158	16.22	108	31	16	1
Pct 1118	VBM	1118	1	974	335	34.39	206	95	32	0
Pct 1119	Election Day	1119	1	745	97	13.02	73	16	9	0
Pct 1119	VBM	1119	1	745	274	36.78	186	73	16	0
Pct 1121	Election Day	1121	1	653	104	15.93	51	43	9	1
Pct 1121	VBM	1121	1	653	221	33.84	128	71	21	0
Pct 1122	Election Day	1122	1	607	69	11.37	50	12	7	0
Pct 1122	VBM	1122	1	607	213	35.09	121	73	20	0
Pct 1123	Election Day	1123	1	876	118	13.47	79	29	11	0
Pct 1123	VBM	1123	1	876	254	29	162	81	12	1
Pct 1124	Election Day	1124	1	773	109	14.1	75	19	15	0
Pct 1124	VBM	1124	1	773	200	25.87	126	59	15	1
Pct 1125	Election Day	1125	1	987	80	8.11	57	17	8	0
Pct 1125	VBM	1125	1	987	329	33.33	208	93	32	0
Pct 1126	Election Day	1126	1	900	92	10.22	68	16	9	0
Pct 1126	VBM	1126	1	900	292	32.44	195	69	29	0
Pct 1127	Election Day	1127	1	875	141	16.11	93	37	11	1
Pct 1127	VBM	1127	1	875	277	31.66	167	97	14	0
Pct 1128	Election Day	1128	1	813	104	12.79	70	31	3	0
Pct 1128	VBM	1128	1	813	246	30.26	132	97	18	0
Pct 1129	Election Day	1129	1	924	120	12.99	85	23	12	0
Pct 1129	VBM	1129	1	924	274	29.65	171	83	18	0
Pct 1131	Election Day	1131	1	783	85	10.86	62	15	8	0
Pct 1131	VBM	1131	1	783	288	36.78	168	94	26	0
Pct 1132	Election Day	1132	1	910	112	12.31	72	30	10	0
Pct 1132	VBM	1132	1	910	324	35.6	206	98	23	0
Pct 1133	Election Day	1133	1	826	99	11.99	66	25	8	0
Pct 1133	VBM	1133	1	826	292	35.35	189	90	15	0
Pct 1134	Election Day	1134	1	727	126	17.33	93	22	11	0
Pct 1134	VBM	1134	1	727	241	33.15	149	73	20	0
Pct 1135	Election Day	1135	1	511	71	13.89	52	12	8	0
Pct 1135	VBM	1135	1	511	217	42.47	141	55	19	0
Pct 1136	Election Day	1136	1	807	97	12.02	59	29	9	0
Pct 1136	VBM	1136	1	807	287	35.56	174	90	21	1
Pct 1141	Election Day	1141	1	998	149	14.93	100	32	16	0
Pct 1141	VBM	1141	1	998	368	36.87	257	87	24	0
Pct 1142	Election Day	1142	1	822	120	14.6	87	23	10	0
Pct 1142	VBM	1142	1	822	266	32.36	181	67	18	0
Pct 1143	Election Day	1143	1	989	147	14.86	119	17	10	0
Pct 1143	VBM	1143	1	989	311	31.45	216	69	24	0
Pct 1144	Election Day	1144	1	870	148	17.01	105	38	7	0
Pct 1144	VBM	1144	1	870	264	30.34	169	76	20	0
Pct 1145	Election Day	1145	1	879	136	15.47	95	26	14	0
Pct 1145	VBM	1145	1	879	370	42.09	238	110	24	0
Pct 1146	Election Day	1146	1	971	124	12.77	96	21	7	0
Pct 1146	VBM	1146	1	971	326	33.57	238	70	19	0
Pct 1147	Election Day	1147	1	853	166	19.46	124	26	14	0
Pct 1147	VBM	1147	1	853	279	32.71	205	58	15	0
Pct 1148	Election Day	1148	1	918	121	13.18	75	35	11	0
Pct 1148	VBM	1148	1	918	314	34.2	183	108	22	1
Pct 1149	Election Day	1149	1	873	148	16.95	113	29	8	0
Pct 1149	VBM	1149	1	873	285	32.65	196	67	21	0
Pct 1151 MB	Election Day	1151	1	0	0	0	0	0	0	0
Pct 1151 MB	VBM	1151	1	0	0	0	0	0	0	0
Pct 1152	Election Day	1152	1	838	125	14.92	82	37	8	0
Pct 1152	VBM	1152	1	838	286	34.13	183	79	24	0
Pct 1153	Election Day	1153	1	909	139	15.29	85	42	12	0
Pct 1153	VBM	1153	1	909	306	33.66	216	75	13	0
Pct 1154 MB	Election Day	1154	1	0	0	0	0	0	0	0
Pct 1154 MB	VBM	1154	1	0	0	0	0	0	0	0
Pct 7001	Election Day	7001	1	735	119	16.19	96	19	4	1
Pct 7001	VBM	7001	1	735	266	36.19	200	49	15	0
Pct 7002	Election Day	7002	1	641	132	20.59	112	13	7	0
Pct 7002	VBM	7002	1	641	173	26.99	136	27	9	0
Pct 7003	Election Day	7003	1	864	188	21.76	155	23	10	0
Pct 7003	VBM	7003	1	864	340	39.35	257	63	18	2
Pct 7004	Election Day	7004	1	835	175	20.96	134	30	11	0
Pct 7004	VBM	7004	1	835	306	36.65	249	51	6	1
Pct 7005	Election Day	7005	1	812	180	22.17	148	17	14	0
Pct 7005	VBM	7005	1	812	295	36.33	243	43	8	0
Pct 7006	Election Day	7006	1	884	213	24.1	172	26	14	0
Pct 7006	VBM	7006	1	884	290	32.81	221	54	17	0
Pct 7007	Election Day	7007	1	916	233	25.44	188	39	8	0
Pct 7007	VBM	7007	1	916	323	35.26	256	53	15	0
Pct 7008	Election Day	7008	1	861	187	21.72	154	26	7	0
Pct 7008	VBM	7008	1	861	345	40.07	270	54	19	1
Pct 7009	Election Day	7009	1	864	133	15.39	95	29	10	0
Pct 7009	VBM	7009	1	864	312	36.11	238	59	16	0
Pct 7011	Election Day	7011	1	976	141	14.45	112	15	14	0
Pct 7011	VBM	7011	1	976	205	21	154	40	11	0
Pct 7012	Election Day	7012	1	1061	224	21.11	167	43	14	0
Pct 7012	VBM	7012	1	1061	383	36.1	301	58	23	0
Pct 7013	Election Day	7013	1	805	132	16.4	106	20	6	0
Pct 7013	VBM	7013	1	805	251	31.18	203	39	11	0
Pct 7014	Election Day	7014	1	1213	188	15.5	150	32	9	0
Pct 7014	VBM	7014	1	1213	434	35.78	342	71	22	0
Pct 7015 MB	Election Day	7015	1	93	0	0	0	0	0	0
Pct 7015 MB	VBM	7015	1	93	34	36.56	29	3	1	0
Pct 7016	Election Day	7016	1	891	112	12.57	76	16	19	1
Pct 7016	VBM	7016	1	891	221	24.8	140	62	20	0
Pct 7017	Election Day	7017	1	734	79	10.76	40	17	22	0
Pct 7017	VBM	7017	1	734	167	22.75	110	39	19	0
Pct 7018	Election Day	7018	1	908	88	9.69	58	25	7	0
Pct 7018	VBM	7018	1	908	343	37.78	221	90	29	1
Pct 7019	Election Day	7019	1	864	111	12.85	80	15	14	0
Pct 7019	VBM	7019	1	864	349	40.39	240	82	28	0
Pct 7021	Election Day	7021	1	927	129	13.92	86	26	16	0
Pct 7021	VBM	7021	1	927	220	23.73	168	36	19	0
Pct 7022	Election Day	7022	1	923	164	17.77	118	27	19	0
Pct 7022	VBM	7022	1	923	270	29.25	180	56	30	1
Pct 7023	Election Day	7023	1	906	131	14.46	82	26	22	0
Pct 7023	VBM	7023	1	906	301	33.22	225	49	31	0
Pct 7024	Election Day	7024	1	386	30	7.77	20	5	5	0
Pct 7024	VBM	7024	1	386	47	12.18	37	8	2	0
Pct 7025	Election Day	7025	1	448	66	14.73	40	12	12	0
Pct 7025	VBM	7025	1	448	78	17.41	55	18	4	0
Pct 7026	Election Day	7026	1	971	90	9.27	48	27	15	0
Pct 7026	VBM	7026	1	971	350	36.05	196	120	28	2
Pct 7027	Election Day	7027	1	845	136	16.09	89	24	24	0
Pct 7027	VBM	7027	1	845	271	32.07	160	77	32	0
Pct 7028	Election Day	7028	1	835	157	18.8	108	33	16	0
Pct 7028	VBM	7028	1	835	180	21.56	127	39	16	0
Pct 7029	Election Day	7029	1	855	115	13.45	74	25	16	0
Pct 7029	VBM	7029	1	855	166	19.42	124	29	12	0
Pct 7030	Election Day	7030	1	729	94	12.89	56	35	5	0
Pct 7030	VBM	7030	1	729	277	38	171	87	16	0
Pct 7031	Election Day	7031	1	611	50	8.18	30	13	7	0
Pct 7031	VBM	7031	1	611	224	36.66	151	47	23	0
Pct 7032	Election Day	7032	1	867	126	14.53	78	23	26	0
Pct 7032	VBM	7032	1	867	238	27.45	156	52	29	0
Pct 7033	Election Day	7033	1	765	135	17.65	76	38	21	0
Pct 7033	VBM	7033	1	765	181	23.66	129	31	21	1
Pct 7034	Election Day	7034	1	914	97	10.61	58	27	12	0
Pct 7034	VBM	7034	1	914	154	16.85	108	31	14	0
Pct 7035	Election Day	7035	1	553	73	13.2	58	9	6	0
Pct 7035	VBM	7035	1	553	170	30.74	121	35	14	0
Pct 7036	Election Day	7036	1	898	52	5.79	34	17	1	0
Pct 7036	VBM	7036	1	898	265	29.51	169	78	18	0
Pct 7037	Election Day	7037	1	730	73	10	51	9	14	0
Pct 7037	VBM	7037	1	730	64	8.77	38	15	8	0
Pct 7038	Election Day	7038	1	880	84	9.55	44	25	15	0
Pct 7038	VBM	7038	1	880	255	28.98	162	69	25	0
Pct 7039	Election Day	7039	1	768	111	14.45	73	28	10	1
Pct 7039	VBM	7039	1	768	225	29.3	127	77	19	1
Pct 7041 MB	Election Day	7041	1	60	0	0	0	0	0	0
Pct 7041 MB	VBM	7041	1	60	24	40	9	14	1	0
Pct 7042	Election Day	7042	1	632	75	11.87	49	18	8	0
Pct 7042	VBM	7042	1	632	191	30.22	115	52	22	0
Pct 7043	Election Day	7043	1	915	97	10.6	58	20	17	1
Pct 7043	VBM	7043	1	915	282	30.82	194	57	29	0
Pct 7044	Election Day	7044	1	805	86	10.68	54	16	17	0
Pct 7044	VBM	7044	1	805	125	15.53	70	44	12	0
Pct 7045	Election Day	7045	1	763	87	11.4	54	23	11	0
Pct 7045	VBM	7045	1	763	282	36.96	163	91	27	0
Pct 7046	Election Day	7046	1	385	54	14.03	36	13	5	0
Pct 7046	VBM	7046	1	385	136	35.32	85	42	9	0
Pct 7047	Election Day	7047	1	781	68	8.71	53	13	3	0
Pct 7047	VBM	7047	1	781	298	38.16	184	92	21	0
Pct 7048	Election Day	7048	1	815	94	11.53	59	26	9	0
Pct 7048	VBM	7048	1	815	248	30.43	160	64	25	0
Pct 7049	Election Day	7049	1	751	108	14.38	70	24	14	0
Pct 7049	VBM	7049	1	751	241	32.09	118	95	27	1
Pct 7051	Election Day	7051	1	839	70	8.34	49	14	9	0
Pct 7051	VBM	7051	1	839	302	36	175	98	26	1
Pct 7052	Election Day	7052	1	806	120	14.89	80	28	13	0
Pct 7052	VBM	7052	1	806	278	34.49	171	86	18	1
Pct 7053	Election Day	7053	1	548	44	8.03	33	5	6	0
Pct 7053	VBM	7053	1	548	205	37.41	128	55	20	1
Pct 7054	Election Day	7054	1	1024	141	13.77	101	28	9	0
Pct 7054	VBM	7054	1	1024	275	26.86	191	65	18	0
Pct 7055	Election Day	7055	1	699	83	11.87	61	13	12	0
Pct 7055	VBM	7055	1	699	256	36.62	170	65	22	0
Pct 7101 MB	Election Day	7101	1	141	2	1.42	2	0	0	0
Pct 7101 MB	VBM	7101	1	141	83	58.87	68	6	9	0
Pct 7201	Election Day	7201	1	900	147	16.33	100	31	14	0
Pct 7201	VBM	7201	1	900	333	37	235	76	23	0
Pct 7202	Election Day	7202	1	830	138	16.63	96	31	11	0
Pct 7202	VBM	7202	1	830	271	32.65	165	85	20	1
Pct 7203	Election Day	7203	1	867	174	20.07	122	35	18	0
Pct 7203	VBM	7203	1	867	243	28.03	178	45	17	0
Pct 7204	Election Day	7204	1	888	157	17.68	118	24	15	0
Pct 7204	VBM	7204	1	888	340	38.29	244	78	22	0
Pct 7205	Election Day	7205	1	847	183	21.61	138	34	10	1
Pct 7205	VBM	7205	1	847	309	36.48	204	82	20	0
Pct 7206	Election Day	7206	1	375	88	23.47	61	20	7	0
Pct 7206	VBM	7206	1	375	124	33.07	87	29	8	0
Pct 7207	Election Day	7207	1	744	119	15.99	83	18	19	0
Pct 7207	VBM	7207	1	744	231	31.05	158	56	17	0
Pct 7208	Election Day	7208	1	567	76	13.4	60	10	6	0
Pct 7208	VBM	7208	1	567	206	36.33	138	53	15	0
Pct 7209	Election Day	7209	1	586	69	11.77	49	12	8	0
Pct 7209	VBM	7209	1	586	326	55.63	240	68	17	0
Pct 7301	Election Day	7301	1	1002	150	14.97	105	28	16	1
Pct 7301	VBM	7301	1	1002	299	29.84	201	63	33	0
Pct 7302	Election Day	7302	1	806	121	15.01	84	22	15	0
Pct 7302	VBM	7302	1	806	352	43.67	242	81	26	0
Pct 7303	Election Day	7303	1	986	167	16.94	136	21	12	0
Pct 7303	VBM	7303	1	986	318	32.25	211	81	22	0
Pct 7304	Election Day	7304	1	972	203	20.88	156	40	7	0
Pct 7304	VBM	7304	1	972	330	33.95	231	66	31	0
Pct 7305	Election Day	7305	1	851	171	20.09	115	45	12	0
Pct 7305	VBM	7305	1	851	306	35.96	195	90	20	0
Pct 7306	Election Day	7306	1	1014	179	17.65	123	40	16	0
Pct 7306	VBM	7306	1	1014	302	29.78	201	72	27	0
Pct 7307	Election Day	7307	1	726	143	19.7	103	21	18	1
Pct 7307	VBM	7307	1	726	226	31.13	155	49	17	0
Pct 7308	Election Day	7308	1	598	133	22.24	102	25	6	0
Pct 7308	VBM	7308	1	598	204	34.11	151	40	12	0
Pct 7309	Election Day	7309	1	826	160	19.37	116	33	10	0
Pct 7309	VBM	7309	1	826	209	25.3	154	36	17	0
Pct 7311	Election Day	7311	1	901	175	19.42	142	22	10	1
Pct 7311	VBM	7311	1	901	266	29.52	195	52	18	0
Pct 7312	Election Day	7312	1	810	128	15.8	86	35	8	0
Pct 7312	VBM	7312	1	810	332	40.99	217	84	26	1
Pct 7313	Election Day	7313	1	925	135	14.59	103	14	17	0
Pct 7313	VBM	7313	1	925	315	34.05	221	69	26	0
Pct 7314	Election Day	7314	1	760	92	12.11	55	17	20	0
Pct 7314	VBM	7314	1	760	213	28.03	132	40	41	0
Pct 7315	Election Day	7315	1	725	119	16.41	93	14	12	0
Pct 7315	VBM	7315	1	725	178	24.55	129	41	6	0
Pct 7316	Election Day	7316	1	824	122	14.81	94	19	9	0
Pct 7316	VBM	7316	1	824	266	32.28	179	57	29	1
Pct 7317	Election Day	7317	1	886	117	13.21	90	20	7	0
Pct 7317	VBM	7317	1	886	340	38.37	215	94	29	0
Pct 7318	Election Day	7318	1	709	123	17.35	75	27	21	0
Pct 7318	VBM	7318	1	709	243	34.27	158	56	32	0
Pct 7319	Election Day	7319	1	1035	182	17.58	127	39	14	2
Pct 7319	VBM	7319	1	1035	296	28.6	197	74	25	0
Pct 7321	Election Day	7321	1	644	100	15.53	60	25	15	0
Pct 7321	VBM	7321	1	644	211	32.76	136	50	22	0
Pct 7322	Election Day	7322	1	859	60	6.98	40	7	13	0
Pct 7322	VBM	7322	1	859	304	35.39	169	63	76	0
Pct 7323	Election Day	7323	1	881	146	16.57	105	29	9	1
Pct 7323	VBM	7323	1	881	273	30.99	193	55	25	0
Pct 7324	Election Day	7324	1	687	125	18.2	87	26	12	0
Pct 7324	VBM	7324	1	687	198	28.82	136	43	22	0
Pct 7325	Election Day	7325	1	870	150	17.24	112	20	18	0
Pct 7325	VBM	7325	1	870	276	31.72	189	61	27	0
Pct 7326	Election Day	7326	1	853	150	17.58	97	33	20	0
Pct 7326	VBM	7326	1	853	256	30.01	182	50	23	0
Pct 7327	Election Day	7327	1	684	62	9.06	39	10	13	0
Pct 7327	VBM	7327	1	684	277	40.5	169	59	51	1
Pct 7328	Election Day	7328	1	950	70	7.37	46	12	12	0
Pct 7328	VBM	7328	1	950	391	41.16	221	76	94	1
Pct 7329	Election Day	7329	1	610	71	11.64	42	26	4	0
Pct 7329	VBM	7329	1	610	205	33.61	123	56	26	1
Pct 7331	Election Day	7331	1	860	130	15.12	82	35	13	0
Pct 7331	VBM	7331	1	860	357	41.51	238	97	23	2
Pct 7332	Election Day	7332	1	799	154	19.27	126	13	15	0
Pct 7332	VBM	7332	1	799	209	26.16	162	28	19	0
Pct 7333	Election Day	7333	1	974	174	17.86	131	31	12	0
Pct 7333	VBM	7333	1	974	323	33.16	212	77	31	0
Pct 7334	Election Day	7334	1	854	113	13.23	89	17	7	0
Pct 7334	VBM	7334	1	854	275	32.2	200	54	21	0
Pct 7335	Election Day	7335	1	936	144	15.38	112	22	10	0
Pct 7335	VBM	7335	1	936	354	37.82	228	100	28	0
Pct 7336	Election Day	7336	1	920	155	16.85	112	34	9	0
Pct 7336	VBM	7336	1	920	324	35.22	212	86	26	0
Pct 7337	Election Day	7337	1	825	115	13.94	82	24	10	0
Pct 7337	VBM	7337	1	825	305	36.97	206	73	23	1
Pct 7338	Election Day	7338	1	884	100	11.31	67	18	14	0
Pct 7338	VBM	7338	1	884	364	41.18	203	89	79	0
Pct 7339	Election Day	7339	1	618	111	17.96	82	21	9	0
Pct 7339	VBM	7339	1	618	181	29.29	135	27	20	0
Pct 7341	Election Day	7341	1	877	124	14.14	96	17	12	0
Pct 7341	VBM	7341	1	877	246	28.05	184	47	16	0
Pct 7342	Election Day	7342	1	911	234	25.69	175	40	17	0
Pct 7342	VBM	7342	1	911	251	27.55	178	57	16	0
Pct 7343	Election Day	7343	1	707	144	20.37	118	16	10	0
Pct 7343	VBM	7343	1	707	186	26.31	140	34	10	1
Pct 7344	Election Day	7344	1	1039	179	17.23	135	34	11	0
Pct 7344	VBM	7344	1	1039	334	32.15	252	69	15	0
Pct 7345	Election Day	7345	1	1077	183	16.99	142	30	10	1
Pct 7345	VBM	7345	1	1077	283	26.28	197	58	26	0
Pct 7346	Election Day	7346	1	877	168	19.16	124	27	16	0
Pct 7346	VBM	7346	1	877	221	25.2	162	41	19	0
Pct 7347	Election Day	7347	1	968	137	14.15	112	15	9	1
Pct 7347	VBM	7347	1	968	279	28.82	231	37	12	0
Pct 7348	Election Day	7348	1	832	139	16.71	109	23	8	0
Pct 7348	VBM	7348	1	832	202	24.28	147	36	15	1
Pct 7349	Election Day	7349	1	921	147	15.96	109	31	8	0
Pct 7349	VBM	7349	1	921	282	30.62	185	65	29	0
Pct 7501	Election Day	7501	1	554	118	21.3	80	27	12	0
Pct 7501	VBM	7501	1	554	168	30.32	108	43	17	0
Pct 7502	Election Day	7502	1	741	113	15.25	77	25	10	0
Pct 7502	VBM	7502	1	741	349	47.1	248	77	32	0
Pct 7503	Election Day	7503	1	727	132	18.16	96	23	13	0
Pct 7503	VBM	7503	1	727	226	31.09	165	45	17	0
Pct 7504	Election Day	7504	1	484	76	15.7	52	16	8	0
Pct 7504	VBM	7504	1	484	158	32.64	113	29	12	0
Pct 7505	Election Day	7505	1	871	131	15.04	87	26	17	1
Pct 7505	VBM	7505	1	871	417	47.88	327	54	34	1
Pct 7506	Election Day	7506	1	920	133	14.46	106	18	10	0
Pct 7506	VBM	7506	1	920	252	27.39	177	44	30	1
Pct 7507	Election Day	7507	1	919	158	17.19	98	38	23	1
Pct 7507	VBM	7507	1	919	255	27.75	202	34	15	0
Pct 7508	Election Day	7508	1	702	106	15.1	73	23	10	0
Pct 7508	VBM	7508	1	702	340	48.43	235	66	40	0
Pct 7509/7511	Election Day	7509	1	909	171	18.81	134	31	8	0
Pct 7509/7511	VBM	7509	1	909	319	35.09	242	53	22	1
Pct 7512	Election Day	7512	1	604	96	15.89	64	19	14	0
Pct 7512	VBM	7512	1	604	196	32.45	140	40	13	0
Pct 7513	Election Day	7513	1	790	142	17.97	104	24	16	0
Pct 7513	VBM	7513	1	790	208	26.33	154	30	22	0
Pct 7514	Election Day	7514	1	863	95	11.01	58	18	22	0
Pct 7514	VBM	7514	1	863	235	27.23	147	38	48	1
Pct 7515	Election Day	7515	1	845	150	17.75	111	21	18	0
Pct 7515	VBM	7515	1	845	289	34.2	206	54	26	0
Pct 7516	Election Day	7516	1	886	145	16.37	105	26	14	0
Pct 7516	VBM	7516	1	886	378	42.66	274	78	29	0
Pct 7517	Election Day	7517	1	863	228	26.42	192	23	13	1
Pct 7517	VBM	7517	1	863	251	29.08	206	32	14	1
Pct 7518	Election Day	7518	1	939	235	25.03	193	33	9	0
Pct 7518	VBM	7518	1	939	298	31.74	235	44	20	0
Pct 7519	Election Day	7519	1	726	179	24.66	152	20	7	0
Pct 7519	VBM	7519	1	726	185	25.48	148	25	12	0
Pct 7521	Election Day	7521	1	802	211	26.31	174	22	14	0
Pct 7521	VBM	7521	1	802	215	26.81	183	12	20	1
Pct 7522	Election Day	7522	1	743	175	23.55	152	13	11	0
Pct 7522	VBM	7522	1	743	240	32.3	192	27	21	0
Pct 7523	Election Day	7523	1	737	208	28.22	176	22	10	0
Pct 7523	VBM	7523	1	737	223	30.26	188	21	17	0
Pct 7524	Election Day	7524	1	646	143	22.14	114	13	13	0
Pct 7524	VBM	7524	1	646	165	25.54	128	22	13	0
Pct 7525	Election Day	7525	1	779	145	18.61	103	24	19	0
Pct 7525	VBM	7525	1	779	214	27.47	170	28	15	0
Pct 7526	Election Day	7526	1	947	197	20.8	164	19	13	0
Pct 7526	VBM	7526	1	947	313	33.05	256	41	13	0
Pct 7527/7528	Election Day	7527	1	729	162	22.22	123	20	21	0
Pct 7527/7528	VBM	7527	1	729	237	32.51	192	29	15	0
Pct 7529	Election Day	7529	1	925	214	23.14	184	15	15	0
Pct 7529	VBM	7529	1	925	300	32.43	247	34	17	1
Pct 7531	Election Day	7531	1	847	179	21.13	148	23	9	0
Pct 7531	VBM	7531	1	847	263	31.05	216	24	21	0
Pct 7532	Election Day	7532	1	823	172	20.9	136	27	8	0
Pct 7532	VBM	7532	1	823	226	27.46	170	42	13	0
Pct 7533	Election Day	7533	1	951	268	28.18	231	24	14	0
Pct 7533	VBM	7533	1	951	297	31.23	232	51	12	1
Pct 7534	Election Day	7534	1	883	241	27.29	206	21	14	0
Pct 7534	VBM	7534	1	883	240	27.18	197	32	11	0
Pct 7535	Election Day	7535	1	743	201	27.05	171	21	9	0
Pct 7535	VBM	7535	1	743	251	33.78	209	33	10	0
Pct 7536	Election Day	7536	1	856	206	24.07	173	21	13	0
Pct 7536	VBM	7536	1	856	279	32.59	233	35	13	0
Pct 7537	Election Day	7537	1	734	187	25.48	153	26	8	0
Pct 7537	VBM	7537	1	734	225	30.65	191	25	7	0
Pct 7538	Election Day	7538	1	757	223	29.46	195	18	10	0
Pct 7538	VBM	7538	1	757	256	33.82	212	31	15	0
Pct 7539	Election Day	7539	1	884	250	28.28	209	21	17	1
Pct 7539	VBM	7539	1	884	286	32.35	241	30	18	0
Pct 7541	Election Day	7541	1	791	215	27.18	171	30	14	0
Pct 7541	VBM	7541	1	791	245	30.97	201	30	14	0
Pct 7542	Election Day	7542	1	787	183	23.25	156	20	8	0
Pct 7542	VBM	7542	1	787	247	31.39	202	34	13	1
Pct 7543	Election Day	7543	1	910	187	20.55	144	21	19	1
Pct 7543	VBM	7543	1	910	332	36.48	279	39	12	1
Pct 7544	Election Day	7544	1	877	186	21.21	152	24	10	0
Pct 7544	VBM	7544	1	877	331	37.74	267	45	21	0
Pct 7545	Election Day	7545	1	877	179	20.41	150	20	9	0
Pct 7545	VBM	7545	1	877	291	33.18	233	48	11	0
Pct 7546	Election Day	7546	1	913	219	23.99	169	27	22	1
Pct 7546	VBM	7546	1	913	310	33.95	261	36	11	0
Pct 7547	Election Day	7547	1	987	244	24.72	210	15	21	0
Pct 7547	VBM	7547	1	987	322	32.62	265	31	20	0
Pct 7548	Election Day	7548	1	1054	236	22.39	201	30	6	0
Pct 7548	VBM	7548	1	1054	345	32.73	283	42	17	1
Pct 7549	Election Day	7549	1	785	165	21.02	138	17	11	0
Pct 7549	VBM	7549	1	785	281	35.8	223	33	22	0
Pct 7551	Election Day	7551	1	705	199	28.23	160	24	15	0
Pct 7551	VBM	7551	1	705	240	34.04	196	32	14	0
Pct 7552	Election Day	7552	1	718	191	26.6	170	17	4	0
Pct 7552	VBM	7552	1	718	232	32.31	190	32	12	0
Pct 7553 MB	Election Day	7553	1	171	5	2.92	4	1	0	0
Pct 7553 MB	VBM	7553	1	171	87	50.88	69	11	7	0
Pct 7554	Election Day	7554	1	785	179	22.8	145	26	9	0
Pct 7554	VBM	7554	1	785	323	41.15	242	62	17	2
Pct 7555	Election Day	7555	1	847	242	28.57	194	33	15	0
Pct 7555	VBM	7555	1	847	304	35.89	219	64	19	0
Pct 7556/7557	Election Day	7556	1	961	223	23.2	163	50	11	0
Pct 7556/7557	VBM	7556	1	961	422	43.91	337	59	26	0
Pct 7601	Election Day	7601	1	744	128	17.2	98	20	14	0
Pct 7601	VBM	7601	1	744	185	24.87	127	39	13	0
Pct 7602	Election Day	7602	1	880	147	16.7	116	16	15	0
Pct 7602	VBM	7602	1	880	243	27.61	180	42	22	0
Pct 7603	Election Day	7603	1	826	152	18.4	123	15	14	1
Pct 7603	VBM	7603	1	826	215	26.03	165	33	18	0
Pct 7604	Election Day	7604	1	906	133	14.68	90	30	12	1
Pct 7604	VBM	7604	1	906	233	25.72	181	31	21	0
Pct 7605	Election Day	7605	1	651	77	11.83	53	10	14	0
Pct 7605	VBM	7605	1	651	155	23.81	116	20	18	0
Pct 7606	Election Day	7606	1	895	127	14.19	90	21	14	0
Pct 7606	VBM	7606	1	895	212	23.69	164	37	10	0
Pct 7607	Election Day	7607	1	955	120	12.57	96	15	9	0
Pct 7607	VBM	7607	1	955	265	27.75	205	47	15	1
Pct 7608	Election Day	7608	1	388	46	11.86	32	9	5	0
Pct 7608	VBM	7608	1	388	119	30.67	75	25	19	0
Pct 7609	Election Day	7609	1	916	101	11.03	70	13	17	0
Pct 7609	VBM	7609	1	916	297	32.42	196	43	57	0
Pct 7611	Election Day	7611	1	756	76	10.05	49	14	13	0
Pct 7611	VBM	7611	1	756	204	26.98	144	33	25	0
Pct 7612	Election Day	7612	1	574	76	13.24	53	15	6	0
Pct 7612	VBM	7612	1	574	210	36.59	147	35	27	0
Pct 7613	Election Day	7613	1	887	140	15.78	110	17	14	0
Pct 7613	VBM	7613	1	887	215	24.24	158	37	20	0
Pct 7614	Election Day	7614	1	1015	123	12.12	96	16	14	0
Pct 7614	VBM	7614	1	1015	238	23.45	179	41	17	0
Pct 7615	Election Day	7615	1	832	108	12.98	71	19	18	0
Pct 7615	VBM	7615	1	832	170	20.43	129	20	21	0
Pct 7616	Election Day	7616	1	951	129	13.56	99	19	10	0
Pct 7616	VBM	7616	1	951	331	34.81	264	52	16	0
Pct 7617	Election Day	7617	1	751	84	11.19	54	15	15	0
Pct 7617	VBM	7617	1	751	223	29.69	168	30	27	0
Pct 7618	Election Day	7618	1	866	123	14.2	95	15	13	0
Pct 7618	VBM	7618	1	866	272	31.41	206	50	14	0
Pct 7619	Election Day	7619	1	993	154	15.51	127	17	11	0
Pct 7619	VBM	7619	1	993	308	31.02	234	48	29	0
Pct 7621	Election Day	7621	1	1132	163	14.4	127	28	9	0
Pct 7621	VBM	7621	1	1132	346	30.57	268	54	21	0
Pct 7622	Election Day	7622	1	964	99	10.27	74	15	9	0
Pct 7622	VBM	7622	1	964	193	20.02	134	37	23	1
Pct 7623	Election Day	7623	1	712	122	17.13	95	19	8	0
Pct 7623	VBM	7623	1	712	196	27.53	153	32	10	0
Pct 7624	Election Day	7624	1	905	104	11.49	73	17	15	0
Pct 7624	VBM	7624	1	905	195	21.55	136	41	16	0
Pct 7625	Election Day	7625	1	821	73	8.89	46	8	18	1
Pct 7625	VBM	7625	1	821	415	50.55	269	84	61	0
Pct 7626	Election Day	7626	1	1081	128	11.84	98	20	8	1
Pct 7626	VBM	7626	1	1081	361	33.4	254	84	23	0
Pct 7627	Election Day	7627	1	1075	116	10.79	82	23	11	0
Pct 7627	VBM	7627	1	1075	319	29.67	224	74	24	0
Pct 7628	Election Day	7628	1	906	156	17.22	117	26	13	0
Pct 7628	VBM	7628	1	906	267	29.47	211	34	21	0
Pct 7629	Election Day	7629	1	805	108	13.42	87	15	6	0
Pct 7629	VBM	7629	1	805	206	25.59	164	29	12	0
Pct 7631	Election Day	7631	1	1085	146	13.46	118	18	10	0
Pct 7631	VBM	7631	1	1085	339	31.24	253	61	22	0
Pct 7632	Election Day	7632	1	965	167	17.31	131	24	12	0
Pct 7632	VBM	7632	1	965	286	29.64	226	48	12	0
Pct 7633	Election Day	7633	1	702	90	12.82	69	14	7	0
Pct 7633	VBM	7633	1	702	253	36.04	181	48	25	0
Pct 7634	Election Day	7634	1	859	120	13.97	72	30	17	0
Pct 7634	VBM	7634	1	859	291	33.88	209	52	30	0
Pct 7635	Election Day	7635	1	782	89	11.38	68	12	8	0
Pct 7635	VBM	7635	1	782	242	30.95	179	48	14	0
Pct 7636	Election Day	7636	1	920	134	14.57	96	29	10	0
Pct 7636	VBM	7636	1	920	251	27.28	187	51	15	0
Pct 7637	Election Day	7637	1	732	89	12.16	59	26	5	0
Pct 7637	VBM	7637	1	732	249	34.02	164	69	16	0
Pct 7638	Election Day	7638	1	1365	129	9.45	86	37	8	0
Pct 7638	VBM	7638	1	1365	492	36.04	343	125	24	0
Pct 7639	Election Day	7639	1	962	110	11.43	73	25	12	0
Pct 7639	VBM	7639	1	962	319	33.16	207	88	24	1
Pct 7641	Election Day	7641	1	931	114	12.24	77	28	9	0
Pct 7641	VBM	7641	1	931	374	40.17	256	98	20	0
Pct 7642	Election Day	7642	1	909	84	9.24	64	12	8	0
Pct 7642	VBM	7642	1	909	268	29.48	146	62	61	0
Pct 7643	Election Day	7643	1	871	99	11.37	59	23	14	0
Pct 7643	VBM	7643	1	871	355	40.76	250	77	26	0
Pct 7644	Election Day	7644	1	1082	156	14.42	124	24	11	0
Pct 7644	VBM	7644	1	1082	291	26.89	218	44	28	0
Pct 7645	Election Day	7645	1	631	63	9.98	42	15	6	0
Pct 7645	VBM	7645	1	631	241	38.19	166	65	11	0
Pct 7646	Election Day	7646	1	1035	110	10.63	80	19	11	0
Pct 7646	VBM	7646	1	1035	326	31.5	233	68	24	0
Pct 7647	Election Day	7647	1	1027	107	10.42	71	24	12	0
Pct 7647	VBM	7647	1	1027	185	18.01	146	32	8	0
Pct 7648 MB	Election Day	7648	1	2	0	0	0	0	0	0
Pct 7648 MB	VBM	7648	1	2	0	0	0	0	0	0
Pct 7649	Election Day	7649	1	877	97	11.06	76	14	6	0
Pct 7649	VBM	7649	1	877	234	26.68	171	39	23	0
Pct 7651	Election Day	7651	1	555	48	8.65	36	12	0	0
Pct 7651	VBM	7651	1	555	155	27.93	108	40	7	0
Pct 7652	Election Day	7652	1	580	68	11.72	51	16	2	0
Pct 7652	VBM	7652	1	580	163	28.1	123	28	13	0
Pct 7653	Election Day	7653	1	1092	137	12.55	101	22	12	0
Pct 7653	VBM	7653	1	1092	321	29.4	251	46	22	0
Pct 7701	Election Day	7701	1	1012	225	22.23	173	39	13	0
Pct 7701	VBM	7701	1	1012	383	37.85	280	77	26	0
Pct 7702	Election Day	7702	1	704	117	16.62	87	25	5	0
Pct 7702	VBM	7702	1	704	302	42.9	210	75	17	1
Pct 7703 MB	Election Day	7703	1	172	0	0	0	0	0	0
Pct 7703 MB	VBM	7703	1	172	66	38.37	48	9	10	1
Pct 7704	Election Day	7704	1	977	208	21.29	133	63	12	0
Pct 7704	VBM	7704	1	977	396	40.53	238	130	22	0
Pct 7705	Election Day	7705	1	547	123	22.49	86	33	4	0
Pct 7705	VBM	7705	1	547	227	41.5	159	56	12	1
Pct 7706	Election Day	7706	1	821	189	23.02	137	44	8	0
Pct 7706	VBM	7706	1	821	341	41.53	223	99	19	0
Pct 7707	Election Day	7707	1	839	200	23.84	138	48	12	0
Pct 7707	VBM	7707	1	839	379	45.17	258	90	22	0
Pct 7708	Election Day	7708	1	860	181	21.05	124	41	16	0
Pct 7708	VBM	7708	1	860	400	46.51	279	95	26	0
Pct 7709	Election Day	7709	1	383	85	22.19	57	19	8	0
Pct 7709	VBM	7709	1	383	174	45.43	120	45	7	0
Pct 7711	Election Day	7711	1	772	162	20.98	131	18	13	0
Pct 7711	VBM	7711	1	772	344	44.56	257	64	26	0
Pct 7712	Election Day	7712	1	524	131	25	107	18	5	0
Pct 7712	VBM	7712	1	524	230	43.89	168	50	13	0
Pct 7801	Election Day	7801	1	970	230	23.71	190	31	9	0
Pct 7801	VBM	7801	1	970	424	43.71	335	75	14	0
Pct 7802	Election Day	7802	1	762	205	26.9	167	31	7	2
Pct 7802	VBM	7802	1	762	313	41.08	251	48	16	0
Pct 7803	Election Day	7803	1	823	143	17.38	109	18	14	1
Pct 7803	VBM	7803	1	823	412	50.06	308	86	19	0
Pct 7804	Election Day	7804	1	891	236	26.49	192	35	9	0
Pct 7804	VBM	7804	1	891	394	44.22	305	71	19	0
Pct 7805	Election Day	7805	1	785	176	22.42	157	13	5	0
Pct 7805	VBM	7805	1	785	348	44.33	274	59	16	0
Pct 7806	Election Day	7806	1	699	163	23.32	136	18	10	0
Pct 7806	VBM	7806	1	699	283	40.49	226	42	14	0
Pct 7807	Election Day	7807	1	796	228	28.64	191	22	13	0
Pct 7807	VBM	7807	1	796	273	34.3	222	36	13	1
Pct 7808	Election Day	7808	1	655	178	27.18	146	18	13	1
Pct 7808	VBM	7808	1	655	243	37.1	214	19	12	0
Pct 7809	Election Day	7809	1	742	160	21.56	135	14	11	1
Pct 7809	VBM	7809	1	742	267	35.98	226	29	10	0
Pct 7811	Election Day	7811	1	726	186	25.62	167	18	1	0
Pct 7811	VBM	7811	1	726	243	33.47	209	24	10	0
Pct 7812	Election Day	7812	1	843	207	24.56	166	31	10	0
Pct 7812	VBM	7812	1	843	292	34.64	239	37	18	0
Pct 7813	Election Day	7813	1	988	251	25.4	208	26	19	0
Pct 7813	VBM	7813	1	988	362	36.64	294	47	20	0
Pct 7814	Election Day	7814	1	892	173	19.39	136	20	17	0
Pct 7814	VBM	7814	1	892	223	25	174	33	14	1
Pct 7815	Election Day	7815	1	914	178	19.47	140	25	15	0
Pct 7815	VBM	7815	1	914	407	44.53	324	64	16	0
Pct 7816	Election Day	7816	1	858	202	23.54	162	28	10	1
Pct 7816	VBM	7816	1	858	390	45.45	316	49	25	0
Pct 7817	Election Day	7817	1	795	215	27.04	176	34	6	0
Pct 7817	VBM	7817	1	795	309	38.87	264	36	6	0
Pct 7818	Election Day	7818	1	823	172	20.9	143	21	9	0
Pct 7818	VBM	7818	1	823	335	40.7	261	53	22	1
Pct 7819	Election Day	7819	1	760	169	22.24	137	19	13	0
Pct 7819	VBM	7819	1	760	297	39.08	235	45	15	0
Pct 7821	Election Day	7821	1	947	229	24.18	189	29	11	0
Pct 7821	VBM	7821	1	947	439	46.36	347	68	21	0
Pct 7822	Election Day	7822	1	927	244	26.32	200	36	7	1
Pct 7822	VBM	7822	1	927	343	37	272	52	15	2
Pct 7823	Election Day	7823	1	857	237	27.65	199	25	14	0
Pct 7823	VBM	7823	1	857	347	40.49	277	50	20	0
Pct 7824	Election Day	7824	1	756	170	22.49	141	21	7	0
Pct 7824	VBM	7824	1	756	274	36.24	231	31	11	0
Pct 7825	Election Day	7825	1	580	160	27.59	126	22	12	0
Pct 7825	VBM	7825	1	580	215	37.07	174	30	12	0
Pct 7826	Election Day	7826	1	665	214	32.18	175	24	15	0
Pct 7826	VBM	7826	1	665	194	29.17	167	19	8	1
Pct 7827	Election Day	7827	1	828	199	24.03	170	18	11	0
Pct 7827	VBM	7827	1	828	252	30.43	200	40	12	0
Pct 7828	Election Day	7828	1	976	205	21	159	33	15	0
Pct 7828	VBM	7828	1	976	397	40.68	301	72	23	2
Pct 7829	Election Day	7829	1	882	199	22.56	151	38	10	0
Pct 7829	VBM	7829	1	882	391	44.33	300	70	21	0
Pct 7831	Election Day	7831	1	828	202	24.4	174	21	7	0
Pct 7831	VBM	7831	1	828	369	44.57	270	73	25	0
Pct 7832	Election Day	7832	1	781	162	20.74	131	22	10	0
Pct 7832	VBM	7832	1	781	343	43.92	282	50	11	1
Pct 7833	Election Day	7833	1	745	182	24.43	141	29	12	0
Pct 7833	VBM	7833	1	745	271	36.38	221	37	11	0
Pct 7834	Election Day	7834	1	836	225	26.91	191	21	14	0
Pct 7834	VBM	7834	1	836	288	34.45	243	29	16	0
Pct 7835	Election Day	7835	1	808	175	21.66	129	37	9	0
Pct 7835	VBM	7835	1	808	338	41.83	250	68	18	1
Pct 7836	Election Day	7836	1	979	199	20.33	155	33	10	1
Pct 7836	VBM	7836	1	979	421	43	324	74	21	0
Pct 7837	Election Day	7837	1	883	237	26.84	188	34	16	0
Pct 7837	VBM	7837	1	883	339	38.39	247	65	24	1
Pct 7838	Election Day	7838	1	891	210	23.57	165	33	10	0
Pct 7838	VBM	7838	1	891	413	46.35	308	79	24	1
Pct 7839	Election Day	7839	1	830	172	20.72	126	27	17	0
Pct 7839	VBM	7839	1	830	389	46.87	314	61	15	0
Pct 7841	Election Day	7841	1	898	240	26.73	198	33	9	0
Pct 7841	VBM	7841	1	898	353	39.31	282	58	13	0
Pct 7842	Election Day	7842	1	873	214	24.51	185	24	5	0
Pct 7842	VBM	7842	1	873	308	35.28	238	54	15	0
Pct 7843	Election Day	7843	1	751	182	24.23	160	14	9	0
Pct 7843	VBM	7843	1	751	267	35.55	219	36	13	0
Pct 7844	Election Day	7844	1	635	160	25.2	123	22	14	0
Pct 7844	VBM	7844	1	635	245	38.58	212	26	9	0
Pct 7845	Election Day	7845	1	803	202	25.16	158	30	14	0
Pct 7845	VBM	7845	1	803	314	39.1	261	37	15	1
Pct 7846	Election Day	7846	1	871	221	25.37	172	38	10	1
Pct 7846	VBM	7846	1	871	330	37.89	237	67	24	1
Pct 7847	Election Day	7847	1	878	207	23.58	163	35	10	0
Pct 7847	VBM	7847	1	878	358	40.77	280	49	28	0
Pct 7848	Election Day	7848	1	838	209	24.94	174	25	12	1
Pct 7848	VBM	7848	1	838	346	41.29	271	59	16	0
Pct 7849	Election Day	7849	1	904	237	26.22	189	37	11	0
Pct 7849	VBM	7849	1	904	353	39.05	275	55	25	0
Pct 7851	Election Day	7851	1	493	118	23.94	76	29	13	0
Pct 7851	VBM	7851	1	493	204	41.38	143	47	14	0
Pct 7852	Election Day	7852	1	634	104	16.4	74	22	9	0
Pct 7852	VBM	7852	1	634	303	47.79	214	74	14	1
Pct 7853	Election Day	7853	1	837	180	21.51	135	30	15	0
Pct 7853	VBM	7853	1	837	333	39.78	256	60	15	2
Pct 7854	Election Day	7854	1	874	216	24.71	161	41	15	0
Pct 7854	VBM	7854	1	874	346	39.59	257	66	20	1
Pct 7855	Election Day	7855	1	949	259	27.29	213	34	12	0
Pct 7855	VBM	7855	1	949	359	37.83	274	66	25	0
Pct 7856	Election Day	7856	1	790	204	25.82	164	32	7	0
Pct 7856	VBM	7856	1	790	312	39.49	235	60	18	0
Pct 7857	Election Day	7857	1	913	225	24.64	183	29	14	0
Pct 7857	VBM	7857	1	913	350	38.34	266	69	14	2
Pct 7858	Election Day	7858	1	743	192	25.84	155	26	9	0
Pct 7858	VBM	7858	1	743	252	33.92	215	27	10	0
Pct 7859	Election Day	7859	1	879	219	24.91	174	40	6	0
Pct 7859	VBM	7859	1	879	352	40.05	255	75	21	1
Pct 7861	Election Day	7861	1	835	184	22.04	147	26	11	0
Pct 7861	VBM	7861	1	835	367	43.95	289	68	11	0
Pct 7862	Election Day	7862	1	850	237	27.88	192	35	10	0
Pct 7862	VBM	7862	1	850	323	38	246	60	19	0
Pct 7863	Election Day	7863	1	870	237	27.24	198	29	10	0
Pct 7863	VBM	7863	1	870	302	34.71	246	45	13	0
Pct 7864	Election Day	7864	1	773	188	24.32	150	27	11	0
Pct 7864	VBM	7864	1	773	284	36.74	221	50	15	0
Pct 7865	Election Day	7865	1	808	178	22.03	143	24	10	0
Pct 7865	VBM	7865	1	808	310	38.37	240	54	17	0
Pct 7866	Election Day	7866	1	816	184	22.55	144	32	9	0
Pct 7866	VBM	7866	1	816	389	47.67	269	99	23	0
Pct 7867	Election Day	7867	1	932	209	22.42	159	35	15	0
Pct 7867	VBM	7867	1	932	385	41.31	290	76	17	1
Pct 7868	Election Day	7868	1	860	218	25.35	155	46	18	0
Pct 7868	VBM	7868	1	860	324	37.67	244	63	14	1
Pct 7869	Election Day	7869	1	842	219	26.01	171	37	11	0
Pct 7869	VBM	7869	1	842	376	44.66	289	73	15	0
Pct 7871	Election Day	7871	1	882	240	27.21	187	41	15	0
Pct 7871	VBM	7871	1	882	364	41.27	291	49	23	0
Pct 7872	Election Day	7872	1	864	242	28.01	184	43	15	1
Pct 7872	VBM	7872	1	864	369	42.71	296	64	9	0
Pct 7873	Election Day	7873	1	841	231	27.47	190	27	14	0
Pct 7873	VBM	7873	1	841	387	46.02	314	57	16	0
Pct 7874	Election Day	7874	1	453	85	18.76	61	18	6	0
Pct 7874	VBM	7874	1	453	174	38.41	132	28	13	0
Pct 7875	Election Day	7875	1	615	127	20.65	99	24	4	0
Pct 7875	VBM	7875	1	615	203	33.01	149	40	17	0
Pct 7876	Election Day	7876	1	491	101	20.57	78	15	8	0
Pct 7876	VBM	7876	1	491	148	30.14	120	21	7	1
Pct 7901	Election Day	7901	1	466	87	18.67	66	12	11	0
Pct 7901	VBM	7901	1	466	133	28.54	105	21	7	0
Pct 7902	Election Day	7902	1	921	188	20.41	156	28	4	0
Pct 7902	VBM	7902	1	921	259	28.12	207	38	15	0
Pct 7903	Election Day	7903	1	819	144	17.58	117	15	12	0
Pct 7903	VBM	7903	1	819	244	29.79	194	35	15	0
Pct 7904	Election Day	7904	1	846	137	16.19	119	10	7	0
Pct 7904	VBM	7904	1	846	248	29.31	198	42	11	0
Pct 7905	Election Day	7905	1	821	199	24.24	162	23	14	1
Pct 7905	VBM	7905	1	821	275	33.5	216	44	13	0
Pct 7906	Election Day	7906	1	769	164	21.33	140	13	11	0
Pct 7906	VBM	7906	1	769	214	27.83	184	21	11	1
Pct 7907	Election Day	7907	1	926	201	21.71	170	18	11	0
Pct 7907	VBM	7907	1	926	286	30.89	237	33	14	0
Pct 7908	Election Day	7908	1	936	191	20.41	159	26	4	2
Pct 7908	VBM	7908	1	936	267	28.53	200	44	24	0
Pct 7909	Election Day	7909	1	726	190	26.17	160	22	7	1
Pct 7909	VBM	7909	1	726	221	30.44	192	21	12	0
Pct 7911	Election Day	7911	1	849	192	22.61	157	22	12	0
Pct 7911	VBM	7911	1	849	250	29.45	197	39	18	0
Pct 7912	Election Day	7912	1	1036	215	20.75	181	21	12	1
Pct 7912	VBM	7912	1	1036	314	30.31	258	33	19	2
Pct 7913	Election Day	7913	1	887	240	27.06	205	27	15	0
Pct 7913	VBM	7913	1	887	244	27.51	190	39	13	1
Pct 7914	Election Day	7914	1	833	208	24.97	170	27	11	0
Pct 7914	VBM	7914	1	833	253	30.37	214	28	11	1
Pct 7915	Election Day	7915	1	802	213	26.56	177	23	13	0
Pct 7915	VBM	7915	1	802	222	27.68	176	35	12	0
Pct 7916	Election Day	7916	1	887	215	24.24	175	26	13	1
Pct 7916	VBM	7916	1	887	289	32.58	239	39	11	0
Pct 7917	Election Day	7917	1	983	254	25.84	215	26	14	0
Pct 7917	VBM	7917	1	983	287	29.2	235	41	10	1
Pct 7918	Election Day	7918	1	790	191	24.18	162	19	10	0
Pct 7918	VBM	7918	1	790	234	29.62	188	30	15	0
Pct 7919	Election Day	7919	1	857	217	25.32	190	16	9	2
Pct 7919	VBM	7919	1	857	241	28.12	203	29	8	1
Pct 7921	Election Day	7921	1	883	151	17.1	126	18	9	1
Pct 7921	VBM	7921	1	883	210	23.78	157	43	10	0
Pct 7922	Election Day	7922	1	797	182	22.84	147	24	9	1
Pct 7922	VBM	7922	1	797	241	30.24	196	34	12	0
Pct 7923	Election Day	7923	1	863	202	23.41	163	33	5	0
Pct 7923	VBM	7923	1	863	241	27.93	194	38	10	0
Pct 7924	Election Day	7924	1	806	172	21.34	141	21	9	0
Pct 7924	VBM	7924	1	806	247	30.65	184	52	10	1
Pct 7925	Election Day	7925	1	570	114	20	87	15	9	2
Pct 7925	VBM	7925	1	570	191	33.51	162	19	10	0
Pct 7926	Election Day	7926	1	768	177	23.05	147	23	7	0
Pct 7926	VBM	7926	1	768	296	38.54	238	46	10	0
Pct 7927	Election Day	7927	1	733	187	25.51	157	21	9	0
Pct 7927	VBM	7927	1	733	289	39.43	242	32	16	0
Pct 7928	Election Day	7928	1	899	253	28.14	219	28	6	0
Pct 7928	VBM	7928	1	899	297	33.04	239	43	16	0
Pct 7929	Election Day	7929	1	840	200	23.81	166	26	8	0
Pct 7929	VBM	7929	1	840	367	43.69	309	53	6	0
Pct 7931	Election Day	7931	1	732	189	25.82	165	13	9	2
Pct 7931	VBM	7931	1	732	317	43.31	268	41	9	0
Pct 7932	Election Day	7932	1	551	112	20.33	92	17	4	0
Pct 7932	VBM	7932	1	551	225	40.83	172	38	14	0
Pct 7933 MB	Election Day	7933	1	8	0	0	0	0	0	0
Pct 7933 MB	VBM	7933	1	8	4	50	2	1	1	0
Pct 7934	Election Day	7934	1	885	195	22.03	160	25	14	0
Pct 7934	VBM	7934	1	885	328	37.06	283	28	16	0
Pct 7935	Election Day	7935	1	938	283	30.17	237	30	15	0
Pct 7935	VBM	7935	1	938	370	39.45	307	48	14	0
Pct 7936	Election Day	7936	1	832	246	29.57	207	20	19	0
Pct 7936	VBM	7936	1	832	326	39.18	263	39	22	0
Pct 7937	Election Day	7937	1	874	223	25.51	189	22	12	0
Pct 7937	VBM	7937	1	874	309	35.35	262	38	10	0
Pct 7938	Election Day	7938	1	774	162	20.93	131	19	12	0
Pct 7938	VBM	7938	1	774	247	31.91	206	34	7	0
Pct 7939	Election Day	7939	1	667	186	27.89	162	16	7	0
Pct 7939	VBM	7939	1	667	230	34.48	196	24	12	0
Pct 7941	Election Day	7941	1	728	167	22.94	138	17	12	0
Pct 7941	VBM	7941	1	728	236	32.42	181	33	21	0
Pct 7942	Election Day	7942	1	893	166	18.59	133	22	10	0
Pct 7942	VBM	7942	1	893	286	32.03	214	47	25	0
Pct 7943	Election Day	7943	1	887	192	21.65	148	35	12	0
Pct 7943	VBM	7943	1	887	319	35.96	245	59	15	0
Pct 7944	Election Day	7944	1	769	201	26.14	175	15	13	0
Pct 7944	VBM	7944	1	769	235	30.56	191	38	7	0
Pct 7945	Election Day	7945	1	897	118	13.15	94	17	9	0
Pct 7945	VBM	7945	1	897	294	32.78	235	45	15	0
Pct 7946	Election Day	7946	1	909	134	14.74	98	25	10	0
Pct 7946	VBM	7946	1	909	348	38.28	204	105	35	0
Pct 7947	Election Day	7947	1	894	128	14.32	85	28	16	0
Pct 7947	VBM	7947	1	894	327	36.58	205	93	31	0
Pct 7948	Election Day	7948	1	900	165	18.33	113	42	10	0
Pct 7948	VBM	7948	1	900	313	34.78	191	102	22	0
Pct 7949	Election Day	7949	1	552	78	14.13	48	18	9	0
Pct 7949	VBM	7949	1	552	224	40.58	137	77	9	1
Pct 7951	Election Day	7951	1	830	97	11.69	71	21	5	0
Pct 7951	VBM	7951	1	830	341	41.08	194	130	19	1
Pct 7952	Election Day	7952	1	823	100	12.15	56	35	9	0
Pct 7952	VBM	7952	1	823	288	34.99	207	72	13	0
Pct 7953	Election Day	7953	1	795	103	12.96	68	30	8	1
Pct 7953	VBM	7953	1	795	294	36.98	158	112	26	0
Pct 7954 MB	Election Day	7954	1	0	0	0	0	0	0	0
Pct 7954 MB	VBM	7954	1	0	0	0	0	0	0	0
Pct 7955	Election Day	7955	1	854	116	13.58	75	31	8	1
Pct 7955	VBM	7955	1	854	320	37.47	200	102	18	1
Pct 7956	Election Day	7956	1	779	101	12.97	68	18	13	0
Pct 7956	VBM	7956	1	779	247	31.71	145	82	14	0
Pct 7957	Election Day	7957	1	623	97	15.57	57	30	9	0
Pct 7957	VBM	7957	1	623	217	34.83	149	54	14	0
Pct 7958 MB	Election Day	7958	1	263	13	4.94	9	3	1	0
Pct 7958 MB	VBM	7958	1	263	104	39.54	70	30	7	0
Pct 7959	Election Day	7959	1	695	110	15.83	90	14	8	0
Pct 7959	VBM	7959	1	695	190	27.34	153	25	10	0
Pct 9001 MB	Election Day	9001	1	257	8	3.11	7	2	0	0
Pct 9001 MB	VBM	9001	1	257	101	39.3	69	23	7	1
Pct 9101	Election Day	9101	1	833	190	22.81	126	53	12	0
Pct 9101	VBM	9101	1	833	323	38.78	211	95	19	0
Pct 9102	Election Day	9102	1	950	182	19.16	118	48	16	1
Pct 9102	VBM	9102	1	950	335	35.26	233	76	24	1
Pct 9103	Election Day	9103	1	924	174	18.83	120	38	15	1
Pct 9103	VBM	9103	1	924	302	32.68	201	81	21	0
Pct 9104	Election Day	9104	1	937	176	18.78	116	44	16	0
Pct 9104	VBM	9104	1	937	332	35.43	226	77	31	0
Pct 9105	Election Day	9105	1	888	191	21.51	143	36	12	0
Pct 9105	VBM	9105	1	888	339	38.18	233	94	13	0
Pct 9106	Election Day	9106	1	907	213	23.48	154	41	17	0
Pct 9106	VBM	9106	1	907	334	36.82	218	82	29	0
Pct 9107	Election Day	9107	1	806	164	20.35	126	27	11	0
Pct 9107	VBM	9107	1	806	246	30.52	166	60	17	0
Pct 9108	Election Day	9108	1	761	185	24.31	129	38	17	0
Pct 9108	VBM	9108	1	761	220	28.91	152	46	22	0
Pct 9109	Election Day	9109	1	848	205	24.17	144	50	12	0
Pct 9109	VBM	9109	1	848	285	33.61	188	67	29	0
Pct 9111	Election Day	9111	1	756	150	19.84	103	36	11	0
Pct 9111	VBM	9111	1	756	226	29.89	153	55	20	0
Pct 9112	Election Day	9112	1	918	211	22.98	162	37	12	0
Pct 9112	VBM	9112	1	918	295	32.14	210	64	22	0
Pct 9113	Election Day	9113	1	959	231	24.09	157	51	22	0
Pct 9113	VBM	9113	1	959	351	36.6	243	80	28	0
Pct 9114	Election Day	9114	1	820	170	20.73	125	30	15	0
Pct 9114	VBM	9114	1	820	273	33.29	198	52	22	1
Pct 9115	Election Day	9115	1	873	172	19.7	123	34	15	0
Pct 9115	VBM	9115	1	873	287	32.88	216	53	18	0
Pct 9116	Election Day	9116	1	903	193	21.37	144	30	16	1
Pct 9116	VBM	9116	1	903	314	34.77	218	74	21	0
Pct 9117	Election Day	9117	1	756	180	23.81	134	39	7	0
Pct 9117	VBM	9117	1	756	285	37.7	194	69	21	0
Pct 9118	Election Day	9118	1	923	184	19.93	123	48	13	0
Pct 9118	VBM	9118	1	923	268	29.04	182	71	17	0
Pct 9119	Election Day	9119	1	856	152	17.76	117	21	17	0
Pct 9119	VBM	9119	1	856	323	37.73	216	93	13	2
Pct 9121	Election Day	9121	1	890	188	21.12	115	58	15	0
Pct 9121	VBM	9121	1	890	274	30.79	180	79	16	0
Pct 9122	Election Day	9122	1	913	131	14.35	98	20	13	0
Pct 9122	VBM	9122	1	913	292	31.98	188	93	12	1
Pct 9123	Election Day	9123	1	829	175	21.11	130	30	15	0
Pct 9123	VBM	9123	1	829	270	32.57	189	63	17	0
Pct 9124	Election Day	9124	1	832	150	18.03	110	31	9	0
Pct 9124	VBM	9124	1	832	290	34.86	186	80	25	0
Pct 9125	Election Day	9125	1	822	159	19.34	117	28	16	0
Pct 9125	VBM	9125	1	822	299	36.37	204	75	25	0
Pct 9126	Election Day	9126	1	945	186	19.68	130	42	14	0
Pct 9126	VBM	9126	1	945	350	37.04	212	112	24	1
Pct 9127	Election Day	9127	1	908	209	23.02	155	44	10	0
Pct 9127	VBM	9127	1	908	315	34.69	226	62	29	1
Pct 9128	Election Day	9128	1	805	188	23.35	143	33	12	0
Pct 9128	VBM	9128	1	805	296	36.77	196	77	25	0
Pct 9129	Election Day	9129	1	713	173	24.26	132	34	7	0
Pct 9129	VBM	9129	1	713	225	31.56	157	50	18	0
Pct 9131	Election Day	9131	1	740	151	20.41	116	30	5	0
Pct 9131	VBM	9131	1	740	274	37.03	186	70	18	1
Pct 9132	Election Day	9132	1	827	167	20.19	128	25	14	0
Pct 9132	VBM	9132	1	827	251	30.35	198	40	14	0
Pct 9133	Election Day	9133	1	1007	188	18.67	145	33	10	0
Pct 9133	VBM	9133	1	1007	388	38.53	281	65	41	0
Pct 9134	Election Day	9134	1	893	132	14.78	110	12	12	0
Pct 9134	VBM	9134	1	893	297	33.26	195	77	20	1
Pct 9135	Election Day	9135	1	778	149	19.15	87	52	10	0
Pct 9135	VBM	9135	1	778	269	34.58	174	79	14	0
Pct 9136	Election Day	9136	1	894	191	21.36	149	29	13	0
Pct 9136	VBM	9136	1	894	289	32.33	191	79	17	0
Pct 9137	Election Day	9137	1	946	201	21.25	134	55	13	0
Pct 9137	VBM	9137	1	946	323	34.14	213	83	25	0
Pct 9138	Election Day	9138	1	892	155	17.38	100	41	14	0
Pct 9138	VBM	9138	1	892	323	36.21	216	85	25	0
Pct 9139	Election Day	9139	1	912	163	17.87	111	43	10	0
Pct 9139	VBM	9139	1	912	356	39.04	211	121	22	1
Pct 9141	Election Day	9141	1	904	168	18.58	112	40	16	1
Pct 9141	VBM	9141	1	904	328	36.28	229	78	22	0
Pct 9142	Election Day	9142	1	921	219	23.78	161	43	13	1
Pct 9142	VBM	9142	1	921	288	31.27	208	53	27	0
Pct 9143	Election Day	9143	1	887	196	22.1	140	36	19	0
Pct 9143	VBM	9143	1	887	315	35.51	208	84	24	0
Pct 9144	Election Day	9144	1	931	221	23.74	158	50	12	0
Pct 9144	VBM	9144	1	931	322	34.59	201	97	26	0
Pct 9145	Election Day	9145	1	837	197	23.54	145	35	16	0
Pct 9145	VBM	9145	1	837	282	33.69	195	73	14	0
Pct 9146	Election Day	9146	1	866	206	23.79	163	29	13	0
Pct 9146	VBM	9146	1	866	297	34.3	215	60	20	0
Pct 9147	Election Day	9147	1	920	227	24.67	183	34	9	0
Pct 9147	VBM	9147	1	920	318	34.57	251	56	15	0
Pct 9148	Election Day	9148	1	946	226	23.89	176	35	16	0
Pct 9148	VBM	9148	1	946	322	34.04	240	66	13	0
Pct 9149	Election Day	9149	1	884	196	22.17	155	28	13	0
Pct 9149	VBM	9149	1	884	296	33.48	222	54	17	0
Pct 9151	Election Day	9151	1	806	152	18.86	113	33	7	0
Pct 9151	VBM	9151	1	806	267	33.13	181	67	20	0
Pct 9152	Election Day	9152	1	712	67	9.41	55	8	3	0
Pct 9152	VBM	9152	1	712	138	19.38	111	17	6	2
Pct 9201	Election Day	9201	1	953	201	21.09	172	22	7	0
Pct 9201	VBM	9201	1	953	229	24.03	174	40	11	1
Pct 9202	Election Day	9202	1	908	184	20.26	142	31	12	0
Pct 9202	VBM	9202	1	908	218	24.01	170	37	11	0
Pct 9203	Election Day	9203	1	968	145	14.98	86	49	10	0
Pct 9203	VBM	9203	1	968	300	30.99	175	102	22	0
Pct 9204	Election Day	9204	1	809	147	18.17	85	51	10	0
Pct 9204	VBM	9204	1	809	223	27.56	122	88	15	0
Pct 9205	Election Day	9205	1	694	113	16.28	77	23	13	0
Pct 9205	VBM	9205	1	694	201	28.96	133	43	24	0
Pct 9206	Election Day	9206	1	887	135	15.22	72	47	17	1
Pct 9206	VBM	9206	1	887	294	33.15	164	110	18	2
Pct 9207	Election Day	9207	1	913	148	16.21	94	49	5	0
Pct 9207	VBM	9207	1	913	249	27.27	145	90	16	0
Pct 9208	Election Day	9208	1	936	147	15.71	104	30	13	0
Pct 9208	VBM	9208	1	936	240	25.64	158	65	19	0
Pct 9209	Election Day	9209	1	675	121	17.93	83	33	6	0
Pct 9209	VBM	9209	1	675	188	27.85	119	53	19	0
Pct 9211	Election Day	9211	1	834	130	15.59	89	34	7	0
Pct 9211	VBM	9211	1	834	212	25.42	130	69	14	0
Pct 9212	Election Day	9212	1	764	121	15.84	78	30	13	0
Pct 9212	VBM	9212	1	764	205	26.83	121	64	20	0
Pct 9213	Election Day	9213	1	890	140	15.73	98	35	7	0
Pct 9213	VBM	9213	1	890	260	29.21	177	66	16	0
Pct 9214	Election Day	9214	1	581	92	15.83	55	28	8	1
Pct 9214	VBM	9214	1	581	203	34.94	125	59	17	0
Pct 9215	Election Day	9215	1	626	130	20.77	77	38	15	0
Pct 9215	VBM	9215	1	626	170	27.16	117	43	8	0
Pct 9216	Election Day	9216	1	798	134	16.79	85	36	13	0
Pct 9216	VBM	9216	1	798	206	25.81	125	60	19	0
Pct 9217	Election Day	9217	1	684	123	17.98	84	33	6	0
Pct 9217	VBM	9217	1	684	187	27.34	112	63	12	0
Pct 9218	Election Day	9218	1	797	119	14.93	76	32	11	0
Pct 9218	VBM	9218	1	797	225	28.23	141	63	22	0
Pct 9219	Election Day	9219	1	733	146	19.92	103	32	10	1
Pct 9219	VBM	9219	1	733	187	25.51	130	42	14	0
Pct 9221	Election Day	9221	1	641	121	18.88	76	38	7	0
Pct 9221	VBM	9221	1	641	278	43.37	161	97	20	0
Pct 9222	Election Day	9222	1	842	139	16.51	90	39	10	0
Pct 9222	VBM	9222	1	842	268	31.83	165	90	12	0
Pct 9223	Election Day	9223	1	606	88	14.52	56	23	6	1
Pct 9223	VBM	9223	1	606	202	33.33	126	57	16	0
Pct 9224	Election Day	9224	1	912	171	18.75	108	47	14	0
Pct 9224	VBM	9224	1	912	308	33.77	182	107	20	0
Pct 9225	Election Day	9225	1	898	161	17.93	115	36	10	0
Pct 9225	VBM	9225	1	898	243	27.06	153	71	19	0
Pct 9226	Election Day	9226	1	905	143	15.8	86	44	14	0
Pct 9226	VBM	9226	1	905	312	34.48	200	84	29	1
Pct 9227	Election Day	9227	1	729	140	19.2	99	31	10	0
Pct 9227	VBM	9227	1	729	304	41.7	186	97	19	0
Pct 9228	Election Day	9228	1	726	175	24.1	118	40	17	0
Pct 9228	VBM	9228	1	726	277	38.15	157	96	23	0
Pct 9229	Election Day	9229	1	596	130	21.81	91	31	9	0
Pct 9229	VBM	9229	1	596	219	36.74	160	53	6	0
Pct 9231	Election Day	9231	1	919	221	24.05	164	43	14	0
Pct 9231	VBM	9231	1	919	294	31.99	209	62	23	0
Pct 9232	Election Day	9232	1	701	151	21.54	100	37	12	0
Pct 9232	VBM	9232	1	701	274	39.09	192	65	17	0
Pct 9233	Election Day	9233	1	774	139	17.96	85	34	20	0
Pct 9233	VBM	9233	1	774	308	39.79	188	90	29	1
Pct 9234	Election Day	9234	1	731	131	17.92	90	27	15	0
Pct 9234	VBM	9234	1	731	281	38.44	188	71	23	0
Pct 9235	Election Day	9235	1	842	174	20.67	103	45	25	0
Pct 9235	VBM	9235	1	842	298	35.39	166	106	26	0
Pct 9236	Election Day	9236	1	658	130	19.76	82	36	12	0
Pct 9236	VBM	9236	1	658	207	31.46	144	40	23	0
Pct 9237	Election Day	9237	1	880	145	16.48	102	33	10	0
Pct 9237	VBM	9237	1	880	331	37.61	219	88	25	0
Pct 9238	Election Day	9238	1	792	130	16.41	85	28	19	0
Pct 9238	VBM	9238	1	792	271	34.22	165	84	23	0
Pct 9239	Election Day	9239	1	835	117	14.01	77	27	13	0
Pct 9239	VBM	9239	1	835	318	38.08	202	99	21	0
Pct 9241	Election Day	9241	1	961	158	16.44	118	27	12	0
Pct 9241	VBM	9241	1	961	322	33.51	196	96	25	2
Pct 9242	Election Day	9242	1	940	154	16.38	94	36	22	1
Pct 9242	VBM	9242	1	940	300	31.91	225	56	19	0
Pct 9243	Election Day	9243	1	572	135	23.6	95	26	14	0
Pct 9243	VBM	9243	1	572	188	32.87	131	45	10	0
Pct 9244	Election Day	9244	1	880	149	16.93	105	29	14	0
Pct 9244	VBM	9244	1	880	269	30.57	204	45	22	0
Pct 9245	Election Day	9245	1	706	128	18.13	102	18	7	1
Pct 9245	VBM	9245	1	706	226	32.01	143	62	19	0
Pct 9246	Election Day	9246	1	910	139	15.27	96	32	11	0
Pct 9246	VBM	9246	1	910	299	32.86	191	79	29	0
Pct 9247	Election Day	9247	1	936	151	16.13	117	27	8	0
Pct 9247	VBM	9247	1	936	303	32.37	214	70	18	0
Pct 9248	Election Day	9248	1	898	181	20.16	135	30	16	0
Pct 9248	VBM	9248	1	898	282	31.4	210	45	26	1
Pct 9249	Election Day	9249	1	910	187	20.55	119	45	22	0
Pct 9249	VBM	9249	1	910	314	34.51	224	69	21	0
Pct 9251	Election Day	9251	1	946	204	21.56	156	38	11	0
Pct 9251	VBM	9251	1	946	342	36.15	249	72	21	0
Pct 9252	Election Day	9252	1	913	140	15.33	98	33	10	0
Pct 9252	VBM	9252	1	913	352	38.55	220	106	23	1
Pct 9253	Election Day	9253	1	751	138	18.38	96	26	14	0
Pct 9253	VBM	9253	1	751	272	36.22	173	77	23	0
Pct 9254	Election Day	9254	1	889	168	18.9	129	20	17	2
Pct 9254	VBM	9254	1	889	318	35.77	239	65	14	1
Pct 9255	Election Day	9255	1	545	126	23.12	89	23	14	0
Pct 9255	VBM	9255	1	545	128	23.49	95	28	4	0
Pct 9256	Election Day	9256	1	433	77	17.78	64	7	6	0
Pct 9256	VBM	9256	1	433	103	23.79	78	19	7	1
Pct 9257 MB	Election Day	9257	1	312	9	2.88	7	2	0	0
Pct 9257 MB	VBM	9257	1	312	150	48.08	127	17	6	0
Pct 9258	Election Day	9258	1	699	127	18.17	96	24	7	0
Pct 9258	VBM	9258	1	699	244	34.91	177	58	8	0
Pct 9401	Election Day	9401	1	970	194	20	159	23	12	0
Pct 9401	VBM	9401	1	970	293	30.21	216	63	15	0
Pct 9402	Election Day	9402	1	931	197	21.16	145	37	15	0
Pct 9402	VBM	9402	1	931	307	32.98	201	73	33	0
Pct 9403	Election Day	9403	1	853	167	19.58	136	24	8	0
Pct 9403	VBM	9403	1	853	286	33.53	189	79	15	1
Pct 9404	Election Day	9404	1	889	153	17.21	99	38	16	0
Pct 9404	VBM	9404	1	889	320	36	205	88	27	0
Pct 9405	Election Day	9405	1	757	160	21.14	103	50	8	0
Pct 9405	VBM	9405	1	757	245	32.36	152	73	20	0
Pct 9406	Election Day	9406	1	815	179	21.96	117	52	10	0
Pct 9406	VBM	9406	1	815	277	33.99	175	80	20	0
Pct 9407	Election Day	9407	1	861	191	22.18	136	36	19	0
Pct 9407	VBM	9407	1	861	284	32.98	197	69	20	0
Pct 9408	Election Day	9408	1	837	187	22.34	138	32	16	0
Pct 9408	VBM	9408	1	837	246	29.39	189	38	23	0
Pct 9409	Election Day	9409	1	565	140	24.78	110	22	8	0
Pct 9409	VBM	9409	1	565	170	30.09	115	41	14	0
Pct 9411	Election Day	9411	1	936	175	18.7	140	24	12	0
Pct 9411	VBM	9411	1	936	261	27.88	193	51	15	1
Pct 9412	Election Day	9412	1	843	164	19.45	120	40	4	0
Pct 9412	VBM	9412	1	843	285	33.81	171	96	18	1
Pct 9413	Election Day	9413	1	858	172	20.05	123	38	12	0
Pct 9413	VBM	9413	1	858	310	36.13	180	97	31	1
Pct 9414	Election Day	9414	1	862	159	18.45	101	41	16	0
Pct 9414	VBM	9414	1	862	307	35.61	209	71	29	0
Pct 9415	Election Day	9415	1	755	121	16.03	81	35	7	1
Pct 9415	VBM	9415	1	755	284	37.62	180	81	26	0
Pct 9416	Election Day	9416	1	962	198	20.58	147	38	13	0
Pct 9416	VBM	9416	1	962	316	32.85	196	90	32	0
Pct 9417	Election Day	9417	1	714	117	16.39	73	34	9	0
Pct 9417	VBM	9417	1	714	286	40.06	186	76	27	0
Pct 9418	Election Day	9418	1	753	157	20.85	102	43	11	1
Pct 9418	VBM	9418	1	753	269	35.72	174	74	24	0
Pct 9419	Election Day	9419	1	893	167	18.7	108	42	17	1
Pct 9419	VBM	9419	1	893	326	36.51	198	106	20	0
Pct 9421	Election Day	9421	1	878	150	17.08	101	38	12	0
Pct 9421	VBM	9421	1	878	316	35.99	179	118	20	0
Pct 9422	Election Day	9422	1	1010	200	19.8	129	53	17	0
Pct 9422	VBM	9422	1	1010	358	35.45	238	98	23	0
Pct 9423	Election Day	9423	1	853	147	17.23	102	35	10	0
Pct 9423	VBM	9423	1	853	292	34.23	192	75	28	0
Pct 9424	Election Day	9424	1	910	146	16.04	92	42	11	0
Pct 9424	VBM	9424	1	910	331	36.37	189	119	23	0
Pct 9425	Election Day	9425	1	903	136	15.06	87	36	11	0
Pct 9425	VBM	9425	1	903	313	34.66	190	99	24	0
Pct 9426	Election Day	9426	1	801	143	17.85	78	50	16	0
Pct 9426	VBM	9426	1	801	283	35.33	173	80	23	0
Pct 9427	Election Day	9427	1	889	129	14.51	74	47	8	0
Pct 9427	VBM	9427	1	889	333	37.46	190	117	25	0
Pct 9428	Election Day	9428	1	892	122	13.68	64	44	15	0
Pct 9428	VBM	9428	1	892	346	38.79	209	114	25	0
Pct 9429	Election Day	9429	1	866	173	19.98	87	72	13	1
Pct 9429	VBM	9429	1	866	308	35.57	177	115	17	0
Pct 9431	Election Day	9431	1	954	152	15.93	101	40	12	0
Pct 9431	VBM	9431	1	954	352	36.9	196	122	33	0
Pct 9432	Election Day	9432	1	901	155	17.2	97	52	5	1
Pct 9432	VBM	9432	1	901	307	34.07	183	95	28	0
Pct 9433	Election Day	9433	1	912	155	17	96	45	14	0
Pct 9433	VBM	9433	1	912	317	34.76	174	118	25	0
Pct 9434	Election Day	9434	1	963	188	19.52	118	46	25	0
Pct 9434	VBM	9434	1	963	349	36.24	222	104	26	0
Pct 9435	Election Day	9435	1	934	195	20.88	121	59	15	0
Pct 9435	VBM	9435	1	934	320	34.26	192	97	35	0
Pct 9436	Election Day	9436	1	941	161	17.11	97	47	17	0
Pct 9436	VBM	9436	1	941	337	35.81	209	102	30	0
Pct 9437	Election Day	9437	1	873	170	19.47	99	57	14	0
Pct 9437	VBM	9437	1	873	324	37.11	191	103	29	0
Pct 9438	Election Day	9438	1	918	129	14.05	84	35	8	1
Pct 9438	VBM	9438	1	918	336	36.6	196	117	24	0
Pct 9439	Election Day	9439	1	827	126	15.24	84	33	9	0
Pct 9439	VBM	9439	1	827	314	37.97	176	110	30	0
Pct 9441	Election Day	9441	1	939	205	21.83	149	41	16	0
Pct 9441	VBM	9441	1	939	337	35.89	209	98	31	0
Pct 9442	Election Day	9442	1	970	200	20.62	146	42	10	0
Pct 9442	VBM	9442	1	970	325	33.51	195	103	27	2
Pct 9443	Election Day	9443	1	886	138	15.58	86	44	8	0
Pct 9443	VBM	9443	1	886	304	34.31	194	85	25	0
Pct 9444	Election Day	9444	1	901	118	13.1	74	34	13	0
Pct 9444	VBM	9444	1	901	312	34.63	183	99	31	0
Pct 9445	Election Day	9445	1	945	154	16.3	100	45	9	0
Pct 9445	VBM	9445	1	945	342	36.19	230	83	29	1
Pct 9446	Election Day	9446	1	1043	164	15.72	111	39	13	0
Pct 9446	VBM	9446	1	1043	417	39.98	245	142	29	0
Pct 9447	Election Day	9447	1	891	171	19.19	123	38	9	0
Pct 9447	VBM	9447	1	891	327	36.7	201	105	21	0
Pct 9448	Election Day	9448	1	877	159	18.13	105	43	11	0
Pct 9448	VBM	9448	1	877	307	35.01	166	108	37	0
Pct 9449	Election Day	9449	1	784	97	12.37	66	30	2	0
Pct 9449	VBM	9449	1	784	302	38.52	158	117	27	0
Pct 9451	Election Day	9451	1	414	57	13.77	33	20	4	0
Pct 9451	VBM	9451	1	414	154	37.2	70	69	11	0
Pct 9452	Election Day	9452	1	799	175	21.9	103	56	16	0
Pct 9452	VBM	9452	1	799	281	35.17	159	96	26	0
Pct 9453	Election Day	9453	1	488	90	18.44	56	29	5	0
Pct 9453	VBM	9453	1	488	175	35.86	99	70	6	0
Pct 9501 MB	Election Day	9501	1	149	5	3.36	3	2	0	0
Pct 9501 MB	VBM	9501	1	149	71	47.65	58	12	3	0
Pct 9502 MB	Election Day	9502	1	233	10	4.29	7	1	2	0
Pct 9502 MB	VBM	9502	1	233	116	49.79	93	21	3	0
Pct 9503/9504	Election Day	9503	1	725	128	17.66	93	16	18	1
Pct 9503/9504	VBM	9503	1	725	184	25.38	140	26	16	0
Pct 9505	Election Day	9505	1	756	147	19.44	107	26	14	0
Pct 9505	VBM	9505	1	756	274	36.24	199	52	23	0
Pct 9506	Election Day	9506	1	771	134	17.38	111	17	6	0
Pct 9506	VBM	9506	1	771	217	28.15	176	29	10	0
Pct 9507	Election Day	9507	1	733	170	23.19	136	15	19	0
Pct 9507	VBM	9507	1	733	218	29.74	185	21	13	0
Pct 9508	Election Day	9508	1	784	180	22.96	160	11	9	0
Pct 9508	VBM	9508	1	784	258	32.91	229	21	9	0
Pct 9509	Election Day	9509	1	719	165	22.95	133	18	15	0
Pct 9509	VBM	9509	1	719	239	33.24	202	22	16	0
Pct 9511	Election Day	9511	1	600	147	24.5	113	23	13	0
Pct 9511	VBM	9511	1	600	177	29.5	129	37	11	0
Pct 9512	Election Day	9512	1	771	161	20.88	124	25	12	1
Pct 9512	VBM	9512	1	771	251	32.56	201	44	10	0
Pct 9513	Election Day	9513	1	864	200	23.15	151	27	21	0
Pct 9513	VBM	9513	1	864	261	30.21	214	28	15	1
Pct 9514/9522	Election Day	9514	1	869	229	26.35	183	31	14	0
Pct 9514/9522	VBM	9514	1	869	257	29.57	196	47	15	0
Pct 9515	Election Day	9515	1	685	159	23.21	122	28	9	0
Pct 9515	VBM	9515	1	685	243	35.47	184	45	16	0
Pct 9516	Election Day	9516	1	864	206	23.84	146	46	14	0
Pct 9516	VBM	9516	1	864	269	31.13	205	51	12	0
Pct 9517	Election Day	9517	1	768	197	25.65	159	23	15	0
Pct 9517	VBM	9517	1	768	235	30.6	174	41	19	0
Pct 9518	Election Day	9518	1	783	180	22.99	154	18	8	0
Pct 9518	VBM	9518	1	783	242	30.91	199	33	11	0
Pct 9519	Election Day	9519	1	850	217	25.53	164	37	16	0
Pct 9519	VBM	9519	1	850	294	34.59	240	39	15	0
Pct 9521	Election Day	9521	1	893	254	28.44	203	32	19	0
Pct 9521	VBM	9521	1	893	290	32.47	239	40	13	0
Pct 9701	Election Day	9701	1	665	156	23.46	123	27	5	1
Pct 9701	VBM	9701	1	665	235	35.34	162	52	22	0
Pct 9702	Election Day	9702	1	710	194	27.32	161	22	11	0
Pct 9702	VBM	9702	1	710	231	32.54	173	44	13	0
Pct 9703	Election Day	9703	1	931	182	19.55	122	49	12	0
Pct 9703	VBM	9703	1	931	373	40.06	233	110	27	0
Pct 9704	Election Day	9704	1	942	191	20.28	141	40	8	1
Pct 9704	VBM	9704	1	942	354	37.58	243	78	33	1
Pct 9705	Election Day	9705	1	879	208	23.66	167	31	10	0
Pct 9705	VBM	9705	1	879	309	35.15	234	55	20	1
Pct 9706 MB	Election Day	9706	1	51	2	3.92	2	0	0	0
Pct 9706 MB	VBM	9706	1	51	32	62.75	25	4	3	0
Pct 9707	Election Day	9707	1	799	121	15.14	69	47	5	0
Pct 9707	VBM	9707	1	799	355	44.43	217	107	31	0
Pct 9708	Election Day	9708	1	919	193	21	151	27	13	1
Pct 9708	VBM	9708	1	919	324	35.26	224	67	27	0
Pct 9709	Election Day	9709	1	998	196	19.64	133	44	19	0
Pct 9709	VBM	9709	1	998	355	35.57	220	107	31	0
Pct 9711	Election Day	9711	1	625	167	26.72	111	40	16	0
Pct 9711	VBM	9711	1	625	254	40.64	166	78	11	0
Pct 9712	Election Day	9712	1	651	134	20.58	91	39	5	0
Pct 9712	VBM	9712	1	651	288	44.24	184	90	12	1
Pct 9713	Election Day	9713	1	930	161	17.31	87	55	13	0
Pct 9713	VBM	9713	1	930	362	38.92	218	116	28	0
Pct 9714	Election Day	9714	1	911	154	16.9	97	48	9	0
Pct 9714	VBM	9714	1	911	367	40.29	229	116	22	1
Pct 9715	Election Day	9715	1	566	162	28.62	110	42	10	0
Pct 9715	VBM	9715	1	566	218	38.52	124	75	15	0
Pct 9716	Election Day	9716	1	928	198	21.34	132	58	9	0
Pct 9716	VBM	9716	1	928	368	39.66	235	111	17	0
Pct 9717	Election Day	9717	1	967	206	21.3	125	66	15	0
Pct 9717	VBM	9717	1	967	371	38.37	233	111	29	0
Pct 9718	Election Day	9718	1	843	183	21.71	122	52	10	0
Pct 9718	VBM	9718	1	843	385	45.67	240	125	18	0
Pct 9719	Election Day	9719	1	863	186	21.55	117	56	12	0
Pct 9719	VBM	9719	1	863	389	45.08	257	113	16	1
Pct 9721	Election Day	9721	1	653	182	27.87	99	68	15	1
Pct 9721	VBM	9721	1	653	250	38.28	151	83	17	0
Pct 9722	Election Day	9722	1	593	86	14.5	53	26	8	0
Pct 9722	VBM	9722	1	593	269	45.36	167	81	24	0
Pct 9723	Election Day	9723	1	458	74	16.16	46	25	3	0
Pct 9723	VBM	9723	1	458	198	43.23	107	74	15	1
Pct 9724	Election Day	9724	1	950	144	15.16	72	64	8	0
Pct 9724	VBM	9724	1	950	386	40.63	199	164	27	0
Pct 9725	Election Day	9725	1	941	118	12.54	60	46	14	0
Pct 9725	VBM	9725	1	941	350	37.19	189	142	22	0
Pct 9726	Election Day	9726	1	685	83	12.12	56	19	8	0
Pct 9726	VBM	9726	1	685	137	20	87	40	15	0
Pct 9727	Election Day	9727	1	435	60	13.79	33	23	5	0
Pct 9727	VBM	9727	1	435	205	47.13	102	87	13	0
Pct 9728	Election Day	9728	1	906	204	22.52	126	69	11	0
Pct 9728	VBM	9728	1	906	378	41.72	198	157	24	0
Pct 9729	Election Day	9729	1	782	161	20.59	87	67	6	0
Pct 9729	VBM	9729	1	782	304	38.87	183	106	14	0
Pct 9731	Election Day	9731	1	529	138	26.09	86	40	11	1
Pct 9731	VBM	9731	1	529	189	35.73	107	75	7	0
Pct 9732 MB	Election Day	9732	1	73	3	4.11	2	1	0	0
Pct 9732 MB	VBM	9732	1	73	43	58.9	21	19	3	0
Pct 9733 MB	Election Day	9733	1	224	4	1.79	3	1	0	0
Pct 9733 MB	VBM	9733	1	224	146	65.18	105	33	7	1
Pct 9734	Election Day	9734	1	577	122	21.14	71	45	7	0
Pct 9734	VBM	9734	1	577	261	45.23	149	97	17	0
Pct 9735	Election Day	9735	1	782	167	21.36	110	46	10	0
Pct 9735	VBM	9735	1	782	344	43.99	198	122	18	0
Pct 9736	Election Day	9736	1	699	145	20.74	91	43	11	0
Pct 9736	VBM	9736	1	699	305	43.63	209	76	15	0
Pct 9737	Election Day	9737	1	792	175	22.1	127	36	12	0
Pct 9737	VBM	9737	1	792	343	43.31	235	87	21	0
Pct 9738	Election Day	9738	1	830	99	11.93	62	23	14	0
Pct 9738	VBM	9738	1	830	263	31.69	186	51	24	1
Pct 9739	Election Day	9739	1	826	126	15.25	91	23	12	0
Pct 9739	VBM	9739	1	826	193	23.37	139	45	10	1
Pct 9741	Election Day	9741	1	1022	19	1.86	18	0	1	0
Pct 9741	VBM	9741	1	1022	24	2.35	20	1	3	0
Pct 9742	Election Day	9742	1	647	134	20.71	77	47	10	0
Pct 9742	VBM	9742	1	647	187	28.9	104	67	13	0
Pct 9743	Election Day	9743	1	1093	172	15.74	126	28	18	0
Pct 9743	VBM	9743	1	1093	317	29	232	62	22	0
Pct 9744	Election Day	9744	1	902	141	15.63	93	31	15	1
Pct 9744	VBM	9744	1	902	234	25.94	162	58	12	0
Pct 9745	Election Day	9745	1	934	141	15.1	100	28	13	0
Pct 9745	VBM	9745	1	934	205	21.95	139	51	13	0
Pct 9746	Election Day	9746	1	867	192	22.15	108	62	22	0
Pct 9746	VBM	9746	1	867	334	38.52	210	103	21	0
Pct 9747	Election Day	9747	1	940	198	21.06	137	43	18	0
Pct 9747	VBM	9747	1	940	323	34.36	232	65	27	0
Pct 9748	Election Day	9748	1	913	164	17.96	100	48	15	0
Pct 9748	VBM	9748	1	913	342	37.46	221	97	27	0
Pct 9749	Election Day	9749	1	893	143	16.01	89	37	19	0
Pct 9749	VBM	9749	1	893	266	29.79	178	74	10	0
Pct 9751	Election Day	9751	1	977	157	16.07	106	38	13	1
Pct 9751	VBM	9751	1	977	384	39.3	236	120	30	0
Pct 9752	Election Day	9752	1	692	143	20.66	82	49	12	0
Pct 9752	VBM	9752	1	692	305	44.08	209	76	20	0
Pct 9753	Election Day	9753	1	735	148	20.14	112	27	10	0
Pct 9753	VBM	9753	1	735	266	36.19	193	56	18	0
Pct 9754	Election Day	9754	1	701	169	24.11	131	31	7	0
Pct 9754	VBM	9754	1	701	296	42.23	223	56	19	0
Pct 9755	Election Day	9755	1	553	120	21.7	94	16	10	1
Pct 9755	VBM	9755	1	553	201	36.35	136	54	10	0
Pct 9756	Election Day	9756	1	908	126	13.88	87	27	12	0
Pct 9756	VBM	9756	1	908	297	32.71	185	90	18	0
Pct 9801	Election Day	9801	1	399	76	19.05	53	17	7	0
Pct 9801	VBM	9801	1	399	148	37.09	101	37	8	0
Pct 9900 MB	Election Day	9900	1	0	0	0	0	0	0	0
Pct 9900 MB	VBM	9900	1	0	0	0	0	0	0	0
Pct 9901 MB	Election Day	9901	1	0	0	0	0	0	0	0
Pct 9901 MB	VBM	9901	1	0	0	0	0	0	0	0
Pct 9902 MB	Election Day	9902	1	0	0	0	0	0	0	0
Pct 9902 MB	VBM	9902	1	0	0	0	0	0	0	0
