PrecinctName	ReportingType	PrecinctID	Precincts	Registration	Ballots Cast	Turnout (%)	Yes	No	Under Vote	Over Vote
Pct 1101	Election Day	1101	1	544	83	15.26	34	43	7	0
Pct 1101	VBM	1101	1	544	198	36.4	95	92	10	0
Pct 1102	Election Day	1102	1	964	188	19.5	79	93	15	0
Pct 1102	VBM	1102	1	964	337	34.96	127	175	36	1
Pct 1103	Election Day	1103	1	914	163	17.83	70	82	10	1
Pct 1103	VBM	1103	1	914	348	38.07	135	179	34	0
Pct 1104/1105	Election Day	1104	1	953	167	17.52	77	77	13	0
Pct 1104/1105	VBM	1104	1	953	292	30.64	128	134	29	0
Pct 1106	Election Day	1106	1	740	113	15.27	49	58	6	0
Pct 1106	VBM	1106	1	740	231	31.22	98	112	22	0
Pct 1107	Election Day	1107	1	721	101	14.01	45	43	12	1
Pct 1107	VBM	1107	1	721	240	33.29	95	113	31	0
Pct 1108	Election Day	1108	1	882	156	17.69	60	70	26	0
Pct 1108	VBM	1108	1	882	328	37.19	138	165	24	0
Pct 1109	Election Day	1109	1	758	124	16.36	53	62	11	1
Pct 1109	VBM	1109	1	758	265	34.96	113	117	32	0
Pct 1111	Election Day	1111	1	938	132	14.07	60	56	18	0
Pct 1111	VBM	1111	1	938	330	35.18	148	149	28	0
Pct 1112	Election Day	1112	1	702	96	13.68	46	40	8	0
Pct 1112	VBM	1112	1	702	221	31.48	96	98	27	0
Pct 1113	Election Day	1113	1	701	82	11.7	39	32	12	0
Pct 1113	VBM	1113	1	701	272	38.8	111	118	43	0
Pct 1114	Election Day	1114	1	915	139	15.19	59	62	18	0
Pct 1114	VBM	1114	1	915	280	30.6	141	115	23	0
Pct 1115	Election Day	1115	1	835	97	11.62	37	47	13	0
Pct 1115	VBM	1115	1	835	279	33.41	122	114	44	0
Pct 1116	Election Day	1116	1	842	141	16.75	54	61	27	0
Pct 1116	VBM	1116	1	842	275	32.66	146	100	29	0
Pct 1117	Election Day	1117	1	827	138	16.69	51	68	20	0
Pct 1117	VBM	1117	1	827	240	29.02	111	109	20	0
Pct 1118	Election Day	1118	1	974	158	16.22	69	67	20	0
Pct 1118	VBM	1118	1	974	335	34.39	129	159	45	0
Pct 1119	Election Day	1119	1	745	97	13.02	51	38	9	0
Pct 1119	VBM	1119	1	745	274	36.78	128	133	14	0
Pct 1121	Election Day	1121	1	653	104	15.93	53	41	10	0
Pct 1121	VBM	1121	1	653	221	33.84	90	107	23	0
Pct 1122	Election Day	1122	1	607	69	11.37	29	31	9	0
Pct 1122	VBM	1122	1	607	213	35.09	96	91	27	0
Pct 1123	Election Day	1123	1	876	118	13.47	49	55	14	1
Pct 1123	VBM	1123	1	876	254	29	106	138	12	0
Pct 1124	Election Day	1124	1	773	109	14.1	46	41	22	0
Pct 1124	VBM	1124	1	773	200	25.87	97	87	17	0
Pct 1125	Election Day	1125	1	987	80	8.11	43	32	7	0
Pct 1125	VBM	1125	1	987	329	33.33	159	138	35	1
Pct 1126	Election Day	1126	1	900	92	10.22	38	43	12	0
Pct 1126	VBM	1126	1	900	292	32.44	133	133	27	0
Pct 1127	Election Day	1127	1	875	141	16.11	60	62	20	0
Pct 1127	VBM	1127	1	875	277	31.66	116	141	21	0
Pct 1128	Election Day	1128	1	813	104	12.79	50	46	7	1
Pct 1128	VBM	1128	1	813	246	30.26	118	107	22	0
Pct 1129	Election Day	1129	1	924	120	12.99	60	48	12	0
Pct 1129	VBM	1129	1	924	274	29.65	141	108	23	0
Pct 1131	Election Day	1131	1	783	85	10.86	33	43	9	0
Pct 1131	VBM	1131	1	783	288	36.78	128	128	32	0
Pct 1132	Election Day	1132	1	910	112	12.31	52	45	15	0
Pct 1132	VBM	1132	1	910	324	35.6	167	132	28	0
Pct 1133	Election Day	1133	1	826	99	11.99	39	49	11	0
Pct 1133	VBM	1133	1	826	292	35.35	134	139	21	0
Pct 1134	Election Day	1134	1	727	126	17.33	58	52	16	0
Pct 1134	VBM	1134	1	727	241	33.15	90	127	25	0
Pct 1135	Election Day	1135	1	511	71	13.89	36	30	6	0
Pct 1135	VBM	1135	1	511	217	42.47	77	113	25	0
Pct 1136	Election Day	1136	1	807	97	12.02	42	42	11	2
Pct 1136	VBM	1136	1	807	287	35.56	109	155	22	0
Pct 1141	Election Day	1141	1	998	149	14.93	69	66	13	0
Pct 1141	VBM	1141	1	998	368	36.87	173	173	21	1
Pct 1142	Election Day	1142	1	822	120	14.6	50	56	14	0
Pct 1142	VBM	1142	1	822	266	32.36	136	106	24	0
Pct 1143	Election Day	1143	1	989	147	14.86	69	66	11	0
Pct 1143	VBM	1143	1	989	311	31.45	165	110	34	0
Pct 1144	Election Day	1144	1	870	148	17.01	74	66	10	0
Pct 1144	VBM	1144	1	870	264	30.34	126	113	26	0
Pct 1145	Election Day	1145	1	879	136	15.47	58	56	19	2
Pct 1145	VBM	1145	1	879	370	42.09	164	178	30	0
Pct 1146	Election Day	1146	1	971	124	12.77	65	50	9	0
Pct 1146	VBM	1146	1	971	326	33.57	180	119	28	0
Pct 1147	Election Day	1147	1	853	166	19.46	79	66	19	0
Pct 1147	VBM	1147	1	853	279	32.71	136	116	26	0
Pct 1148	Election Day	1148	1	918	121	13.18	58	51	12	0
Pct 1148	VBM	1148	1	918	314	34.2	146	140	28	0
Pct 1149	Election Day	1149	1	873	148	16.95	72	60	18	0
Pct 1149	VBM	1149	1	873	285	32.65	137	113	34	0
Pct 1151 MB	Election Day	1151	1	0	0	0	0	0	0	0
Pct 1151 MB	VBM	1151	1	0	0	0	0	0	0	0
Pct 1152	Election Day	1152	1	838	125	14.92	62	53	12	0
Pct 1152	VBM	1152	1	838	286	34.13	127	132	27	0
Pct 1153	Election Day	1153	1	909	139	15.29	50	75	14	0
Pct 1153	VBM	1153	1	909	306	33.66	134	148	22	0
Pct 1154 MB	Election Day	1154	1	0	0	0	0	0	0	0
Pct 1154 MB	VBM	1154	1	0	0	0	0	0	0	0
Pct 7001	Election Day	7001	1	735	119	16.19	63	46	11	0
Pct 7001	VBM	7001	1	735	266	36.19	97	138	29	0
Pct 7002	Election Day	7002	1	641	132	20.59	55	66	11	0
Pct 7002	VBM	7002	1	641	173	26.99	71	92	9	0
Pct 7003	Election Day	7003	1	864	188	21.76	76	97	15	0
Pct 7003	VBM	7003	1	864	340	39.35	116	195	29	0
Pct 7004	Election Day	7004	1	835	175	20.96	62	96	17	0
Pct 7004	VBM	7004	1	835	306	36.65	115	170	21	1
Pct 7005	Election Day	7005	1	812	180	22.17	89	76	14	0
Pct 7005	VBM	7005	1	812	295	36.33	140	133	21	0
Pct 7006	Election Day	7006	1	884	213	24.1	104	85	23	0
Pct 7006	VBM	7006	1	884	290	32.81	127	139	26	0
Pct 7007	Election Day	7007	1	916	233	25.44	101	122	12	0
Pct 7007	VBM	7007	1	916	323	35.26	117	179	28	0
Pct 7008	Election Day	7008	1	861	187	21.72	88	80	19	0
Pct 7008	VBM	7008	1	861	345	40.07	119	192	33	0
Pct 7009	Election Day	7009	1	864	133	15.39	69	50	15	0
Pct 7009	VBM	7009	1	864	312	36.11	153	136	24	0
Pct 7011	Election Day	7011	1	976	141	14.45	54	67	20	0
Pct 7011	VBM	7011	1	976	205	21	93	95	17	0
Pct 7012	Election Day	7012	1	1061	224	21.11	94	112	18	0
Pct 7012	VBM	7012	1	1061	383	36.1	144	194	44	0
Pct 7013	Election Day	7013	1	805	132	16.4	61	63	8	0
Pct 7013	VBM	7013	1	805	251	31.18	101	132	20	0
Pct 7014	Election Day	7014	1	1213	188	15.5	87	97	7	0
Pct 7014	VBM	7014	1	1213	434	35.78	168	242	25	0
Pct 7015 MB	Election Day	7015	1	93	0	0	0	0	0	0
Pct 7015 MB	VBM	7015	1	93	34	36.56	21	10	2	0
Pct 7016	Election Day	7016	1	891	112	12.57	54	39	19	0
Pct 7016	VBM	7016	1	891	221	24.8	79	114	29	0
Pct 7017	Election Day	7017	1	734	79	10.76	21	36	21	1
Pct 7017	VBM	7017	1	734	167	22.75	60	91	17	0
Pct 7018	Election Day	7018	1	908	88	9.69	37	42	11	0
Pct 7018	VBM	7018	1	908	343	37.78	138	170	33	0
Pct 7019	Election Day	7019	1	864	111	12.85	45	52	12	0
Pct 7019	VBM	7019	1	864	349	40.39	133	175	42	0
Pct 7021	Election Day	7021	1	927	129	13.92	60	50	18	0
Pct 7021	VBM	7021	1	927	220	23.73	101	98	24	0
Pct 7022	Election Day	7022	1	923	164	17.77	65	77	22	0
Pct 7022	VBM	7022	1	923	270	29.25	112	125	30	0
Pct 7023	Election Day	7023	1	906	131	14.46	47	60	23	0
Pct 7023	VBM	7023	1	906	301	33.22	122	155	28	0
Pct 7024	Election Day	7024	1	386	30	7.77	11	11	8	0
Pct 7024	VBM	7024	1	386	47	12.18	18	26	3	0
Pct 7025	Election Day	7025	1	448	66	14.73	26	30	8	0
Pct 7025	VBM	7025	1	448	78	17.41	29	43	5	0
Pct 7026	Election Day	7026	1	971	90	9.27	34	44	12	0
Pct 7026	VBM	7026	1	971	350	36.05	165	151	28	2
Pct 7027	Election Day	7027	1	845	136	16.09	53	59	25	0
Pct 7027	VBM	7027	1	845	271	32.07	119	113	37	0
Pct 7028	Election Day	7028	1	835	157	18.8	70	74	13	0
Pct 7028	VBM	7028	1	835	180	21.56	68	99	15	0
Pct 7029	Election Day	7029	1	855	115	13.45	46	53	16	0
Pct 7029	VBM	7029	1	855	166	19.42	65	85	15	0
Pct 7030	Election Day	7030	1	729	94	12.89	46	44	6	0
Pct 7030	VBM	7030	1	729	277	38	140	112	22	0
Pct 7031	Election Day	7031	1	611	50	8.18	21	22	7	0
Pct 7031	VBM	7031	1	611	224	36.66	99	92	30	0
Pct 7032	Election Day	7032	1	867	126	14.53	52	47	28	0
Pct 7032	VBM	7032	1	867	238	27.45	109	101	27	0
Pct 7033	Election Day	7033	1	765	135	17.65	49	64	22	0
Pct 7033	VBM	7033	1	765	181	23.66	79	79	24	0
Pct 7034	Election Day	7034	1	914	97	10.61	33	54	10	0
Pct 7034	VBM	7034	1	914	154	16.85	55	82	16	0
Pct 7035	Election Day	7035	1	553	73	13.2	25	44	4	0
Pct 7035	VBM	7035	1	553	170	30.74	59	99	12	0
Pct 7036	Election Day	7036	1	898	52	5.79	24	24	4	0
Pct 7036	VBM	7036	1	898	265	29.51	103	133	29	0
Pct 7037	Election Day	7037	1	730	73	10	26	34	14	0
Pct 7037	VBM	7037	1	730	64	8.77	28	27	6	0
Pct 7038	Election Day	7038	1	880	84	9.55	32	39	13	0
Pct 7038	VBM	7038	1	880	255	28.98	131	99	26	0
Pct 7039	Election Day	7039	1	768	111	14.45	48	52	12	0
Pct 7039	VBM	7039	1	768	225	29.3	67	131	26	0
Pct 7041 MB	Election Day	7041	1	60	0	0	0	0	0	0
Pct 7041 MB	VBM	7041	1	60	24	40	13	11	0	0
Pct 7042	Election Day	7042	1	632	75	11.87	35	31	9	0
Pct 7042	VBM	7042	1	632	191	30.22	78	82	29	0
Pct 7043	Election Day	7043	1	915	97	10.6	46	30	20	0
Pct 7043	VBM	7043	1	915	282	30.82	116	132	32	0
Pct 7044	Election Day	7044	1	805	86	10.68	29	39	19	0
Pct 7044	VBM	7044	1	805	125	15.53	47	64	15	0
Pct 7045	Election Day	7045	1	763	87	11.4	35	42	11	0
Pct 7045	VBM	7045	1	763	282	36.96	129	125	27	0
Pct 7046	Election Day	7046	1	385	54	14.03	26	24	4	0
Pct 7046	VBM	7046	1	385	136	35.32	51	69	15	1
Pct 7047	Election Day	7047	1	781	68	8.71	24	39	6	0
Pct 7047	VBM	7047	1	781	298	38.16	132	139	26	0
Pct 7048	Election Day	7048	1	815	94	11.53	40	43	11	0
Pct 7048	VBM	7048	1	815	248	30.43	110	102	37	0
Pct 7049	Election Day	7049	1	751	108	14.38	43	51	14	0
Pct 7049	VBM	7049	1	751	241	32.09	99	114	28	0
Pct 7051	Election Day	7051	1	839	70	8.34	26	34	12	0
Pct 7051	VBM	7051	1	839	302	36	133	135	32	0
Pct 7052	Election Day	7052	1	806	120	14.89	48	61	12	0
Pct 7052	VBM	7052	1	806	278	34.49	113	138	25	0
Pct 7053	Election Day	7053	1	548	44	8.03	15	23	6	0
Pct 7053	VBM	7053	1	548	205	37.41	72	111	21	0
Pct 7054	Election Day	7054	1	1024	141	13.77	74	56	8	0
Pct 7054	VBM	7054	1	1024	275	26.86	115	137	22	0
Pct 7055	Election Day	7055	1	699	83	11.87	31	40	15	0
Pct 7055	VBM	7055	1	699	256	36.62	113	125	19	0
Pct 7101 MB	Election Day	7101	1	141	2	1.42	1	1	0	0
Pct 7101 MB	VBM	7101	1	141	83	58.87	29	41	13	0
Pct 7201	Election Day	7201	1	900	147	16.33	32	98	14	1
Pct 7201	VBM	7201	1	900	333	37	126	178	30	0
Pct 7202	Election Day	7202	1	830	138	16.63	39	87	12	0
Pct 7202	VBM	7202	1	830	271	32.65	72	167	32	0
Pct 7203	Election Day	7203	1	867	174	20.07	60	94	21	0
Pct 7203	VBM	7203	1	867	243	28.03	70	153	17	0
Pct 7204	Election Day	7204	1	888	157	17.68	58	82	17	0
Pct 7204	VBM	7204	1	888	340	38.29	106	208	29	1
Pct 7205	Election Day	7205	1	847	183	21.61	67	104	12	0
Pct 7205	VBM	7205	1	847	309	36.48	98	193	15	0
Pct 7206	Election Day	7206	1	375	88	23.47	31	49	8	0
Pct 7206	VBM	7206	1	375	124	33.07	36	76	12	0
Pct 7207	Election Day	7207	1	744	119	15.99	40	62	18	0
Pct 7207	VBM	7207	1	744	231	31.05	82	123	26	0
Pct 7208	Election Day	7208	1	567	76	13.4	42	25	9	0
Pct 7208	VBM	7208	1	567	206	36.33	70	111	25	0
Pct 7209	Election Day	7209	1	586	69	11.77	18	42	9	0
Pct 7209	VBM	7209	1	586	326	55.63	89	211	25	0
Pct 7301	Election Day	7301	1	1002	150	14.97	62	66	21	1
Pct 7301	VBM	7301	1	1002	299	29.84	124	129	43	1
Pct 7302	Election Day	7302	1	806	121	15.01	48	54	19	0
Pct 7302	VBM	7302	1	806	352	43.67	135	186	28	0
Pct 7303	Election Day	7303	1	986	167	16.94	70	76	23	0
Pct 7303	VBM	7303	1	986	318	32.25	113	160	41	0
Pct 7304	Election Day	7304	1	972	203	20.88	67	118	18	0
Pct 7304	VBM	7304	1	972	330	33.95	110	185	33	0
Pct 7305	Election Day	7305	1	851	171	20.09	67	93	12	0
Pct 7305	VBM	7305	1	851	306	35.96	92	186	27	0
Pct 7306	Election Day	7306	1	1014	179	17.65	72	84	22	1
Pct 7306	VBM	7306	1	1014	302	29.78	107	161	32	0
Pct 7307	Election Day	7307	1	726	143	19.7	49	74	20	0
Pct 7307	VBM	7307	1	726	226	31.13	94	108	19	0
Pct 7308	Election Day	7308	1	598	133	22.24	48	77	8	0
Pct 7308	VBM	7308	1	598	204	34.11	60	124	19	0
Pct 7309	Election Day	7309	1	826	160	19.37	52	87	20	0
Pct 7309	VBM	7309	1	826	209	25.3	74	113	20	0
Pct 7311	Election Day	7311	1	901	175	19.42	72	90	13	0
Pct 7311	VBM	7311	1	901	266	29.52	98	144	23	0
Pct 7312	Election Day	7312	1	810	128	15.8	44	73	12	0
Pct 7312	VBM	7312	1	810	332	40.99	75	219	34	0
Pct 7313	Election Day	7313	1	925	135	14.59	59	57	18	0
Pct 7313	VBM	7313	1	925	315	34.05	104	178	34	0
Pct 7314	Election Day	7314	1	760	92	12.11	38	33	21	0
Pct 7314	VBM	7314	1	760	213	28.03	97	67	49	0
Pct 7315	Election Day	7315	1	725	119	16.41	59	46	14	0
Pct 7315	VBM	7315	1	725	178	24.55	85	79	12	0
Pct 7316	Election Day	7316	1	824	122	14.81	56	51	15	0
Pct 7316	VBM	7316	1	824	266	32.28	107	125	34	0
Pct 7317	Election Day	7317	1	886	117	13.21	53	54	10	0
Pct 7317	VBM	7317	1	886	340	38.37	132	179	27	0
Pct 7318	Election Day	7318	1	709	123	17.35	41	61	21	0
Pct 7318	VBM	7318	1	709	243	34.27	106	107	33	0
Pct 7319	Election Day	7319	1	1035	182	17.58	68	87	26	1
Pct 7319	VBM	7319	1	1035	296	28.6	114	147	35	0
Pct 7321	Election Day	7321	1	644	100	15.53	52	29	19	0
Pct 7321	VBM	7321	1	644	211	32.76	74	110	24	0
Pct 7322	Election Day	7322	1	859	60	6.98	26	18	16	0
Pct 7322	VBM	7322	1	859	304	35.39	113	110	85	0
Pct 7323	Election Day	7323	1	881	146	16.57	53	78	13	0
Pct 7323	VBM	7323	1	881	273	30.99	102	145	26	0
Pct 7324	Election Day	7324	1	687	125	18.2	57	54	14	0
Pct 7324	VBM	7324	1	687	198	28.82	79	98	24	0
Pct 7325	Election Day	7325	1	870	150	17.24	49	84	17	0
Pct 7325	VBM	7325	1	870	276	31.72	99	153	25	0
Pct 7326	Election Day	7326	1	853	150	17.58	65	61	24	0
Pct 7326	VBM	7326	1	853	256	30.01	106	122	27	0
Pct 7327	Election Day	7327	1	684	62	9.06	30	16	16	0
Pct 7327	VBM	7327	1	684	277	40.5	119	109	52	0
Pct 7328	Election Day	7328	1	950	70	7.37	32	21	17	0
Pct 7328	VBM	7328	1	950	391	41.16	151	129	111	1
Pct 7329	Election Day	7329	1	610	71	11.64	26	43	3	0
Pct 7329	VBM	7329	1	610	205	33.61	64	109	32	1
Pct 7331	Election Day	7331	1	860	130	15.12	47	70	13	0
Pct 7331	VBM	7331	1	860	357	41.51	126	199	34	1
Pct 7332	Election Day	7332	1	799	154	19.27	71	66	17	0
Pct 7332	VBM	7332	1	799	209	26.16	107	80	22	0
Pct 7333	Election Day	7333	1	974	174	17.86	59	89	26	0
Pct 7333	VBM	7333	1	974	323	33.16	115	164	41	0
Pct 7334	Election Day	7334	1	854	113	13.23	50	55	8	0
Pct 7334	VBM	7334	1	854	275	32.2	96	151	28	0
Pct 7335	Election Day	7335	1	936	144	15.38	59	69	16	0
Pct 7335	VBM	7335	1	936	354	37.82	111	211	33	1
Pct 7336	Election Day	7336	1	920	155	16.85	65	78	12	0
Pct 7336	VBM	7336	1	920	324	35.22	106	187	31	0
Pct 7337	Election Day	7337	1	825	115	13.94	45	56	15	0
Pct 7337	VBM	7337	1	825	305	36.97	90	177	36	0
Pct 7338	Election Day	7338	1	884	100	11.31	39	40	20	0
Pct 7338	VBM	7338	1	884	364	41.18	152	138	81	0
Pct 7339	Election Day	7339	1	618	111	17.96	48	56	8	0
Pct 7339	VBM	7339	1	618	181	29.29	89	69	24	0
Pct 7341	Election Day	7341	1	877	124	14.14	49	62	14	0
Pct 7341	VBM	7341	1	877	246	28.05	105	119	23	0
Pct 7342	Election Day	7342	1	911	234	25.69	97	108	27	0
Pct 7342	VBM	7342	1	911	251	27.55	96	136	19	0
Pct 7343	Election Day	7343	1	707	144	20.37	82	50	12	0
Pct 7343	VBM	7343	1	707	186	26.31	83	85	17	0
Pct 7344	Election Day	7344	1	1039	179	17.23	80	81	19	0
Pct 7344	VBM	7344	1	1039	334	32.15	158	155	23	0
Pct 7345	Election Day	7345	1	1077	183	16.99	90	78	15	0
Pct 7345	VBM	7345	1	1077	283	26.28	102	152	27	0
Pct 7346	Election Day	7346	1	877	168	19.16	87	57	23	0
Pct 7346	VBM	7346	1	877	221	25.2	104	98	20	0
Pct 7347	Election Day	7347	1	968	137	14.15	74	54	9	0
Pct 7347	VBM	7347	1	968	279	28.82	141	123	16	0
Pct 7348	Election Day	7348	1	832	139	16.71	68	63	9	0
Pct 7348	VBM	7348	1	832	202	24.28	101	73	25	0
Pct 7349	Election Day	7349	1	921	147	15.96	68	65	15	0
Pct 7349	VBM	7349	1	921	282	30.62	110	134	35	0
Pct 7501	Election Day	7501	1	554	118	21.3	26	81	12	0
Pct 7501	VBM	7501	1	554	168	30.32	41	104	23	0
Pct 7502	Election Day	7502	1	741	113	15.25	53	48	11	0
Pct 7502	VBM	7502	1	741	349	47.1	102	221	34	0
Pct 7503	Election Day	7503	1	727	132	18.16	38	75	19	0
Pct 7503	VBM	7503	1	727	226	31.09	78	123	26	0
Pct 7504	Election Day	7504	1	484	76	15.7	25	39	12	0
Pct 7504	VBM	7504	1	484	158	32.64	64	80	10	0
Pct 7505	Election Day	7505	1	871	131	15.04	42	72	17	0
Pct 7505	VBM	7505	1	871	417	47.88	127	239	49	1
Pct 7506	Election Day	7506	1	920	133	14.46	61	59	14	0
Pct 7506	VBM	7506	1	920	252	27.39	86	129	37	0
Pct 7507	Election Day	7507	1	919	158	17.19	68	63	29	0
Pct 7507	VBM	7507	1	919	255	27.75	118	107	26	0
Pct 7508	Election Day	7508	1	702	106	15.1	46	48	12	0
Pct 7508	VBM	7508	1	702	340	48.43	143	151	47	0
Pct 7509/7511	Election Day	7509	1	909	171	18.81	75	89	9	0
Pct 7509/7511	VBM	7509	1	909	319	35.09	141	137	40	0
Pct 7512	Election Day	7512	1	604	96	15.89	31	53	13	0
Pct 7512	VBM	7512	1	604	196	32.45	76	97	20	0
Pct 7513	Election Day	7513	1	790	142	17.97	59	65	20	0
Pct 7513	VBM	7513	1	790	208	26.33	83	97	26	0
Pct 7514	Election Day	7514	1	863	95	11.01	39	32	27	0
Pct 7514	VBM	7514	1	863	235	27.23	92	95	47	0
Pct 7515	Election Day	7515	1	845	150	17.75	63	68	18	1
Pct 7515	VBM	7515	1	845	289	34.2	104	151	31	0
Pct 7516	Election Day	7516	1	886	145	16.37	58	70	17	0
Pct 7516	VBM	7516	1	886	378	42.66	142	193	46	0
Pct 7517	Election Day	7517	1	863	228	26.42	99	105	25	0
Pct 7517	VBM	7517	1	863	251	29.08	108	122	23	0
Pct 7518	Election Day	7518	1	939	235	25.03	99	116	20	0
Pct 7518	VBM	7518	1	939	298	31.74	118	148	33	0
Pct 7519	Election Day	7519	1	726	179	24.66	97	67	15	0
Pct 7519	VBM	7519	1	726	185	25.48	79	89	17	0
Pct 7521	Election Day	7521	1	802	211	26.31	85	100	25	0
Pct 7521	VBM	7521	1	802	215	26.81	85	102	29	0
Pct 7522	Election Day	7522	1	743	175	23.55	86	71	19	0
Pct 7522	VBM	7522	1	743	240	32.3	99	107	34	0
Pct 7523	Election Day	7523	1	737	208	28.22	113	74	21	0
Pct 7523	VBM	7523	1	737	223	30.26	85	118	23	0
Pct 7524	Election Day	7524	1	646	143	22.14	58	66	16	0
Pct 7524	VBM	7524	1	646	165	25.54	65	81	17	0
Pct 7525	Election Day	7525	1	779	145	18.61	50	73	23	0
Pct 7525	VBM	7525	1	779	214	27.47	74	113	26	0
Pct 7526	Election Day	7526	1	947	197	20.8	84	92	20	0
Pct 7526	VBM	7526	1	947	313	33.05	116	166	26	2
Pct 7527/7528	Election Day	7527	1	729	162	22.22	68	71	25	0
Pct 7527/7528	VBM	7527	1	729	237	32.51	95	123	18	0
Pct 7529	Election Day	7529	1	925	214	23.14	107	87	20	0
Pct 7529	VBM	7529	1	925	300	32.43	116	148	35	0
Pct 7531	Election Day	7531	1	847	179	21.13	78	86	16	0
Pct 7531	VBM	7531	1	847	263	31.05	104	127	30	0
Pct 7532	Election Day	7532	1	823	172	20.9	64	88	19	0
Pct 7532	VBM	7532	1	823	226	27.46	86	120	18	1
Pct 7533	Election Day	7533	1	951	268	28.18	124	126	19	0
Pct 7533	VBM	7533	1	951	297	31.23	132	143	21	0
Pct 7534	Election Day	7534	1	883	241	27.29	112	111	18	0
Pct 7534	VBM	7534	1	883	240	27.18	87	132	21	0
Pct 7535	Election Day	7535	1	743	201	27.05	95	91	15	0
Pct 7535	VBM	7535	1	743	251	33.78	109	130	13	0
Pct 7536	Election Day	7536	1	856	206	24.07	82	108	17	0
Pct 7536	VBM	7536	1	856	279	32.59	116	143	22	0
Pct 7537	Election Day	7537	1	734	187	25.48	74	101	12	0
Pct 7537	VBM	7537	1	734	225	30.65	91	115	17	0
Pct 7538	Election Day	7538	1	757	223	29.46	117	90	16	0
Pct 7538	VBM	7538	1	757	256	33.82	83	155	20	0
Pct 7539	Election Day	7539	1	884	250	28.28	125	93	29	1
Pct 7539	VBM	7539	1	884	286	32.35	121	151	17	0
Pct 7541	Election Day	7541	1	791	215	27.18	80	107	28	0
Pct 7541	VBM	7541	1	791	245	30.97	105	114	26	0
Pct 7542	Election Day	7542	1	787	183	23.25	82	89	13	0
Pct 7542	VBM	7542	1	787	247	31.39	105	116	27	2
Pct 7543	Election Day	7543	1	910	187	20.55	73	91	21	0
Pct 7543	VBM	7543	1	910	332	36.48	120	183	27	1
Pct 7544	Election Day	7544	1	877	186	21.21	74	89	23	0
Pct 7544	VBM	7544	1	877	331	37.74	131	169	33	0
Pct 7545	Election Day	7545	1	877	179	20.41	87	77	15	0
Pct 7545	VBM	7545	1	877	291	33.18	120	153	19	0
Pct 7546	Election Day	7546	1	913	219	23.99	92	100	27	0
Pct 7546	VBM	7546	1	913	310	33.95	133	148	27	0
Pct 7547	Election Day	7547	1	987	244	24.72	118	101	27	0
Pct 7547	VBM	7547	1	987	322	32.62	133	156	27	0
Pct 7548	Election Day	7548	1	1054	236	22.39	111	117	9	0
Pct 7548	VBM	7548	1	1054	345	32.73	122	192	29	0
Pct 7549	Election Day	7549	1	785	165	21.02	74	77	15	0
Pct 7549	VBM	7549	1	785	281	35.8	98	141	39	0
Pct 7551	Election Day	7551	1	705	199	28.23	73	102	24	0
Pct 7551	VBM	7551	1	705	240	34.04	87	132	23	0
Pct 7552	Election Day	7552	1	718	191	26.6	70	105	16	0
Pct 7552	VBM	7552	1	718	232	32.31	72	133	29	0
Pct 7553 MB	Election Day	7553	1	171	5	2.92	2	2	1	0
Pct 7553 MB	VBM	7553	1	171	87	50.88	30	45	12	0
Pct 7554	Election Day	7554	1	785	179	22.8	65	100	15	0
Pct 7554	VBM	7554	1	785	323	41.15	91	214	18	0
Pct 7555	Election Day	7555	1	847	242	28.57	70	150	22	0
Pct 7555	VBM	7555	1	847	304	35.89	88	192	22	0
Pct 7556/7557	Election Day	7556	1	961	223	23.2	79	127	18	0
Pct 7556/7557	VBM	7556	1	961	422	43.91	111	268	43	0
Pct 7601	Election Day	7601	1	744	128	17.2	68	49	15	0
Pct 7601	VBM	7601	1	744	185	24.87	97	66	16	0
Pct 7602	Election Day	7602	1	880	147	16.7	78	51	18	0
Pct 7602	VBM	7602	1	880	243	27.61	120	98	26	0
Pct 7603	Election Day	7603	1	826	152	18.4	82	55	15	1
Pct 7603	VBM	7603	1	826	215	26.03	104	84	28	0
Pct 7604	Election Day	7604	1	906	133	14.68	62	54	17	0
Pct 7604	VBM	7604	1	906	233	25.72	108	98	27	0
Pct 7605	Election Day	7605	1	651	77	11.83	40	26	11	0
Pct 7605	VBM	7605	1	651	155	23.81	65	63	26	0
Pct 7606	Election Day	7606	1	895	127	14.19	68	40	17	0
Pct 7606	VBM	7606	1	895	212	23.69	102	96	13	0
Pct 7607	Election Day	7607	1	955	120	12.57	59	50	11	0
Pct 7607	VBM	7607	1	955	265	27.75	130	118	20	0
Pct 7608	Election Day	7608	1	388	46	11.86	24	19	3	0
Pct 7608	VBM	7608	1	388	119	30.67	52	48	19	0
Pct 7609	Election Day	7609	1	916	101	11.03	41	39	20	0
Pct 7609	VBM	7609	1	916	297	32.42	144	93	59	0
Pct 7611	Election Day	7611	1	756	76	10.05	35	27	14	0
Pct 7611	VBM	7611	1	756	204	26.98	99	78	25	0
Pct 7612	Election Day	7612	1	574	76	13.24	30	36	8	0
Pct 7612	VBM	7612	1	574	210	36.59	80	103	26	0
Pct 7613	Election Day	7613	1	887	140	15.78	73	53	15	0
Pct 7613	VBM	7613	1	887	215	24.24	102	91	22	0
Pct 7614	Election Day	7614	1	1015	123	12.12	59	52	15	0
Pct 7614	VBM	7614	1	1015	238	23.45	110	109	18	0
Pct 7615	Election Day	7615	1	832	108	12.98	50	34	24	0
Pct 7615	VBM	7615	1	832	170	20.43	77	71	22	0
Pct 7616	Election Day	7616	1	951	129	13.56	53	62	13	0
Pct 7616	VBM	7616	1	951	331	34.81	103	201	28	0
Pct 7617	Election Day	7617	1	751	84	11.19	36	32	16	0
Pct 7617	VBM	7617	1	751	223	29.69	93	103	29	0
Pct 7618	Election Day	7618	1	866	123	14.2	50	57	16	0
Pct 7618	VBM	7618	1	866	272	31.41	107	130	33	0
Pct 7619	Election Day	7619	1	993	154	15.51	64	73	18	0
Pct 7619	VBM	7619	1	993	308	31.02	133	140	38	0
Pct 7621	Election Day	7621	1	1132	163	14.4	83	68	13	0
Pct 7621	VBM	7621	1	1132	346	30.57	153	157	33	0
Pct 7622	Election Day	7622	1	964	99	10.27	47	43	8	0
Pct 7622	VBM	7622	1	964	193	20.02	82	89	23	1
Pct 7623	Election Day	7623	1	712	122	17.13	56	58	8	0
Pct 7623	VBM	7623	1	712	196	27.53	91	90	14	0
Pct 7624	Election Day	7624	1	905	104	11.49	44	45	16	0
Pct 7624	VBM	7624	1	905	195	21.55	88	85	20	0
Pct 7625	Election Day	7625	1	821	73	8.89	27	30	16	0
Pct 7625	VBM	7625	1	821	415	50.55	174	162	78	0
Pct 7626	Election Day	7626	1	1081	128	11.84	43	69	15	0
Pct 7626	VBM	7626	1	1081	361	33.4	107	226	28	0
Pct 7627	Election Day	7627	1	1075	116	10.79	41	65	10	0
Pct 7627	VBM	7627	1	1075	319	29.67	86	212	24	0
Pct 7628	Election Day	7628	1	906	156	17.22	71	63	22	0
Pct 7628	VBM	7628	1	906	267	29.47	97	143	26	0
Pct 7629	Election Day	7629	1	805	108	13.42	47	53	8	0
Pct 7629	VBM	7629	1	805	206	25.59	74	112	19	0
Pct 7631	Election Day	7631	1	1085	146	13.46	65	70	11	0
Pct 7631	VBM	7631	1	1085	339	31.24	122	185	28	1
Pct 7632	Election Day	7632	1	965	167	17.31	76	78	13	0
Pct 7632	VBM	7632	1	965	286	29.64	112	159	15	0
Pct 7633	Election Day	7633	1	702	90	12.82	31	50	9	0
Pct 7633	VBM	7633	1	702	253	36.04	88	135	31	0
Pct 7634	Election Day	7634	1	859	120	13.97	45	57	17	0
Pct 7634	VBM	7634	1	859	291	33.88	120	134	37	0
Pct 7635	Election Day	7635	1	782	89	11.38	37	42	9	0
Pct 7635	VBM	7635	1	782	242	30.95	90	133	18	0
Pct 7636	Election Day	7636	1	920	134	14.57	51	66	18	0
Pct 7636	VBM	7636	1	920	251	27.28	73	167	13	0
Pct 7637	Election Day	7637	1	732	89	12.16	25	54	11	0
Pct 7637	VBM	7637	1	732	249	34.02	66	163	20	0
Pct 7638	Election Day	7638	1	1365	129	9.45	46	79	6	0
Pct 7638	VBM	7638	1	1365	492	36.04	125	337	30	0
Pct 7639	Election Day	7639	1	962	110	11.43	28	62	20	0
Pct 7639	VBM	7639	1	962	319	33.16	72	218	30	0
Pct 7641	Election Day	7641	1	931	114	12.24	32	71	11	0
Pct 7641	VBM	7641	1	931	374	40.17	118	228	28	0
Pct 7642	Election Day	7642	1	909	84	9.24	26	50	8	0
Pct 7642	VBM	7642	1	909	268	29.48	89	119	60	1
Pct 7643	Election Day	7643	1	871	99	11.37	30	51	15	0
Pct 7643	VBM	7643	1	871	355	40.76	155	161	37	0
Pct 7644	Election Day	7644	1	1082	156	14.42	52	94	13	0
Pct 7644	VBM	7644	1	1082	291	26.89	107	156	27	0
Pct 7645	Election Day	7645	1	631	63	9.98	27	33	3	0
Pct 7645	VBM	7645	1	631	241	38.19	79	144	18	1
Pct 7646	Election Day	7646	1	1035	110	10.63	45	54	11	0
Pct 7646	VBM	7646	1	1035	326	31.5	112	194	19	0
Pct 7647	Election Day	7647	1	1027	107	10.42	50	44	13	0
Pct 7647	VBM	7647	1	1027	185	18.01	78	91	17	0
Pct 7648 MB	Election Day	7648	1	2	0	0	0	0	0	0
Pct 7648 MB	VBM	7648	1	2	0	0	0	0	0	0
Pct 7649	Election Day	7649	1	877	97	11.06	38	47	11	0
Pct 7649	VBM	7649	1	877	234	26.68	105	99	29	0
Pct 7651	Election Day	7651	1	555	48	8.65	13	31	4	0
Pct 7651	VBM	7651	1	555	155	27.93	55	90	10	0
Pct 7652	Election Day	7652	1	580	68	11.72	29	38	2	0
Pct 7652	VBM	7652	1	580	163	28.1	55	88	21	0
Pct 7653	Election Day	7653	1	1092	137	12.55	40	83	12	0
Pct 7653	VBM	7653	1	1092	321	29.4	103	192	24	0
Pct 7701	Election Day	7701	1	1012	225	22.23	91	110	24	0
Pct 7701	VBM	7701	1	1012	383	37.85	144	205	34	0
Pct 7702	Election Day	7702	1	704	117	16.62	39	71	7	0
Pct 7702	VBM	7702	1	704	302	42.9	82	194	27	0
Pct 7703 MB	Election Day	7703	1	172	0	0	0	0	0	0
Pct 7703 MB	VBM	7703	1	172	66	38.37	30	22	15	1
Pct 7704	Election Day	7704	1	977	208	21.29	65	126	17	0
Pct 7704	VBM	7704	1	977	396	40.53	106	246	38	0
Pct 7705	Election Day	7705	1	547	123	22.49	32	84	7	0
Pct 7705	VBM	7705	1	547	227	41.5	66	141	21	0
Pct 7706	Election Day	7706	1	821	189	23.02	63	111	15	0
Pct 7706	VBM	7706	1	821	341	41.53	101	215	25	0
Pct 7707	Election Day	7707	1	839	200	23.84	64	111	23	0
Pct 7707	VBM	7707	1	839	379	45.17	118	221	31	0
Pct 7708	Election Day	7708	1	860	181	21.05	52	114	15	0
Pct 7708	VBM	7708	1	860	400	46.51	142	219	39	0
Pct 7709	Election Day	7709	1	383	85	22.19	31	40	13	0
Pct 7709	VBM	7709	1	383	174	45.43	66	95	11	0
Pct 7711	Election Day	7711	1	772	162	20.98	63	84	15	0
Pct 7711	VBM	7711	1	772	344	44.56	132	183	32	0
Pct 7712	Election Day	7712	1	524	131	25	57	68	5	0
Pct 7712	VBM	7712	1	524	230	43.89	89	127	15	0
Pct 7801	Election Day	7801	1	970	230	23.71	78	137	15	0
Pct 7801	VBM	7801	1	970	424	43.71	103	292	29	0
Pct 7802	Election Day	7802	1	762	205	26.9	72	117	17	1
Pct 7802	VBM	7802	1	762	313	41.08	86	203	26	0
Pct 7803	Election Day	7803	1	823	143	17.38	49	74	19	0
Pct 7803	VBM	7803	1	823	412	50.06	125	257	31	0
Pct 7804	Election Day	7804	1	891	236	26.49	84	129	23	0
Pct 7804	VBM	7804	1	891	394	44.22	121	236	38	0
Pct 7805	Election Day	7805	1	785	176	22.42	81	83	11	0
Pct 7805	VBM	7805	1	785	348	44.33	89	218	42	0
Pct 7806	Election Day	7806	1	699	163	23.32	72	82	10	0
Pct 7806	VBM	7806	1	699	283	40.49	87	177	18	0
Pct 7807	Election Day	7807	1	796	228	28.64	104	101	21	0
Pct 7807	VBM	7807	1	796	273	34.3	88	158	26	0
Pct 7808	Election Day	7808	1	655	178	27.18	62	100	16	0
Pct 7808	VBM	7808	1	655	243	37.1	94	132	19	0
Pct 7809	Election Day	7809	1	742	160	21.56	70	73	16	2
Pct 7809	VBM	7809	1	742	267	35.98	95	142	28	0
Pct 7811	Election Day	7811	1	726	186	25.62	91	87	8	0
Pct 7811	VBM	7811	1	726	243	33.47	103	124	16	0
Pct 7812	Election Day	7812	1	843	207	24.56	83	107	16	1
Pct 7812	VBM	7812	1	843	292	34.64	111	155	28	0
Pct 7813	Election Day	7813	1	988	251	25.4	113	118	22	0
Pct 7813	VBM	7813	1	988	362	36.64	131	197	33	0
Pct 7814	Election Day	7814	1	892	173	19.39	83	69	21	0
Pct 7814	VBM	7814	1	892	223	25	103	102	16	1
Pct 7815	Election Day	7815	1	914	178	19.47	54	102	24	0
Pct 7815	VBM	7815	1	914	407	44.53	119	251	33	1
Pct 7816	Election Day	7816	1	858	202	23.54	75	110	16	0
Pct 7816	VBM	7816	1	858	390	45.45	111	250	27	2
Pct 7817	Election Day	7817	1	795	215	27.04	84	116	16	0
Pct 7817	VBM	7817	1	795	309	38.87	125	164	17	0
Pct 7818	Election Day	7818	1	823	172	20.9	68	88	17	0
Pct 7818	VBM	7818	1	823	335	40.7	131	175	31	0
Pct 7819	Election Day	7819	1	760	169	22.24	72	82	15	0
Pct 7819	VBM	7819	1	760	297	39.08	117	147	31	0
Pct 7821	Election Day	7821	1	947	229	24.18	66	144	19	0
Pct 7821	VBM	7821	1	947	439	46.36	141	252	43	0
Pct 7822	Election Day	7822	1	927	244	26.32	95	133	16	0
Pct 7822	VBM	7822	1	927	343	37	104	203	34	0
Pct 7823	Election Day	7823	1	857	237	27.65	107	109	22	0
Pct 7823	VBM	7823	1	857	347	40.49	119	197	31	0
Pct 7824	Election Day	7824	1	756	170	22.49	68	91	10	0
Pct 7824	VBM	7824	1	756	274	36.24	82	169	22	0
Pct 7825	Election Day	7825	1	580	160	27.59	60	85	15	0
Pct 7825	VBM	7825	1	580	215	37.07	72	123	21	0
Pct 7826	Election Day	7826	1	665	214	32.18	86	108	20	0
Pct 7826	VBM	7826	1	665	194	29.17	87	93	15	0
Pct 7827	Election Day	7827	1	828	199	24.03	102	83	14	0
Pct 7827	VBM	7827	1	828	252	30.43	113	121	18	0
Pct 7828	Election Day	7828	1	976	205	21	75	109	23	0
Pct 7828	VBM	7828	1	976	397	40.68	128	240	29	1
Pct 7829	Election Day	7829	1	882	199	22.56	72	111	15	1
Pct 7829	VBM	7829	1	882	391	44.33	107	253	31	0
Pct 7831	Election Day	7831	1	828	202	24.4	76	109	17	0
Pct 7831	VBM	7831	1	828	369	44.57	97	239	32	0
Pct 7832	Election Day	7832	1	781	162	20.74	44	107	12	0
Pct 7832	VBM	7832	1	781	343	43.92	120	204	20	0
Pct 7833	Election Day	7833	1	745	182	24.43	78	83	21	0
Pct 7833	VBM	7833	1	745	271	36.38	96	147	26	0
Pct 7834	Election Day	7834	1	836	225	26.91	109	89	27	1
Pct 7834	VBM	7834	1	836	288	34.45	132	131	25	0
Pct 7835	Election Day	7835	1	808	175	21.66	73	92	10	0
Pct 7835	VBM	7835	1	808	338	41.83	112	206	19	0
Pct 7836	Election Day	7836	1	979	199	20.33	77	109	13	0
Pct 7836	VBM	7836	1	979	421	43	158	230	31	0
Pct 7837	Election Day	7837	1	883	237	26.84	83	129	26	0
Pct 7837	VBM	7837	1	883	339	38.39	84	223	30	0
Pct 7838	Election Day	7838	1	891	210	23.57	72	120	15	1
Pct 7838	VBM	7838	1	891	413	46.35	126	247	39	0
Pct 7839	Election Day	7839	1	830	172	20.72	51	90	29	0
Pct 7839	VBM	7839	1	830	389	46.87	107	254	29	0
Pct 7841	Election Day	7841	1	898	240	26.73	86	133	21	0
Pct 7841	VBM	7841	1	898	353	39.31	125	195	33	0
Pct 7842	Election Day	7842	1	873	214	24.51	97	106	11	0
Pct 7842	VBM	7842	1	873	308	35.28	131	157	19	0
Pct 7843	Election Day	7843	1	751	182	24.23	78	89	16	0
Pct 7843	VBM	7843	1	751	267	35.55	112	131	25	0
Pct 7844	Election Day	7844	1	635	160	25.2	70	73	16	0
Pct 7844	VBM	7844	1	635	245	38.58	92	130	25	0
Pct 7845	Election Day	7845	1	803	202	25.16	60	116	26	0
Pct 7845	VBM	7845	1	803	314	39.1	97	191	25	1
Pct 7846	Election Day	7846	1	871	221	25.37	73	129	19	0
Pct 7846	VBM	7846	1	871	330	37.89	82	204	43	0
Pct 7847	Election Day	7847	1	878	207	23.58	89	100	19	0
Pct 7847	VBM	7847	1	878	358	40.77	116	195	46	0
Pct 7848	Election Day	7848	1	838	209	24.94	64	119	29	0
Pct 7848	VBM	7848	1	838	346	41.29	94	225	26	1
Pct 7849	Election Day	7849	1	904	237	26.22	89	122	26	0
Pct 7849	VBM	7849	1	904	353	39.05	112	205	38	0
Pct 7851	Election Day	7851	1	493	118	23.94	33	71	14	0
Pct 7851	VBM	7851	1	493	204	41.38	45	133	26	0
Pct 7852	Election Day	7852	1	634	104	16.4	27	68	10	0
Pct 7852	VBM	7852	1	634	303	47.79	90	179	34	0
Pct 7853	Election Day	7853	1	837	180	21.51	58	102	20	0
Pct 7853	VBM	7853	1	837	333	39.78	90	217	26	0
Pct 7854	Election Day	7854	1	874	216	24.71	81	120	16	0
Pct 7854	VBM	7854	1	874	346	39.59	109	193	42	0
Pct 7855	Election Day	7855	1	949	259	27.29	89	150	20	0
Pct 7855	VBM	7855	1	949	359	37.83	107	217	41	0
Pct 7856	Election Day	7856	1	790	204	25.82	72	109	22	0
Pct 7856	VBM	7856	1	790	312	39.49	119	167	27	0
Pct 7857	Election Day	7857	1	913	225	24.64	102	98	26	0
Pct 7857	VBM	7857	1	913	350	38.34	141	181	29	0
Pct 7858	Election Day	7858	1	743	192	25.84	93	79	18	0
Pct 7858	VBM	7858	1	743	252	33.92	106	124	22	0
Pct 7859	Election Day	7859	1	879	219	24.91	73	129	18	0
Pct 7859	VBM	7859	1	879	352	40.05	104	220	28	0
Pct 7861	Election Day	7861	1	835	184	22.04	68	98	18	0
Pct 7861	VBM	7861	1	835	367	43.95	101	239	28	0
Pct 7862	Election Day	7862	1	850	237	27.88	95	122	20	0
Pct 7862	VBM	7862	1	850	323	38	120	184	21	0
Pct 7863	Election Day	7863	1	870	237	27.24	105	121	11	0
Pct 7863	VBM	7863	1	870	302	34.71	113	167	24	0
Pct 7864	Election Day	7864	1	773	188	24.32	77	92	19	0
Pct 7864	VBM	7864	1	773	284	36.74	96	164	26	0
Pct 7865	Election Day	7865	1	808	178	22.03	64	100	13	0
Pct 7865	VBM	7865	1	808	310	38.37	117	174	20	0
Pct 7866	Election Day	7866	1	816	184	22.55	72	100	13	0
Pct 7866	VBM	7866	1	816	389	47.67	121	239	31	0
Pct 7867	Election Day	7867	1	932	209	22.42	62	128	19	0
Pct 7867	VBM	7867	1	932	385	41.31	136	216	32	0
Pct 7868	Election Day	7868	1	860	218	25.35	71	124	23	1
Pct 7868	VBM	7868	1	860	324	37.67	115	183	24	0
Pct 7869	Election Day	7869	1	842	219	26.01	80	118	21	0
Pct 7869	VBM	7869	1	842	376	44.66	114	234	29	0
Pct 7871	Election Day	7871	1	882	240	27.21	72	151	20	0
Pct 7871	VBM	7871	1	882	364	41.27	126	208	29	0
Pct 7872	Election Day	7872	1	864	242	28.01	77	142	24	0
Pct 7872	VBM	7872	1	864	369	42.71	117	214	37	1
Pct 7873	Election Day	7873	1	841	231	27.47	77	133	21	0
Pct 7873	VBM	7873	1	841	387	46.02	117	234	36	0
Pct 7874	Election Day	7874	1	453	85	18.76	26	51	8	0
Pct 7874	VBM	7874	1	453	174	38.41	65	93	15	0
Pct 7875	Election Day	7875	1	615	127	20.65	63	53	11	0
Pct 7875	VBM	7875	1	615	203	33.01	90	93	23	0
Pct 7876	Election Day	7876	1	491	101	20.57	42	44	15	0
Pct 7876	VBM	7876	1	491	148	30.14	50	91	8	0
Pct 7901	Election Day	7901	1	466	87	18.67	42	35	12	0
Pct 7901	VBM	7901	1	466	133	28.54	52	67	14	0
Pct 7902	Election Day	7902	1	921	188	20.41	106	71	11	0
Pct 7902	VBM	7902	1	921	259	28.12	127	111	22	0
Pct 7903	Election Day	7903	1	819	144	17.58	69	52	23	0
Pct 7903	VBM	7903	1	819	244	29.79	118	106	20	0
Pct 7904	Election Day	7904	1	846	137	16.19	64	61	11	0
Pct 7904	VBM	7904	1	846	248	29.31	88	142	21	0
Pct 7905	Election Day	7905	1	821	199	24.24	92	86	22	0
Pct 7905	VBM	7905	1	821	275	33.5	123	127	23	0
Pct 7906	Election Day	7906	1	769	164	21.33	67	81	16	0
Pct 7906	VBM	7906	1	769	214	27.83	105	99	13	0
Pct 7907	Election Day	7907	1	926	201	21.71	106	76	17	0
Pct 7907	VBM	7907	1	926	286	30.89	131	135	18	0
Pct 7908	Election Day	7908	1	936	191	20.41	91	87	13	0
Pct 7908	VBM	7908	1	936	267	28.53	124	113	31	0
Pct 7909	Election Day	7909	1	726	190	26.17	108	70	12	0
Pct 7909	VBM	7909	1	726	221	30.44	91	113	21	0
Pct 7911	Election Day	7911	1	849	192	22.61	93	81	17	0
Pct 7911	VBM	7911	1	849	250	29.45	111	118	25	0
Pct 7912	Election Day	7912	1	1036	215	20.75	116	79	20	0
Pct 7912	VBM	7912	1	1036	314	30.31	142	144	26	0
Pct 7913	Election Day	7913	1	887	240	27.06	113	111	23	0
Pct 7913	VBM	7913	1	887	244	27.51	111	105	27	0
Pct 7914	Election Day	7914	1	833	208	24.97	105	88	15	0
Pct 7914	VBM	7914	1	833	253	30.37	117	119	18	0
Pct 7915	Election Day	7915	1	802	213	26.56	108	89	16	0
Pct 7915	VBM	7915	1	802	222	27.68	111	88	24	0
Pct 7916	Election Day	7916	1	887	215	24.24	127	70	18	0
Pct 7916	VBM	7916	1	887	289	32.58	133	125	31	0
Pct 7917	Election Day	7917	1	983	254	25.84	130	103	22	0
Pct 7917	VBM	7917	1	983	287	29.2	163	105	19	0
Pct 7918	Election Day	7918	1	790	191	24.18	98	77	16	0
Pct 7918	VBM	7918	1	790	234	29.62	99	106	28	0
Pct 7919	Election Day	7919	1	857	217	25.32	120	81	16	0
Pct 7919	VBM	7919	1	857	241	28.12	116	106	18	1
Pct 7921	Election Day	7921	1	883	151	17.1	70	73	11	0
Pct 7921	VBM	7921	1	883	210	23.78	87	109	14	0
Pct 7922	Election Day	7922	1	797	182	22.84	106	60	15	0
Pct 7922	VBM	7922	1	797	241	30.24	107	110	24	1
Pct 7923	Election Day	7923	1	863	202	23.41	103	87	11	0
Pct 7923	VBM	7923	1	863	241	27.93	112	110	20	0
Pct 7924	Election Day	7924	1	806	172	21.34	87	70	14	0
Pct 7924	VBM	7924	1	806	247	30.65	133	97	17	0
Pct 7925	Election Day	7925	1	570	114	20	55	46	11	1
Pct 7925	VBM	7925	1	570	191	33.51	89	85	17	0
Pct 7926	Election Day	7926	1	768	177	23.05	79	80	18	0
Pct 7926	VBM	7926	1	768	296	38.54	134	142	18	0
Pct 7927	Election Day	7927	1	733	187	25.51	87	87	13	0
Pct 7927	VBM	7927	1	733	289	39.43	99	154	37	0
Pct 7928	Election Day	7928	1	899	253	28.14	122	118	12	1
Pct 7928	VBM	7928	1	899	297	33.04	128	145	24	1
Pct 7929	Election Day	7929	1	840	200	23.81	86	100	14	0
Pct 7929	VBM	7929	1	840	367	43.69	136	214	18	0
Pct 7931	Election Day	7931	1	732	189	25.82	67	104	18	0
Pct 7931	VBM	7931	1	732	317	43.31	106	185	27	0
Pct 7932	Election Day	7932	1	551	112	20.33	43	65	5	0
Pct 7932	VBM	7932	1	551	225	40.83	91	108	25	0
Pct 7933 MB	Election Day	7933	1	8	0	0	0	0	0	0
Pct 7933 MB	VBM	7933	1	8	4	50	0	3	1	0
Pct 7934	Election Day	7934	1	885	195	22.03	90	83	26	0
Pct 7934	VBM	7934	1	885	328	37.06	152	142	33	0
Pct 7935	Election Day	7935	1	938	283	30.17	117	135	30	0
Pct 7935	VBM	7935	1	938	370	39.45	137	190	42	0
Pct 7936	Election Day	7936	1	832	246	29.57	123	99	24	0
Pct 7936	VBM	7936	1	832	326	39.18	120	160	43	1
Pct 7937	Election Day	7937	1	874	223	25.51	109	97	17	0
Pct 7937	VBM	7937	1	874	309	35.35	118	173	19	0
Pct 7938	Election Day	7938	1	774	162	20.93	85	65	12	0
Pct 7938	VBM	7938	1	774	247	31.91	137	99	11	0
Pct 7939	Election Day	7939	1	667	186	27.89	72	94	19	0
Pct 7939	VBM	7939	1	667	230	34.48	83	134	15	0
Pct 7941	Election Day	7941	1	728	167	22.94	70	81	16	0
Pct 7941	VBM	7941	1	728	236	32.42	74	130	31	0
Pct 7942	Election Day	7942	1	893	166	18.59	71	81	13	0
Pct 7942	VBM	7942	1	893	286	32.03	104	145	37	0
Pct 7943	Election Day	7943	1	887	192	21.65	76	102	16	1
Pct 7943	VBM	7943	1	887	319	35.96	130	168	21	0
Pct 7944	Election Day	7944	1	769	201	26.14	77	105	21	0
Pct 7944	VBM	7944	1	769	235	30.56	81	125	30	0
Pct 7945	Election Day	7945	1	897	118	13.15	55	55	10	0
Pct 7945	VBM	7945	1	897	294	32.78	146	123	26	0
Pct 7946	Election Day	7946	1	909	134	14.74	50	67	16	0
Pct 7946	VBM	7946	1	909	348	38.28	125	176	43	0
Pct 7947	Election Day	7947	1	894	128	14.32	43	68	18	0
Pct 7947	VBM	7947	1	894	327	36.58	145	151	33	0
Pct 7948	Election Day	7948	1	900	165	18.33	77	75	13	0
Pct 7948	VBM	7948	1	900	313	34.78	133	149	33	0
Pct 7949	Election Day	7949	1	552	78	14.13	32	34	9	0
Pct 7949	VBM	7949	1	552	224	40.58	91	112	21	0
Pct 7951	Election Day	7951	1	830	97	11.69	34	52	11	0
Pct 7951	VBM	7951	1	830	341	41.08	167	150	27	0
Pct 7952	Election Day	7952	1	823	100	12.15	44	46	10	0
Pct 7952	VBM	7952	1	823	288	34.99	149	122	21	0
Pct 7953	Election Day	7953	1	795	103	12.96	49	47	11	0
Pct 7953	VBM	7953	1	795	294	36.98	138	129	28	1
Pct 7954 MB	Election Day	7954	1	0	0	0	0	0	0	0
Pct 7954 MB	VBM	7954	1	0	0	0	0	0	0	0
Pct 7955	Election Day	7955	1	854	116	13.58	50	55	9	1
Pct 7955	VBM	7955	1	854	320	37.47	128	163	30	0
Pct 7956	Election Day	7956	1	779	101	12.97	48	39	12	0
Pct 7956	VBM	7956	1	779	247	31.71	115	112	14	0
Pct 7957	Election Day	7957	1	623	97	15.57	33	51	12	0
Pct 7957	VBM	7957	1	623	217	34.83	100	101	16	0
Pct 7958 MB	Election Day	7958	1	263	13	4.94	7	5	1	0
Pct 7958 MB	VBM	7958	1	263	104	39.54	41	55	11	0
Pct 7959	Election Day	7959	1	695	110	15.83	59	44	9	0
Pct 7959	VBM	7959	1	695	190	27.34	82	94	12	0
Pct 9001 MB	Election Day	9001	1	257	8	3.11	4	5	0	0
Pct 9001 MB	VBM	9001	1	257	101	39.3	43	48	8	1
Pct 9101	Election Day	9101	1	833	190	22.81	82	93	16	0
Pct 9101	VBM	9101	1	833	323	38.78	118	170	37	0
Pct 9102	Election Day	9102	1	950	182	19.16	72	95	16	0
Pct 9102	VBM	9102	1	950	335	35.26	134	162	37	1
Pct 9103	Election Day	9103	1	924	174	18.83	76	86	12	0
Pct 9103	VBM	9103	1	924	302	32.68	122	157	23	1
Pct 9104	Election Day	9104	1	937	176	18.78	88	63	25	0
Pct 9104	VBM	9104	1	937	332	35.43	129	171	34	0
Pct 9105	Election Day	9105	1	888	191	21.51	76	95	20	0
Pct 9105	VBM	9105	1	888	339	38.18	131	181	28	0
Pct 9106	Election Day	9106	1	907	213	23.48	75	119	18	0
Pct 9106	VBM	9106	1	907	334	36.82	103	186	40	0
Pct 9107	Election Day	9107	1	806	164	20.35	64	81	19	0
Pct 9107	VBM	9107	1	806	246	30.52	111	110	22	0
Pct 9108	Election Day	9108	1	761	185	24.31	81	86	17	0
Pct 9108	VBM	9108	1	761	220	28.91	99	96	25	0
Pct 9109	Election Day	9109	1	848	205	24.17	73	113	20	0
Pct 9109	VBM	9109	1	848	285	33.61	94	159	31	0
Pct 9111	Election Day	9111	1	756	150	19.84	63	74	13	0
Pct 9111	VBM	9111	1	756	226	29.89	100	104	24	0
Pct 9112	Election Day	9112	1	918	211	22.98	99	97	15	0
Pct 9112	VBM	9112	1	918	295	32.14	117	153	26	0
Pct 9113	Election Day	9113	1	959	231	24.09	96	107	27	0
Pct 9113	VBM	9113	1	959	351	36.6	122	200	29	0
Pct 9114	Election Day	9114	1	820	170	20.73	78	72	20	0
Pct 9114	VBM	9114	1	820	273	33.29	132	119	22	0
Pct 9115	Election Day	9115	1	873	172	19.7	71	83	18	0
Pct 9115	VBM	9115	1	873	287	32.88	118	140	29	0
Pct 9116	Election Day	9116	1	903	193	21.37	93	77	21	0
Pct 9116	VBM	9116	1	903	314	34.77	130	156	27	0
Pct 9117	Election Day	9117	1	756	180	23.81	75	94	11	0
Pct 9117	VBM	9117	1	756	285	37.7	88	161	35	0
Pct 9118	Election Day	9118	1	923	184	19.93	80	88	16	0
Pct 9118	VBM	9118	1	923	268	29.04	114	131	25	0
Pct 9119	Election Day	9119	1	856	152	17.76	66	71	18	0
Pct 9119	VBM	9119	1	856	323	37.73	151	153	20	0
Pct 9121	Election Day	9121	1	890	188	21.12	64	102	22	0
Pct 9121	VBM	9121	1	890	274	30.79	111	134	30	0
Pct 9122	Election Day	9122	1	913	131	14.35	60	58	13	0
Pct 9122	VBM	9122	1	913	292	31.98	130	141	23	0
Pct 9123	Election Day	9123	1	829	175	21.11	76	84	15	0
Pct 9123	VBM	9123	1	829	270	32.57	119	126	24	0
Pct 9124	Election Day	9124	1	832	150	18.03	64	71	15	0
Pct 9124	VBM	9124	1	832	290	34.86	130	132	29	0
Pct 9125	Election Day	9125	1	822	159	19.34	58	85	18	0
Pct 9125	VBM	9125	1	822	299	36.37	117	156	31	0
Pct 9126	Election Day	9126	1	945	186	19.68	69	100	17	0
Pct 9126	VBM	9126	1	945	350	37.04	123	191	35	0
Pct 9127	Election Day	9127	1	908	209	23.02	80	114	15	0
Pct 9127	VBM	9127	1	908	315	34.69	119	155	44	0
Pct 9128	Election Day	9128	1	805	188	23.35	69	102	17	0
Pct 9128	VBM	9128	1	805	296	36.77	92	166	40	0
Pct 9129	Election Day	9129	1	713	173	24.26	72	90	11	0
Pct 9129	VBM	9129	1	713	225	31.56	88	117	18	2
Pct 9131	Election Day	9131	1	740	151	20.41	68	74	8	1
Pct 9131	VBM	9131	1	740	274	37.03	112	132	31	0
Pct 9132	Election Day	9132	1	827	167	20.19	81	66	20	0
Pct 9132	VBM	9132	1	827	251	30.35	108	117	27	0
Pct 9133	Election Day	9133	1	1007	188	18.67	78	92	18	0
Pct 9133	VBM	9133	1	1007	388	38.53	147	189	51	0
Pct 9134	Election Day	9134	1	893	132	14.78	53	62	19	0
Pct 9134	VBM	9134	1	893	297	33.26	118	151	24	0
Pct 9135	Election Day	9135	1	778	149	19.15	60	77	12	0
Pct 9135	VBM	9135	1	778	269	34.58	86	155	26	0
Pct 9136	Election Day	9136	1	894	191	21.36	96	77	18	0
Pct 9136	VBM	9136	1	894	289	32.33	116	141	29	1
Pct 9137	Election Day	9137	1	946	201	21.25	85	100	17	0
Pct 9137	VBM	9137	1	946	323	34.14	147	141	33	0
Pct 9138	Election Day	9138	1	892	155	17.38	71	73	11	0
Pct 9138	VBM	9138	1	892	323	36.21	127	171	28	0
Pct 9139	Election Day	9139	1	912	163	17.87	63	83	18	0
Pct 9139	VBM	9139	1	912	356	39.04	132	191	31	1
Pct 9141	Election Day	9141	1	904	168	18.58	63	88	18	0
Pct 9141	VBM	9141	1	904	328	36.28	143	155	31	0
Pct 9142	Election Day	9142	1	921	219	23.78	94	108	16	0
Pct 9142	VBM	9142	1	921	288	31.27	123	129	36	0
Pct 9143	Election Day	9143	1	887	196	22.1	88	85	22	0
Pct 9143	VBM	9143	1	887	315	35.51	133	147	36	0
Pct 9144	Election Day	9144	1	931	221	23.74	100	105	15	0
Pct 9144	VBM	9144	1	931	322	34.59	112	186	26	0
Pct 9145	Election Day	9145	1	837	197	23.54	85	93	18	0
Pct 9145	VBM	9145	1	837	282	33.69	116	144	22	0
Pct 9146	Election Day	9146	1	866	206	23.79	87	99	19	0
Pct 9146	VBM	9146	1	866	297	34.3	123	143	29	0
Pct 9147	Election Day	9147	1	920	227	24.67	98	113	15	0
Pct 9147	VBM	9147	1	920	318	34.57	141	157	24	0
Pct 9148	Election Day	9148	1	946	226	23.89	84	120	23	0
Pct 9148	VBM	9148	1	946	322	34.04	107	189	23	0
Pct 9149	Election Day	9149	1	884	196	22.17	79	97	20	0
Pct 9149	VBM	9149	1	884	296	33.48	118	149	25	1
Pct 9151	Election Day	9151	1	806	152	18.86	65	79	9	0
Pct 9151	VBM	9151	1	806	267	33.13	84	153	31	0
Pct 9152	Election Day	9152	1	712	67	9.41	26	36	4	0
Pct 9152	VBM	9152	1	712	138	19.38	69	61	6	0
Pct 9201	Election Day	9201	1	953	201	21.09	97	93	11	0
Pct 9201	VBM	9201	1	953	229	24.03	101	102	23	0
Pct 9202	Election Day	9202	1	908	184	20.26	72	95	18	0
Pct 9202	VBM	9202	1	908	218	24.01	80	116	22	0
Pct 9203	Election Day	9203	1	968	145	14.98	51	84	10	0
Pct 9203	VBM	9203	1	968	300	30.99	67	205	27	0
Pct 9204	Election Day	9204	1	809	147	18.17	45	90	11	0
Pct 9204	VBM	9204	1	809	223	27.56	54	154	17	0
Pct 9205	Election Day	9205	1	694	113	16.28	45	58	10	0
Pct 9205	VBM	9205	1	694	201	28.96	46	132	22	0
Pct 9206	Election Day	9206	1	887	135	15.22	30	93	14	0
Pct 9206	VBM	9206	1	887	294	33.15	88	173	33	0
Pct 9207	Election Day	9207	1	913	148	16.21	41	101	6	0
Pct 9207	VBM	9207	1	913	249	27.27	70	160	21	0
Pct 9208	Election Day	9208	1	936	147	15.71	36	97	14	0
Pct 9208	VBM	9208	1	936	240	25.64	67	154	21	0
Pct 9209	Election Day	9209	1	675	121	17.93	32	79	11	0
Pct 9209	VBM	9209	1	675	188	27.85	45	109	37	0
Pct 9211	Election Day	9211	1	834	130	15.59	41	81	8	0
Pct 9211	VBM	9211	1	834	212	25.42	65	127	21	0
Pct 9212	Election Day	9212	1	764	121	15.84	34	75	12	0
Pct 9212	VBM	9212	1	764	205	26.83	57	123	24	1
Pct 9213	Election Day	9213	1	890	140	15.73	50	78	12	0
Pct 9213	VBM	9213	1	890	260	29.21	77	156	26	0
Pct 9214	Election Day	9214	1	581	92	15.83	22	60	10	0
Pct 9214	VBM	9214	1	581	203	34.94	53	132	16	0
Pct 9215	Election Day	9215	1	626	130	20.77	27	90	13	0
Pct 9215	VBM	9215	1	626	170	27.16	51	106	11	0
Pct 9216	Election Day	9216	1	798	134	16.79	30	88	16	0
Pct 9216	VBM	9216	1	798	206	25.81	52	127	25	0
Pct 9217	Election Day	9217	1	684	123	17.98	40	78	5	0
Pct 9217	VBM	9217	1	684	187	27.34	58	111	18	0
Pct 9218	Election Day	9218	1	797	119	14.93	33	76	10	0
Pct 9218	VBM	9218	1	797	225	28.23	55	145	26	0
Pct 9219	Election Day	9219	1	733	146	19.92	46	81	18	1
Pct 9219	VBM	9219	1	733	187	25.51	65	103	18	0
Pct 9221	Election Day	9221	1	641	121	18.88	35	79	7	0
Pct 9221	VBM	9221	1	641	278	43.37	54	198	24	2
Pct 9222	Election Day	9222	1	842	139	16.51	36	88	15	0
Pct 9222	VBM	9222	1	842	268	31.83	69	181	17	0
Pct 9223	Election Day	9223	1	606	88	14.52	19	60	7	0
Pct 9223	VBM	9223	1	606	202	33.33	34	143	22	0
Pct 9224	Election Day	9224	1	912	171	18.75	44	108	16	1
Pct 9224	VBM	9224	1	912	308	33.77	76	214	19	0
Pct 9225	Election Day	9225	1	898	161	17.93	50	95	15	1
Pct 9225	VBM	9225	1	898	243	27.06	66	153	24	0
Pct 9226	Election Day	9226	1	905	143	15.8	44	80	20	0
Pct 9226	VBM	9226	1	905	312	34.48	94	186	34	0
Pct 9227	Election Day	9227	1	729	140	19.2	39	92	9	0
Pct 9227	VBM	9227	1	729	304	41.7	88	191	23	0
Pct 9228	Election Day	9228	1	726	175	24.1	46	117	12	0
Pct 9228	VBM	9228	1	726	277	38.15	63	191	22	0
Pct 9229	Election Day	9229	1	596	130	21.81	37	81	13	0
Pct 9229	VBM	9229	1	596	219	36.74	52	153	14	0
Pct 9231	Election Day	9231	1	919	221	24.05	67	135	19	0
Pct 9231	VBM	9231	1	919	294	31.99	88	170	36	0
Pct 9232	Election Day	9232	1	701	151	21.54	56	86	7	0
Pct 9232	VBM	9232	1	701	274	39.09	75	173	26	0
Pct 9233	Election Day	9233	1	774	139	17.96	23	94	22	0
Pct 9233	VBM	9233	1	774	308	39.79	66	209	33	0
Pct 9234	Election Day	9234	1	731	131	17.92	49	70	13	0
Pct 9234	VBM	9234	1	731	281	38.44	70	180	32	0
Pct 9235	Election Day	9235	1	842	174	20.67	45	104	24	0
Pct 9235	VBM	9235	1	842	298	35.39	72	199	27	0
Pct 9236	Election Day	9236	1	658	130	19.76	37	83	10	0
Pct 9236	VBM	9236	1	658	207	31.46	45	138	24	0
Pct 9237	Election Day	9237	1	880	145	16.48	47	85	13	0
Pct 9237	VBM	9237	1	880	331	37.61	79	230	23	0
Pct 9238	Election Day	9238	1	792	130	16.41	38	78	16	0
Pct 9238	VBM	9238	1	792	271	34.22	60	194	18	0
Pct 9239	Election Day	9239	1	835	117	14.01	32	72	13	0
Pct 9239	VBM	9239	1	835	318	38.08	84	213	25	0
Pct 9241	Election Day	9241	1	961	158	16.44	47	94	16	0
Pct 9241	VBM	9241	1	961	322	33.51	72	219	28	0
Pct 9242	Election Day	9242	1	940	154	16.38	46	83	24	0
Pct 9242	VBM	9242	1	940	300	31.91	81	193	25	1
Pct 9243	Election Day	9243	1	572	135	23.6	36	85	13	1
Pct 9243	VBM	9243	1	572	188	32.87	51	119	16	0
Pct 9244	Election Day	9244	1	880	149	16.93	49	83	16	0
Pct 9244	VBM	9244	1	880	269	30.57	73	170	28	0
Pct 9245	Election Day	9245	1	706	128	18.13	44	70	14	0
Pct 9245	VBM	9245	1	706	226	32.01	57	142	25	0
Pct 9246	Election Day	9246	1	910	139	15.27	37	94	8	0
Pct 9246	VBM	9246	1	910	299	32.86	76	192	31	0
Pct 9247	Election Day	9247	1	936	151	16.13	62	78	12	0
Pct 9247	VBM	9247	1	936	303	32.37	98	179	25	0
Pct 9248	Election Day	9248	1	898	181	20.16	71	89	21	0
Pct 9248	VBM	9248	1	898	282	31.4	94	154	34	0
Pct 9249	Election Day	9249	1	910	187	20.55	54	115	16	1
Pct 9249	VBM	9249	1	910	314	34.51	81	202	30	1
Pct 9251	Election Day	9251	1	946	204	21.56	70	119	16	0
Pct 9251	VBM	9251	1	946	342	36.15	99	204	39	0
Pct 9252	Election Day	9252	1	913	140	15.33	48	82	11	0
Pct 9252	VBM	9252	1	913	352	38.55	125	191	34	0
Pct 9253	Election Day	9253	1	751	138	18.38	51	68	17	0
Pct 9253	VBM	9253	1	751	272	36.22	93	156	24	0
Pct 9254	Election Day	9254	1	889	168	18.9	56	93	19	0
Pct 9254	VBM	9254	1	889	318	35.77	105	191	23	0
Pct 9255	Election Day	9255	1	545	126	23.12	55	61	10	0
Pct 9255	VBM	9255	1	545	128	23.49	42	78	7	0
Pct 9256	Election Day	9256	1	433	77	17.78	29	41	7	0
Pct 9256	VBM	9256	1	433	103	23.79	38	59	8	0
Pct 9257 MB	Election Day	9257	1	312	9	2.88	5	3	1	0
Pct 9257 MB	VBM	9257	1	312	150	48.08	76	66	8	0
Pct 9258	Election Day	9258	1	699	127	18.17	44	71	12	0
Pct 9258	VBM	9258	1	699	244	34.91	84	138	21	0
Pct 9401	Election Day	9401	1	970	194	20	102	73	19	0
Pct 9401	VBM	9401	1	970	293	30.21	129	141	24	0
Pct 9402	Election Day	9402	1	931	197	21.16	98	81	18	0
Pct 9402	VBM	9402	1	931	307	32.98	139	129	39	0
Pct 9403	Election Day	9403	1	853	167	19.58	83	76	9	0
Pct 9403	VBM	9403	1	853	286	33.53	124	135	25	0
Pct 9404	Election Day	9404	1	889	153	17.21	71	64	18	0
Pct 9404	VBM	9404	1	889	320	36	124	148	48	0
Pct 9405	Election Day	9405	1	757	160	21.14	70	78	13	0
Pct 9405	VBM	9405	1	757	245	32.36	111	113	21	0
Pct 9406	Election Day	9406	1	815	179	21.96	75	92	12	0
Pct 9406	VBM	9406	1	815	277	33.99	113	132	30	0
Pct 9407	Election Day	9407	1	861	191	22.18	71	99	21	0
Pct 9407	VBM	9407	1	861	284	32.98	111	147	28	0
Pct 9408	Election Day	9408	1	837	187	22.34	90	75	21	0
Pct 9408	VBM	9408	1	837	246	29.39	132	91	27	0
Pct 9409	Election Day	9409	1	565	140	24.78	71	62	7	0
Pct 9409	VBM	9409	1	565	170	30.09	68	82	20	0
Pct 9411	Election Day	9411	1	936	175	18.7	90	72	14	0
Pct 9411	VBM	9411	1	936	261	27.88	138	101	21	0
Pct 9412	Election Day	9412	1	843	164	19.45	72	82	10	0
Pct 9412	VBM	9412	1	843	285	33.81	112	137	36	1
Pct 9413	Election Day	9413	1	858	172	20.05	75	79	17	2
Pct 9413	VBM	9413	1	858	310	36.13	125	134	50	0
Pct 9414	Election Day	9414	1	862	159	18.45	53	83	22	0
Pct 9414	VBM	9414	1	862	307	35.61	122	147	40	0
Pct 9415	Election Day	9415	1	755	121	16.03	49	63	12	0
Pct 9415	VBM	9415	1	755	284	37.62	127	136	24	0
Pct 9416	Election Day	9416	1	962	198	20.58	73	106	19	0
Pct 9416	VBM	9416	1	962	316	32.85	134	146	38	0
Pct 9417	Election Day	9417	1	714	117	16.39	54	51	10	1
Pct 9417	VBM	9417	1	714	286	40.06	137	125	27	0
Pct 9418	Election Day	9418	1	753	157	20.85	68	71	18	0
Pct 9418	VBM	9418	1	753	269	35.72	114	130	28	0
Pct 9419	Election Day	9419	1	893	167	18.7	62	78	28	0
Pct 9419	VBM	9419	1	893	326	36.51	123	168	33	0
Pct 9421	Election Day	9421	1	878	150	17.08	67	66	18	0
Pct 9421	VBM	9421	1	878	316	35.99	104	171	42	0
Pct 9422	Election Day	9422	1	1010	200	19.8	79	99	21	0
Pct 9422	VBM	9422	1	1010	358	35.45	149	180	30	0
Pct 9423	Election Day	9423	1	853	147	17.23	56	81	10	0
Pct 9423	VBM	9423	1	853	292	34.23	112	143	40	0
Pct 9424	Election Day	9424	1	910	146	16.04	60	67	18	0
Pct 9424	VBM	9424	1	910	331	36.37	141	167	23	0
Pct 9425	Election Day	9425	1	903	136	15.06	52	68	14	0
Pct 9425	VBM	9425	1	903	313	34.66	135	149	29	0
Pct 9426	Election Day	9426	1	801	143	17.85	51	73	20	0
Pct 9426	VBM	9426	1	801	283	35.33	104	141	30	1
Pct 9427	Election Day	9427	1	889	129	14.51	47	69	13	0
Pct 9427	VBM	9427	1	889	333	37.46	143	156	33	0
Pct 9428	Election Day	9428	1	892	122	13.68	45	63	15	0
Pct 9428	VBM	9428	1	892	346	38.79	154	161	33	0
Pct 9429	Election Day	9429	1	866	173	19.98	81	80	12	0
Pct 9429	VBM	9429	1	866	308	35.57	129	153	27	0
Pct 9431	Election Day	9431	1	954	152	15.93	52	85	16	0
Pct 9431	VBM	9431	1	954	352	36.9	120	194	37	0
Pct 9432	Election Day	9432	1	901	155	17.2	59	82	13	1
Pct 9432	VBM	9432	1	901	307	34.07	121	152	33	0
Pct 9433	Election Day	9433	1	912	155	17	57	84	14	0
Pct 9433	VBM	9433	1	912	317	34.76	115	164	38	0
Pct 9434	Election Day	9434	1	963	188	19.52	67	96	26	0
Pct 9434	VBM	9434	1	963	349	36.24	142	180	30	0
Pct 9435	Election Day	9435	1	934	195	20.88	70	101	23	1
Pct 9435	VBM	9435	1	934	320	34.26	150	135	39	0
Pct 9436	Election Day	9436	1	941	161	17.11	57	85	19	0
Pct 9436	VBM	9436	1	941	337	35.81	147	155	39	0
Pct 9437	Election Day	9437	1	873	170	19.47	70	86	14	0
Pct 9437	VBM	9437	1	873	324	37.11	149	144	30	0
Pct 9438	Election Day	9438	1	918	129	14.05	47	71	10	0
Pct 9438	VBM	9438	1	918	336	36.6	152	149	36	0
Pct 9439	Election Day	9439	1	827	126	15.24	48	69	9	0
Pct 9439	VBM	9439	1	827	314	37.97	100	172	44	0
Pct 9441	Election Day	9441	1	939	205	21.83	104	76	26	0
Pct 9441	VBM	9441	1	939	337	35.89	154	155	29	0
Pct 9442	Election Day	9442	1	970	200	20.62	77	110	11	0
Pct 9442	VBM	9442	1	970	325	33.51	130	156	40	1
Pct 9443	Election Day	9443	1	886	138	15.58	54	76	8	0
Pct 9443	VBM	9443	1	886	304	34.31	145	134	25	0
Pct 9444	Election Day	9444	1	901	118	13.1	49	55	17	0
Pct 9444	VBM	9444	1	901	312	34.63	117	165	31	0
Pct 9445	Election Day	9445	1	945	154	16.3	55	89	10	0
Pct 9445	VBM	9445	1	945	342	36.19	150	157	36	0
Pct 9446	Election Day	9446	1	1043	164	15.72	57	88	18	0
Pct 9446	VBM	9446	1	1043	417	39.98	179	196	40	1
Pct 9447	Election Day	9447	1	891	171	19.19	75	84	11	0
Pct 9447	VBM	9447	1	891	327	36.7	123	173	31	0
Pct 9448	Election Day	9448	1	877	159	18.13	74	69	16	0
Pct 9448	VBM	9448	1	877	307	35.01	136	135	40	0
Pct 9449	Election Day	9449	1	784	97	12.37	39	53	6	0
Pct 9449	VBM	9449	1	784	302	38.52	121	143	38	0
Pct 9451	Election Day	9451	1	414	57	13.77	17	34	6	0
Pct 9451	VBM	9451	1	414	154	37.2	55	82	13	0
Pct 9452	Election Day	9452	1	799	175	21.9	54	102	19	0
Pct 9452	VBM	9452	1	799	281	35.17	106	152	23	0
Pct 9453	Election Day	9453	1	488	90	18.44	26	55	9	0
Pct 9453	VBM	9453	1	488	175	35.86	55	108	12	0
Pct 9501 MB	Election Day	9501	1	149	5	3.36	2	3	0	0
Pct 9501 MB	VBM	9501	1	149	71	47.65	26	36	11	0
Pct 9502 MB	Election Day	9502	1	233	10	4.29	5	2	2	1
Pct 9502 MB	VBM	9502	1	233	116	49.79	44	60	13	0
Pct 9503/9504	Election Day	9503	1	725	128	17.66	40	68	20	0
Pct 9503/9504	VBM	9503	1	725	184	25.38	75	89	18	0
Pct 9505	Election Day	9505	1	756	147	19.44	56	72	19	0
Pct 9505	VBM	9505	1	756	274	36.24	110	131	33	0
Pct 9506	Election Day	9506	1	771	134	17.38	62	66	6	0
Pct 9506	VBM	9506	1	771	217	28.15	97	106	12	0
Pct 9507	Election Day	9507	1	733	170	23.19	69	81	20	0
Pct 9507	VBM	9507	1	733	218	29.74	89	114	16	0
Pct 9508	Election Day	9508	1	784	180	22.96	92	72	16	0
Pct 9508	VBM	9508	1	784	258	32.91	96	143	20	0
Pct 9509	Election Day	9509	1	719	165	22.95	63	73	30	0
Pct 9509	VBM	9509	1	719	239	33.24	85	131	24	0
Pct 9511	Election Day	9511	1	600	147	24.5	82	50	17	0
Pct 9511	VBM	9511	1	600	177	29.5	76	84	17	0
Pct 9512	Election Day	9512	1	771	161	20.88	80	65	17	0
Pct 9512	VBM	9512	1	771	251	32.56	112	121	22	0
Pct 9513	Election Day	9513	1	864	200	23.15	83	94	22	0
Pct 9513	VBM	9513	1	864	261	30.21	89	140	29	0
Pct 9514/9522	Election Day	9514	1	869	229	26.35	94	109	25	0
Pct 9514/9522	VBM	9514	1	869	257	29.57	80	154	24	0
Pct 9515	Election Day	9515	1	685	159	23.21	54	91	14	0
Pct 9515	VBM	9515	1	685	243	35.47	102	124	19	0
Pct 9516	Election Day	9516	1	864	206	23.84	104	83	19	0
Pct 9516	VBM	9516	1	864	269	31.13	123	126	19	0
Pct 9517	Election Day	9517	1	768	197	25.65	94	79	23	1
Pct 9517	VBM	9517	1	768	235	30.6	103	111	20	0
Pct 9518	Election Day	9518	1	783	180	22.99	95	78	7	0
Pct 9518	VBM	9518	1	783	242	30.91	103	119	21	0
Pct 9519	Election Day	9519	1	850	217	25.53	87	106	24	0
Pct 9519	VBM	9519	1	850	294	34.59	108	160	26	0
Pct 9521	Election Day	9521	1	893	254	28.44	104	123	27	0
Pct 9521	VBM	9521	1	893	290	32.47	96	170	26	0
Pct 9701	Election Day	9701	1	665	156	23.46	68	78	10	0
Pct 9701	VBM	9701	1	665	235	35.34	100	105	31	0
Pct 9702	Election Day	9702	1	710	194	27.32	85	93	16	0
Pct 9702	VBM	9702	1	710	231	32.54	80	128	22	0
Pct 9703	Election Day	9703	1	931	182	19.55	65	101	17	0
Pct 9703	VBM	9703	1	931	373	40.06	137	197	35	1
Pct 9704	Election Day	9704	1	942	191	20.28	68	106	16	0
Pct 9704	VBM	9704	1	942	354	37.58	114	203	38	0
Pct 9705	Election Day	9705	1	879	208	23.66	75	113	20	0
Pct 9705	VBM	9705	1	879	309	35.15	112	164	34	0
Pct 9706 MB	Election Day	9706	1	51	2	3.92	0	2	0	0
Pct 9706 MB	VBM	9706	1	51	32	62.75	13	17	2	0
Pct 9707	Election Day	9707	1	799	121	15.14	41	74	6	0
Pct 9707	VBM	9707	1	799	355	44.43	140	182	33	0
Pct 9708	Election Day	9708	1	919	193	21	77	91	24	0
Pct 9708	VBM	9708	1	919	324	35.26	131	153	34	0
Pct 9709	Election Day	9709	1	998	196	19.64	63	114	19	0
Pct 9709	VBM	9709	1	998	355	35.57	118	206	34	0
Pct 9711	Election Day	9711	1	625	167	26.72	57	93	17	0
Pct 9711	VBM	9711	1	625	254	40.64	70	164	21	0
Pct 9712	Election Day	9712	1	651	134	20.58	41	87	7	0
Pct 9712	VBM	9712	1	651	288	44.24	92	170	25	0
Pct 9713	Election Day	9713	1	930	161	17.31	48	84	23	0
Pct 9713	VBM	9713	1	930	362	38.92	135	183	43	1
Pct 9714	Election Day	9714	1	911	154	16.9	40	104	10	0
Pct 9714	VBM	9714	1	911	367	40.29	93	249	26	0
Pct 9715	Election Day	9715	1	566	162	28.62	38	108	16	0
Pct 9715	VBM	9715	1	566	218	38.52	52	144	18	0
Pct 9716	Election Day	9716	1	928	198	21.34	71	115	13	0
Pct 9716	VBM	9716	1	928	368	39.66	138	197	28	0
Pct 9717	Election Day	9717	1	967	206	21.3	55	129	22	0
Pct 9717	VBM	9717	1	967	371	38.37	108	229	36	0
Pct 9718	Election Day	9718	1	843	183	21.71	55	114	15	0
Pct 9718	VBM	9718	1	843	385	45.67	109	243	31	0
Pct 9719	Election Day	9719	1	863	186	21.55	51	116	18	0
Pct 9719	VBM	9719	1	863	389	45.08	95	261	31	0
Pct 9721	Election Day	9721	1	653	182	27.87	41	128	14	0
Pct 9721	VBM	9721	1	653	250	38.28	62	171	18	0
Pct 9722	Election Day	9722	1	593	86	14.5	22	60	5	0
Pct 9722	VBM	9722	1	593	269	45.36	70	175	27	0
Pct 9723	Election Day	9723	1	458	74	16.16	15	56	3	0
Pct 9723	VBM	9723	1	458	198	43.23	66	108	23	0
Pct 9724	Election Day	9724	1	950	144	15.16	45	89	10	0
Pct 9724	VBM	9724	1	950	386	40.63	147	216	27	0
Pct 9725	Election Day	9725	1	941	118	12.54	30	74	16	0
Pct 9725	VBM	9725	1	941	350	37.19	98	223	32	0
Pct 9726	Election Day	9726	1	685	83	12.12	46	28	9	0
Pct 9726	VBM	9726	1	685	137	20	58	65	19	0
Pct 9727	Election Day	9727	1	435	60	13.79	16	40	5	0
Pct 9727	VBM	9727	1	435	205	47.13	56	133	13	0
Pct 9728	Election Day	9728	1	906	204	22.52	51	140	15	0
Pct 9728	VBM	9728	1	906	378	41.72	103	251	25	0
Pct 9729	Election Day	9729	1	782	161	20.59	33	116	11	0
Pct 9729	VBM	9729	1	782	304	38.87	77	210	16	0
Pct 9731	Election Day	9731	1	529	138	26.09	39	87	12	0
Pct 9731	VBM	9731	1	529	189	35.73	58	122	8	1
Pct 9732 MB	Election Day	9732	1	73	3	4.11	1	2	0	0
Pct 9732 MB	VBM	9732	1	73	43	58.9	10	29	4	0
Pct 9733 MB	Election Day	9733	1	224	4	1.79	1	3	0	0
Pct 9733 MB	VBM	9733	1	224	146	65.18	42	96	8	0
Pct 9734	Election Day	9734	1	577	122	21.14	29	85	9	0
Pct 9734	VBM	9734	1	577	261	45.23	68	175	20	0
Pct 9735	Election Day	9735	1	782	167	21.36	43	113	10	0
Pct 9735	VBM	9735	1	782	344	43.99	116	203	19	0
Pct 9736	Election Day	9736	1	699	145	20.74	34	98	13	0
Pct 9736	VBM	9736	1	699	305	43.63	93	181	26	0
Pct 9737	Election Day	9737	1	792	175	22.1	58	101	16	0
Pct 9737	VBM	9737	1	792	343	43.31	120	195	28	0
Pct 9738	Election Day	9738	1	830	99	11.93	44	39	16	0
Pct 9738	VBM	9738	1	830	263	31.69	100	137	25	0
Pct 9739	Election Day	9739	1	826	126	15.25	60	55	11	0
Pct 9739	VBM	9739	1	826	193	23.37	88	92	15	0
Pct 9741	Election Day	9741	1	1022	19	1.86	12	5	2	0
Pct 9741	VBM	9741	1	1022	24	2.35	10	11	3	0
Pct 9742	Election Day	9742	1	647	134	20.71	43	77	14	0
Pct 9742	VBM	9742	1	647	187	28.9	67	100	17	0
Pct 9743	Election Day	9743	1	1093	172	15.74	84	67	21	0
Pct 9743	VBM	9743	1	1093	317	29	132	156	28	0
Pct 9744	Election Day	9744	1	902	141	15.63	56	64	20	0
Pct 9744	VBM	9744	1	902	234	25.94	106	108	18	0
Pct 9745	Election Day	9745	1	934	141	15.1	68	63	10	0
Pct 9745	VBM	9745	1	934	205	21.95	77	107	18	1
Pct 9746	Election Day	9746	1	867	192	22.15	46	125	21	0
Pct 9746	VBM	9746	1	867	334	38.52	90	209	35	0
Pct 9747	Election Day	9747	1	940	198	21.06	76	105	17	0
Pct 9747	VBM	9747	1	940	323	34.36	123	155	46	0
Pct 9748	Election Day	9748	1	913	164	17.96	50	101	12	0
Pct 9748	VBM	9748	1	913	342	37.46	135	177	33	0
Pct 9749	Election Day	9749	1	893	143	16.01	54	70	21	0
Pct 9749	VBM	9749	1	893	266	29.79	137	105	20	0
Pct 9751	Election Day	9751	1	977	157	16.07	56	86	16	0
Pct 9751	VBM	9751	1	977	384	39.3	119	228	39	0
Pct 9752	Election Day	9752	1	692	143	20.66	45	78	20	0
Pct 9752	VBM	9752	1	692	305	44.08	116	165	24	0
Pct 9753	Election Day	9753	1	735	148	20.14	58	78	13	0
Pct 9753	VBM	9753	1	735	266	36.19	112	131	24	0
Pct 9754	Election Day	9754	1	701	169	24.11	55	105	9	0
Pct 9754	VBM	9754	1	701	296	42.23	99	174	25	0
Pct 9755	Election Day	9755	1	553	120	21.7	58	54	9	0
Pct 9755	VBM	9755	1	553	201	36.35	73	105	22	0
Pct 9756	Election Day	9756	1	908	126	13.88	47	65	14	0
Pct 9756	VBM	9756	1	908	297	32.71	138	136	18	1
Pct 9801	Election Day	9801	1	399	76	19.05	30	41	6	0
Pct 9801	VBM	9801	1	399	148	37.09	62	73	11	0
Pct 9900 MB	Election Day	9900	1	0	0	0	0	0	0	0
Pct 9900 MB	VBM	9900	1	0	0	0	0	0	0	0
Pct 9901 MB	Election Day	9901	1	0	0	0	0	0	0	0
Pct 9901 MB	VBM	9901	1	0	0	0	0	0	0	0
Pct 9902 MB	Election Day	9902	1	0	0	0	0	0	0	0
Pct 9902 MB	VBM	9902	1	0	0	0	0	0	0	0
