PrecinctName	ReportingType	PrecinctID	Precincts	Registration	Ballots Cast	Turnout (%)	MICHELLE BRAVO	LONDON BREED	MARK LENO	JANE KIM	RICHIE GREENBERG	ANGELA ALIOTO	AMY FARAH WEISS	ELLEN LEE ZHOU	WRITE-IN	WRITE-IN ANTOINE R. ROGERS	Under Vote	Over Vote
Pct 1101	Election Day	1101	1	544	83	15.26	0	19	22	28	1	11	0	0	1	0	1	0
Pct 1101	VBM	1101	1	544	198	36.4	0	53	56	44	7	17	2	17	0	0	1	0
Pct 1102	Election Day	1102	1	964	188	19.5	2	74	36	44	2	23	0	6	1	0	0	0
Pct 1102	VBM	1102	1	964	337	34.96	2	118	81	68	9	35	2	21	0	0	4	0
Pct 1103	Election Day	1103	1	914	163	17.83	0	65	44	34	5	12	1	2	0	0	0	0
Pct 1103	VBM	1103	1	914	348	38.07	1	98	82	76	17	31	3	40	0	0	2	0
Pct 1104/1105	Election Day	1104	1	953	167	17.52	1	44	45	34	10	20	1	12	0	0	0	0
Pct 1104/1105	VBM	1104	1	953	292	30.64	0	80	69	75	5	23	2	34	1	0	3	1
Pct 1106	Election Day	1106	1	740	113	15.27	0	55	22	24	1	8	2	1	0	0	1	0
Pct 1106	VBM	1106	1	740	231	31.22	1	85	42	48	10	19	0	22	1	0	3	0
Pct 1107	Election Day	1107	1	721	101	14.01	1	49	13	28	2	4	1	2	0	0	1	0
Pct 1107	VBM	1107	1	721	240	33.29	2	103	41	37	10	8	1	31	2	0	2	1
Pct 1108	Election Day	1108	1	882	156	17.69	1	75	23	30	3	10	1	8	0	0	4	1
Pct 1108	VBM	1108	1	882	328	37.19	1	147	67	56	4	20	2	27	2	0	0	1
Pct 1109	Election Day	1109	1	758	124	16.36	1	54	20	36	4	3	0	4	0	0	2	0
Pct 1109	VBM	1109	1	758	265	34.96	0	105	54	47	7	8	0	42	0	0	2	1
Pct 1111	Election Day	1111	1	938	132	14.07	0	42	24	32	5	11	3	12	1	0	2	0
Pct 1111	VBM	1111	1	938	330	35.18	0	115	60	66	7	18	8	50	3	0	2	0
Pct 1112	Election Day	1112	1	702	96	13.68	0	39	13	27	0	3	2	10	0	0	3	2
Pct 1112	VBM	1112	1	702	221	31.48	0	74	28	59	12	6	2	37	0	0	1	2
Pct 1113	Election Day	1113	1	701	82	11.7	0	23	15	33	2	3	1	3	0	0	2	0
Pct 1113	VBM	1113	1	701	272	38.8	3	93	35	58	17	17	2	42	0	0	2	6
Pct 1114	Election Day	1114	1	915	139	15.19	1	38	37	34	3	15	4	2	0	0	4	0
Pct 1114	VBM	1114	1	915	280	30.6	11	79	61	70	8	26	3	21	1	0	0	0
Pct 1115	Election Day	1115	1	835	97	11.62	0	37	27	24	0	4	0	5	0	0	1	0
Pct 1115	VBM	1115	1	835	279	33.41	4	116	51	46	4	20	2	35	0	0	3	0
Pct 1116	Election Day	1116	1	842	141	16.75	1	73	15	28	1	14	2	5	1	0	0	1
Pct 1116	VBM	1116	1	842	275	32.66	0	105	46	50	10	11	3	45	1	0	3	1
Pct 1117	Election Day	1117	1	827	138	16.69	2	82	13	27	4	8	1	1	1	0	2	0
Pct 1117	VBM	1117	1	827	240	29.02	2	98	37	40	10	18	0	33	1	0	2	0
Pct 1118	Election Day	1118	1	974	158	16.22	2	64	24	46	2	4	0	15	0	0	0	0
Pct 1118	VBM	1118	1	974	335	34.39	1	142	59	64	1	12	3	50	0	0	4	1
Pct 1119	Election Day	1119	1	745	97	13.02	0	42	18	25	2	6	0	1	1	0	3	0
Pct 1119	VBM	1119	1	745	274	36.78	3	109	65	41	8	23	1	22	0	0	1	0
Pct 1121	Election Day	1121	1	653	104	15.93	1	20	18	29	3	18	0	11	0	0	3	1
Pct 1121	VBM	1121	1	653	221	33.84	2	66	39	44	8	25	3	33	0	0	3	0
Pct 1122	Election Day	1122	1	607	69	11.37	0	18	13	21	2	11	0	2	0	0	2	0
Pct 1122	VBM	1122	1	607	213	35.09	0	66	38	47	4	14	2	35	0	0	7	0
Pct 1123	Election Day	1123	1	876	118	13.47	1	64	16	27	1	5	0	5	0	0	0	0
Pct 1123	VBM	1123	1	876	254	29	4	96	39	41	12	14	3	48	0	0	0	0
Pct 1124	Election Day	1124	1	773	109	14.1	4	47	18	24	2	6	1	3	0	0	3	1
Pct 1124	VBM	1124	1	773	200	25.87	1	82	21	44	3	10	1	38	0	0	0	1
Pct 1125	Election Day	1125	1	987	80	8.11	2	33	12	26	1	4	1	0	1	0	0	1
Pct 1125	VBM	1125	1	987	329	33.33	5	96	74	54	11	35	2	45	3	0	4	2
Pct 1126	Election Day	1126	1	900	92	10.22	0	32	28	21	1	7	0	3	0	0	1	1
Pct 1126	VBM	1126	1	900	292	32.44	4	100	59	67	9	24	0	25	1	0	3	0
Pct 1127	Election Day	1127	1	875	141	16.11	1	45	29	39	4	14	1	4	1	0	2	0
Pct 1127	VBM	1127	1	875	277	31.66	2	87	44	61	18	20	1	34	0	0	6	3
Pct 1128	Election Day	1128	1	813	104	12.79	0	29	15	26	3	19	1	8	1	0	2	0
Pct 1128	VBM	1128	1	813	246	30.26	0	68	47	53	10	27	2	35	0	0	1	3
Pct 1129	Election Day	1129	1	924	120	12.99	0	41	22	35	1	14	1	4	1	0	2	0
Pct 1129	VBM	1129	1	924	274	29.65	2	67	54	65	5	34	0	41	0	0	5	0
Pct 1131	Election Day	1131	1	783	85	10.86	1	16	21	26	4	12	0	4	0	0	1	0
Pct 1131	VBM	1131	1	783	288	36.78	2	100	53	56	15	25	0	40	0	0	1	0
Pct 1132	Election Day	1132	1	910	112	12.31	1	36	19	29	4	15	1	4	2	0	0	0
Pct 1132	VBM	1132	1	910	324	35.6	4	104	64	51	13	30	2	50	0	0	5	1
Pct 1133	Election Day	1133	1	826	99	11.99	0	33	20	28	4	7	1	6	0	0	0	0
Pct 1133	VBM	1133	1	826	292	35.35	2	107	55	53	14	34	1	20	0	0	6	1
Pct 1134	Election Day	1134	1	727	126	17.33	2	37	29	40	0	13	2	2	0	0	0	1
Pct 1134	VBM	1134	1	727	241	33.15	1	70	42	56	5	22	1	36	2	0	4	1
Pct 1135	Election Day	1135	1	511	71	13.89	0	28	15	18	3	3	1	4	0	0	0	0
Pct 1135	VBM	1135	1	511	217	42.47	3	65	56	36	7	17	1	28	1	0	3	0
Pct 1136	Election Day	1136	1	807	97	12.02	1	40	19	17	0	10	0	7	1	0	2	0
Pct 1136	VBM	1136	1	807	287	35.56	0	92	56	51	17	31	1	33	1	0	4	1
Pct 1141	Election Day	1141	1	998	149	14.93	2	47	33	43	5	12	0	6	0	0	1	0
Pct 1141	VBM	1141	1	998	368	36.87	0	110	84	99	12	23	1	39	1	0	1	0
Pct 1142	Election Day	1142	1	822	120	14.6	1	34	36	33	1	8	0	5	0	0	3	0
Pct 1142	VBM	1142	1	822	266	32.36	1	69	77	61	8	24	0	26	1	0	0	0
Pct 1143	Election Day	1143	1	989	147	14.86	1	31	40	51	2	15	2	3	1	0	2	0
Pct 1143	VBM	1143	1	989	311	31.45	4	95	58	73	14	26	2	33	1	0	3	2
Pct 1144	Election Day	1144	1	870	148	17.01	1	43	29	51	5	15	1	2	0	0	0	1
Pct 1144	VBM	1144	1	870	264	30.34	4	83	41	72	6	26	0	30	0	0	3	0
Pct 1145	Election Day	1145	1	879	136	15.47	0	44	32	46	3	8	0	2	0	0	0	0
Pct 1145	VBM	1145	1	879	370	42.09	3	108	103	77	7	37	3	30	0	0	2	1
Pct 1146	Election Day	1146	1	971	124	12.77	2	38	22	44	1	9	1	6	0	0	1	0
Pct 1146	VBM	1146	1	971	326	33.57	0	112	62	81	1	31	4	29	1	0	2	4
Pct 1147	Election Day	1147	1	853	166	19.46	0	49	42	48	0	14	2	6	1	0	2	0
Pct 1147	VBM	1147	1	853	279	32.71	2	70	63	68	7	37	4	22	0	0	1	5
Pct 1148	Election Day	1148	1	918	121	13.18	1	31	24	30	4	19	0	6	0	0	4	2
Pct 1148	VBM	1148	1	918	314	34.2	2	87	64	53	10	39	4	48	0	0	3	1
Pct 1149	Election Day	1149	1	873	148	16.95	1	36	29	54	0	21	1	4	1	0	3	0
Pct 1149	VBM	1149	1	873	285	32.65	3	83	40	88	7	33	3	25	0	0	5	2
Pct 1151 MB	Election Day	1151	1	0	0	0	0	0	0	0	0	0	0	0	0	0	0	0
Pct 1151 MB	VBM	1151	1	0	0	0	0	0	0	0	0	0	0	0	0	0	0	0
Pct 1152	Election Day	1152	1	838	125	14.92	0	33	19	39	7	16	4	2	3	0	3	0
Pct 1152	VBM	1152	1	838	286	34.13	1	94	48	51	4	42	3	36	0	0	7	0
Pct 1153	Election Day	1153	1	909	139	15.29	2	52	17	39	2	9	2	13	0	0	3	0
Pct 1153	VBM	1153	1	909	306	33.66	3	104	53	68	5	28	1	41	1	0	2	1
Pct 1154 MB	Election Day	1154	1	0	0	0	0	0	0	0	0	0	0	0	0	0	0	0
Pct 1154 MB	VBM	1154	1	0	0	0	0	0	0	0	0	0	0	0	0	0	0	0
Pct 7001	Election Day	7001	1	735	119	16.19	0	38	30	43	1	6	2	0	0	0	0	0
Pct 7001	VBM	7001	1	735	266	36.19	3	98	55	61	10	20	4	10	0	0	1	3
Pct 7002	Election Day	7002	1	641	132	20.59	0	42	31	50	0	5	1	1	0	0	1	1
Pct 7002	VBM	7002	1	641	173	26.99	1	62	41	41	3	20	4	0	1	0	2	0
Pct 7003	Election Day	7003	1	864	188	21.76	0	63	49	58	3	11	1	0	0	0	3	1
Pct 7003	VBM	7003	1	864	340	39.35	2	135	100	77	5	17	0	1	0	0	3	0
Pct 7004	Election Day	7004	1	835	175	20.96	0	70	49	41	1	4	1	4	0	0	2	0
Pct 7004	VBM	7004	1	835	306	36.65	0	121	82	76	9	7	2	5	1	0	2	0
Pct 7005	Election Day	7005	1	812	180	22.17	0	62	45	62	1	8	1	0	0	0	1	0
Pct 7005	VBM	7005	1	812	295	36.33	1	106	94	71	2	11	2	3	1	0	2	2
Pct 7006	Election Day	7006	1	884	213	24.1	3	53	52	81	5	10	6	1	0	0	2	0
Pct 7006	VBM	7006	1	884	290	32.81	1	81	63	104	3	28	3	2	1	0	6	0
Pct 7007	Election Day	7007	1	916	233	25.44	1	83	63	69	1	14	2	0	1	0	1	1
Pct 7007	VBM	7007	1	916	323	35.26	0	110	89	87	7	22	0	0	1	0	5	1
Pct 7008	Election Day	7008	1	861	187	21.72	0	70	58	48	2	5	1	0	0	0	2	1
Pct 7008	VBM	7008	1	861	345	40.07	0	141	103	68	2	21	0	3	0	0	6	0
Pct 7009	Election Day	7009	1	864	133	15.39	0	47	27	49	4	4	0	3	0	0	1	0
Pct 7009	VBM	7009	1	864	312	36.11	2	103	88	78	9	12	2	11	0	0	6	2
Pct 7011	Election Day	7011	1	976	141	14.45	0	68	32	29	1	6	1	0	0	0	0	2
Pct 7011	VBM	7011	1	976	205	21	1	87	59	41	2	12	1	2	0	0	0	0
Pct 7012	Election Day	7012	1	1061	224	21.11	0	76	64	53	9	15	2	2	0	0	3	0
Pct 7012	VBM	7012	1	1061	383	36.1	0	144	107	98	8	14	3	6	1	0	2	1
Pct 7013	Election Day	7013	1	805	132	16.4	0	59	33	30	0	6	2	1	0	0	1	0
Pct 7013	VBM	7013	1	805	251	31.18	0	116	47	57	5	13	2	8	0	0	3	0
Pct 7014	Election Day	7014	1	1213	188	15.5	0	82	40	50	4	9	1	0	1	0	2	0
Pct 7014	VBM	7014	1	1213	434	35.78	0	177	107	108	8	19	5	4	1	0	4	0
Pct 7015 MB	Election Day	7015	1	93	0	0	0	0	0	0	0	0	0	0	0	0	0	0
Pct 7015 MB	VBM	7015	1	93	34	36.56	0	12	9	10	1	2	0	0	0	0	0	0
Pct 7016	Election Day	7016	1	891	112	12.57	0	65	16	16	1	8	0	4	0	0	1	1
Pct 7016	VBM	7016	1	891	221	24.8	0	109	27	30	0	12	4	33	1	0	4	2
Pct 7017	Election Day	7017	1	734	79	10.76	0	67	2	4	0	3	0	0	0	0	1	1
Pct 7017	VBM	7017	1	734	167	22.75	0	118	22	12	1	6	0	5	0	0	4	0
Pct 7018	Election Day	7018	1	908	88	9.69	1	42	21	17	0	3	0	5	0	0	1	0
Pct 7018	VBM	7018	1	908	343	37.78	2	153	40	58	7	23	2	52	1	0	2	1
Pct 7019	Election Day	7019	1	864	111	12.85	2	78	11	13	1	5	0	1	0	0	0	0
Pct 7019	VBM	7019	1	864	349	40.39	1	186	68	42	8	14	1	30	1	0	1	0
Pct 7021	Election Day	7021	1	927	129	13.92	2	78	8	29	2	5	1	3	0	0	1	1
Pct 7021	VBM	7021	1	927	220	23.73	3	104	29	43	2	19	6	12	0	0	2	1
Pct 7022	Election Day	7022	1	923	164	17.77	0	110	18	28	3	5	0	1	0	0	0	1
Pct 7022	VBM	7022	1	923	270	29.25	0	148	44	48	3	9	1	14	0	0	2	1
Pct 7023	Election Day	7023	1	906	131	14.46	1	91	13	17	4	3	0	0	1	0	0	0
Pct 7023	VBM	7023	1	906	301	33.22	0	180	34	51	3	14	1	13	1	2	3	2
Pct 7024	Election Day	7024	1	386	30	7.77	1	23	2	1	0	0	0	3	0	0	0	0
Pct 7024	VBM	7024	1	386	47	12.18	0	30	3	5	1	1	2	4	0	0	0	1
Pct 7025	Election Day	7025	1	448	66	14.73	0	45	7	9	1	3	0	0	0	0	0	0
Pct 7025	VBM	7025	1	448	78	17.41	0	48	7	12	1	5	1	1	0	0	0	2
Pct 7026	Election Day	7026	1	971	90	9.27	0	44	11	13	1	7	0	14	0	0	0	0
Pct 7026	VBM	7026	1	971	350	36.05	1	142	50	50	6	20	3	71	0	0	8	1
Pct 7027	Election Day	7027	1	845	136	16.09	0	91	15	17	2	8	0	0	0	0	3	0
Pct 7027	VBM	7027	1	845	271	32.07	1	139	28	43	10	9	2	37	1	0	0	1
Pct 7028	Election Day	7028	1	835	157	18.8	0	111	21	18	1	4	0	0	0	0	2	0
Pct 7028	VBM	7028	1	835	180	21.56	2	96	30	28	0	6	0	18	0	0	0	3
Pct 7029	Election Day	7029	1	855	115	13.45	2	101	3	4	2	2	1	0	1	0	0	0
Pct 7029	VBM	7029	1	855	166	19.42	1	111	14	22	1	6	0	10	0	1	0	1
Pct 7030	Election Day	7030	1	729	94	12.89	0	43	9	20	1	8	0	15	0	0	0	0
Pct 7030	VBM	7030	1	729	277	38	3	74	47	55	3	11	4	75	0	0	4	0
Pct 7031	Election Day	7031	1	611	50	8.18	0	31	7	7	0	2	0	3	0	0	0	0
Pct 7031	VBM	7031	1	611	224	36.66	2	92	44	32	8	8	1	36	0	0	1	2
Pct 7032	Election Day	7032	1	867	126	14.53	1	90	12	15	0	4	0	2	0	0	2	0
Pct 7032	VBM	7032	1	867	238	27.45	0	137	37	26	4	10	0	22	0	0	1	0
Pct 7033	Election Day	7033	1	765	135	17.65	1	91	10	17	1	9	2	2	1	0	1	0
Pct 7033	VBM	7033	1	765	181	23.66	1	118	17	22	3	14	0	7	1	0	0	0
Pct 7034	Election Day	7034	1	914	97	10.61	1	76	8	3	1	1	0	3	0	0	3	1
Pct 7034	VBM	7034	1	914	154	16.85	0	131	8	6	2	6	1	1	0	0	0	0
Pct 7035	Election Day	7035	1	553	73	13.2	0	44	13	10	0	4	1	1	0	0	0	0
Pct 7035	VBM	7035	1	553	170	30.74	1	99	33	18	3	8	1	5	0	0	1	0
Pct 7036	Election Day	7036	1	898	52	5.79	2	24	7	10	1	4	0	4	0	0	0	0
Pct 7036	VBM	7036	1	898	265	29.51	6	92	41	40	7	33	0	43	2	0	1	0
Pct 7037	Election Day	7037	1	730	73	10	1	56	7	6	1	1	0	0	0	0	1	0
Pct 7037	VBM	7037	1	730	64	8.77	0	32	10	8	3	2	0	7	0	0	0	0
Pct 7038	Election Day	7038	1	880	84	9.55	3	55	11	4	1	5	2	2	0	0	1	0
Pct 7038	VBM	7038	1	880	255	28.98	1	111	51	36	5	16	1	28	1	0	6	0
Pct 7039	Election Day	7039	1	768	111	14.45	3	41	17	24	2	11	1	12	0	0	1	0
Pct 7039	VBM	7039	1	768	225	29.3	0	98	40	29	8	16	1	28	0	0	5	2
Pct 7041 MB	Election Day	7041	1	60	0	0	0	0	0	0	0	0	0	0	0	0	0	0
Pct 7041 MB	VBM	7041	1	60	24	40	0	4	3	10	1	0	0	3	0	0	3	0
Pct 7042	Election Day	7042	1	632	75	11.87	2	34	6	18	1	6	1	7	1	0	0	0
Pct 7042	VBM	7042	1	632	191	30.22	1	85	31	32	3	14	0	22	0	0	2	0
Pct 7043	Election Day	7043	1	915	97	10.6	0	59	8	20	0	5	2	1	0	0	2	0
Pct 7043	VBM	7043	1	915	282	30.82	3	108	57	50	5	22	1	31	0	0	3	2
Pct 7044	Election Day	7044	1	805	86	10.68	0	69	2	7	0	4	0	3	0	0	0	0
Pct 7044	VBM	7044	1	805	125	15.53	2	68	13	20	4	3	0	17	0	0	1	0
Pct 7045	Election Day	7045	1	763	87	11.4	0	40	8	22	2	5	2	6	0	0	2	0
Pct 7045	VBM	7045	1	763	282	36.96	2	114	42	37	7	13	2	63	0	0	1	1
Pct 7046	Election Day	7046	1	385	54	14.03	0	31	11	5	1	2	0	3	0	0	1	0
Pct 7046	VBM	7046	1	385	136	35.32	0	64	10	17	5	12	1	26	0	0	1	1
Pct 7047	Election Day	7047	1	781	68	8.71	0	37	13	13	0	3	0	2	0	0	1	0
Pct 7047	VBM	7047	1	781	298	38.16	2	125	45	63	3	23	1	34	1	0	0	1
Pct 7048	Election Day	7048	1	815	94	11.53	0	59	8	16	1	7	0	2	0	0	1	0
Pct 7048	VBM	7048	1	815	248	30.43	1	138	18	48	2	12	1	30	0	0	0	1
Pct 7049	Election Day	7049	1	751	108	14.38	1	40	14	18	1	15	0	16	1	0	2	0
Pct 7049	VBM	7049	1	751	241	32.09	4	87	36	46	6	14	1	45	0	0	4	0
Pct 7051	Election Day	7051	1	839	70	8.34	0	25	13	23	2	5	0	1	1	0	0	1
Pct 7051	VBM	7051	1	839	302	36	1	120	40	50	7	19	2	57	0	0	2	2
Pct 7052	Election Day	7052	1	806	120	14.89	0	52	25	18	3	11	0	12	0	0	0	0
Pct 7052	VBM	7052	1	806	278	34.49	0	108	53	42	13	18	1	44	0	0	0	0
Pct 7053	Election Day	7053	1	548	44	8.03	0	21	9	9	2	0	1	2	0	0	0	0
Pct 7053	VBM	7053	1	548	205	37.41	0	85	51	30	8	15	0	13	1	0	4	0
Pct 7054	Election Day	7054	1	1024	141	13.77	2	94	11	26	1	5	0	1	0	0	0	1
Pct 7054	VBM	7054	1	1024	275	26.86	0	157	36	33	6	22	1	18	0	0	3	1
Pct 7055	Election Day	7055	1	699	83	11.87	0	36	8	32	1	5	0	1	0	0	1	0
Pct 7055	VBM	7055	1	699	256	36.62	0	94	41	48	6	10	1	54	1	0	1	0
Pct 7101 MB	Election Day	7101	1	141	2	1.42	0	0	1	0	0	0	0	0	0	0	0	0
Pct 7101 MB	VBM	7101	1	141	83	58.87	0	39	14	24	1	3	1	0	0	0	0	1
Pct 7201	Election Day	7201	1	900	147	16.33	1	67	32	18	1	26	0	1	0	0	1	0
Pct 7201	VBM	7201	1	900	333	37	1	118	74	73	18	43	1	0	1	0	6	0
Pct 7202	Election Day	7202	1	830	138	16.63	1	44	31	32	4	23	1	0	0	0	2	0
Pct 7202	VBM	7202	1	830	271	32.65	0	126	54	29	12	44	1	5	1	0	1	0
Pct 7203	Election Day	7203	1	867	174	20.07	0	66	50	35	3	13	1	0	0	0	5	0
Pct 7203	VBM	7203	1	867	243	28.03	0	98	74	36	6	25	0	2	0	0	2	0
Pct 7204	Election Day	7204	1	888	157	17.68	0	67	39	26	4	17	0	0	0	0	2	2
Pct 7204	VBM	7204	1	888	340	38.29	0	159	95	45	9	26	0	5	1	0	3	0
Pct 7205	Election Day	7205	1	847	183	21.61	0	71	58	30	6	14	2	1	0	0	1	0
Pct 7205	VBM	7205	1	847	309	36.48	0	107	99	48	10	34	0	0	2	0	6	2
Pct 7206	Election Day	7206	1	375	88	23.47	0	38	17	24	0	8	0	1	0	0	0	0
Pct 7206	VBM	7206	1	375	124	33.07	0	67	27	12	8	6	2	0	0	0	3	0
Pct 7207	Election Day	7207	1	744	119	15.99	0	48	29	23	5	10	0	1	0	0	3	0
Pct 7207	VBM	7207	1	744	231	31.05	1	108	53	41	5	17	1	3	0	0	1	0
Pct 7208	Election Day	7208	1	567	76	13.4	0	22	28	22	2	1	0	1	0	0	0	0
Pct 7208	VBM	7208	1	567	206	36.33	0	80	41	37	15	26	1	0	0	0	4	0
Pct 7209	Election Day	7209	1	586	69	11.77	0	36	15	9	3	2	0	4	0	0	0	0
Pct 7209	VBM	7209	1	586	326	55.63	1	160	90	35	8	25	1	4	0	0	3	1
Pct 7301	Election Day	7301	1	1002	150	14.97	0	65	20	37	3	18	2	2	0	0	2	2
Pct 7301	VBM	7301	1	1002	299	29.84	1	108	57	63	24	18	2	17	0	0	8	1
Pct 7302	Election Day	7302	1	806	121	15.01	0	35	25	29	7	13	2	7	0	0	3	0
Pct 7302	VBM	7302	1	806	352	43.67	2	141	84	54	21	27	1	18	1	0	3	1
Pct 7303	Election Day	7303	1	986	167	16.94	0	44	46	47	1	20	2	5	0	0	4	0
Pct 7303	VBM	7303	1	986	318	32.25	1	123	89	52	7	36	1	6	0	0	4	1
Pct 7304	Election Day	7304	1	972	203	20.88	0	67	46	54	6	23	1	2	1	0	3	0
Pct 7304	VBM	7304	1	972	330	33.95	1	116	97	57	12	31	4	6	2	0	3	1
Pct 7305	Election Day	7305	1	851	171	20.09	0	43	44	55	7	15	1	2	0	0	4	0
Pct 7305	VBM	7305	1	851	306	35.96	0	127	72	52	12	37	0	2	1	0	2	2
Pct 7306	Election Day	7306	1	1014	179	17.65	0	52	41	49	6	20	0	6	0	0	3	1
Pct 7306	VBM	7306	1	1014	302	29.78	2	102	75	71	7	27	1	13	2	0	3	1
Pct 7307	Election Day	7307	1	726	143	19.7	1	53	43	35	1	7	0	1	1	0	1	0
Pct 7307	VBM	7307	1	726	226	31.13	0	67	53	48	9	34	2	10	0	0	1	1
Pct 7308	Election Day	7308	1	598	133	22.24	1	46	36	33	3	12	1	1	0	0	0	0
Pct 7308	VBM	7308	1	598	204	34.11	1	79	69	31	8	16	1	0	0	0	3	0
Pct 7309	Election Day	7309	1	826	160	19.37	1	54	40	43	6	14	0	0	0	0	2	0
Pct 7309	VBM	7309	1	826	209	25.3	0	70	64	44	6	19	1	0	0	0	2	0
Pct 7311	Election Day	7311	1	901	175	19.42	2	62	55	34	5	13	0	3	0	0	1	0
Pct 7311	VBM	7311	1	901	266	29.52	0	86	86	59	4	19	1	4	2	0	4	1
Pct 7312	Election Day	7312	1	810	128	15.8	0	52	40	18	5	10	1	1	0	0	1	0
Pct 7312	VBM	7312	1	810	332	40.99	0	136	88	52	9	27	2	6	1	0	6	4
Pct 7313	Election Day	7313	1	925	135	14.59	1	42	33	39	0	13	2	0	0	0	5	0
Pct 7313	VBM	7313	1	925	315	34.05	0	103	83	61	16	27	1	17	0	0	8	1
Pct 7314	Election Day	7314	1	760	92	12.11	1	24	23	23	2	4	0	11	1	0	2	0
Pct 7314	VBM	7314	1	760	213	28.03	0	68	43	58	5	6	0	35	0	0	2	0
Pct 7315	Election Day	7315	1	725	119	16.41	0	23	34	47	1	7	1	3	0	0	2	1
Pct 7315	VBM	7315	1	725	178	24.55	0	58	47	38	3	13	2	15	1	0	2	0
Pct 7316	Election Day	7316	1	824	122	14.81	2	25	34	37	3	11	1	3	1	0	2	3
Pct 7316	VBM	7316	1	824	266	32.28	0	78	51	83	6	17	1	27	0	0	3	1
Pct 7317	Election Day	7317	1	886	117	13.21	0	33	31	38	2	10	1	2	0	0	1	0
Pct 7317	VBM	7317	1	886	340	38.37	1	114	98	66	14	25	1	15	0	0	3	2
Pct 7318	Election Day	7318	1	709	123	17.35	0	39	28	35	4	12	1	2	0	0	2	0
Pct 7318	VBM	7318	1	709	243	34.27	0	81	62	63	5	9	0	22	0	0	2	1
Pct 7319	Election Day	7319	1	1035	182	17.58	0	66	42	46	7	13	2	5	0	0	0	2
Pct 7319	VBM	7319	1	1035	296	28.6	1	113	64	66	15	21	2	9	0	0	4	1
Pct 7321	Election Day	7321	1	644	100	15.53	0	29	21	32	2	9	0	6	0	0	2	0
Pct 7321	VBM	7321	1	644	211	32.76	0	62	52	45	4	13	1	32	0	0	0	1
Pct 7322	Election Day	7322	1	859	60	6.98	0	24	7	16	1	3	0	8	0	0	1	0
Pct 7322	VBM	7322	1	859	304	35.39	2	78	67	91	4	6	0	57	0	0	2	3
Pct 7323	Election Day	7323	1	881	146	16.57	0	53	40	27	3	11	2	6	1	0	1	1
Pct 7323	VBM	7323	1	881	273	30.99	0	86	84	51	13	18	0	14	1	0	7	0
Pct 7324	Election Day	7324	1	687	125	18.2	0	31	29	37	4	13	1	6	0	0	4	0
Pct 7324	VBM	7324	1	687	198	28.82	0	70	48	48	6	11	0	14	1	0	1	1
Pct 7325	Election Day	7325	1	870	150	17.24	1	56	33	42	3	9	1	2	0	0	2	1
Pct 7325	VBM	7325	1	870	276	31.72	0	103	54	73	7	21	2	10	1	0	5	0
Pct 7326	Election Day	7326	1	853	150	17.58	0	38	36	59	3	4	0	6	0	0	3	1
Pct 7326	VBM	7326	1	853	256	30.01	1	87	50	72	9	11	0	25	0	0	4	0
Pct 7327	Election Day	7327	1	684	62	9.06	0	14	13	24	0	5	0	5	0	0	1	0
Pct 7327	VBM	7327	1	684	277	40.5	0	78	51	83	4	8	2	53	1	0	1	1
Pct 7328	Election Day	7328	1	950	70	7.37	0	18	18	20	0	6	0	6	0	0	1	1
Pct 7328	VBM	7328	1	950	391	41.16	0	122	78	110	9	13	0	57	0	0	2	2
Pct 7329	Election Day	7329	1	610	71	11.64	0	22	13	17	8	10	2	0	0	0	0	0
Pct 7329	VBM	7329	1	610	205	33.61	0	76	42	39	16	22	1	11	0	0	1	1
Pct 7331	Election Day	7331	1	860	130	15.12	0	38	35	28	5	21	2	0	1	0	0	0
Pct 7331	VBM	7331	1	860	357	41.51	3	117	132	34	23	35	0	1	3	0	8	1
Pct 7332	Election Day	7332	1	799	154	19.27	0	36	43	58	0	11	1	0	1	0	4	0
Pct 7332	VBM	7332	1	799	209	26.16	1	66	45	63	5	13	2	12	0	0	3	0
Pct 7333	Election Day	7333	1	974	174	17.86	0	58	43	59	5	5	1	2	0	0	1	0
Pct 7333	VBM	7333	1	974	323	33.16	1	102	80	90	11	17	3	12	2	0	4	0
Pct 7334	Election Day	7334	1	854	113	13.23	0	30	26	41	0	9	2	2	1	0	2	0
Pct 7334	VBM	7334	1	854	275	32.2	2	89	90	58	6	16	1	7	2	0	5	1
Pct 7335	Election Day	7335	1	936	144	15.38	0	44	45	43	5	4	0	2	0	0	0	1
Pct 7335	VBM	7335	1	936	354	37.82	0	135	91	65	25	30	0	5	2	0	2	3
Pct 7336	Election Day	7336	1	920	155	16.85	0	53	42	42	4	11	0	1	0	0	1	0
Pct 7336	VBM	7336	1	920	324	35.22	0	114	94	48	17	36	5	4	0	0	3	2
Pct 7337	Election Day	7337	1	825	115	13.94	1	37	27	39	1	7	0	1	1	0	2	0
Pct 7337	VBM	7337	1	825	305	36.97	0	121	82	66	10	14	2	9	0	0	1	0
Pct 7338	Election Day	7338	1	884	100	11.31	0	29	26	31	2	4	1	3	0	0	2	1
Pct 7338	VBM	7338	1	884	364	41.18	0	117	78	84	8	19	2	64	0	0	1	0
Pct 7339	Election Day	7339	1	618	111	17.96	0	32	32	30	3	9	0	0	2	0	3	0
Pct 7339	VBM	7339	1	618	181	29.29	0	64	63	36	3	6	3	6	0	0	0	1
Pct 7341	Election Day	7341	1	877	124	14.14	1	34	34	44	2	4	2	2	0	0	1	0
Pct 7341	VBM	7341	1	877	246	28.05	1	86	73	56	7	13	5	2	0	0	4	0
Pct 7342	Election Day	7342	1	911	234	25.69	1	70	70	68	3	13	0	1	0	0	3	2
Pct 7342	VBM	7342	1	911	251	27.55	0	80	75	64	7	8	6	4	2	0	4	1
Pct 7343	Election Day	7343	1	707	144	20.37	2	38	38	52	3	6	0	0	0	0	5	0
Pct 7343	VBM	7343	1	707	186	26.31	0	44	59	59	9	8	2	3	0	0	2	0
Pct 7344	Election Day	7344	1	1039	179	17.23	0	56	43	57	6	10	4	1	1	0	2	1
Pct 7344	VBM	7344	1	1039	334	32.15	3	103	92	90	14	21	3	9	0	0	0	0
Pct 7345	Election Day	7345	1	1077	183	16.99	0	55	46	70	6	4	1	1	0	0	0	0
Pct 7345	VBM	7345	1	1077	283	26.28	1	93	80	73	8	16	2	2	1	0	3	2
Pct 7346	Election Day	7346	1	877	168	19.16	0	33	47	65	3	14	2	2	0	0	2	0
Pct 7346	VBM	7346	1	877	221	25.2	1	65	71	54	5	18	6	2	0	0	0	0
Pct 7347	Election Day	7347	1	968	137	14.15	0	36	45	45	1	6	2	0	0	0	0	1
Pct 7347	VBM	7347	1	968	279	28.82	0	89	84	79	5	21	2	1	1	0	1	0
Pct 7348	Election Day	7348	1	832	139	16.71	0	35	34	53	3	8	1	3	0	0	2	0
Pct 7348	VBM	7348	1	832	202	24.28	0	61	50	61	10	10	1	3	1	0	3	1
Pct 7349	Election Day	7349	1	921	147	15.96	2	39	38	50	7	5	2	2	0	0	2	1
Pct 7349	VBM	7349	1	921	282	30.62	0	80	80	80	11	17	2	9	1	0	2	1
Pct 7501	Election Day	7501	1	554	118	21.3	0	67	25	13	2	8	0	0	0	0	4	0
Pct 7501	VBM	7501	1	554	168	30.32	0	77	40	22	11	14	1	1	1	0	0	0
Pct 7502	Election Day	7502	1	741	113	15.25	1	46	23	30	3	9	0	0	0	0	1	0
Pct 7502	VBM	7502	1	741	349	47.1	7	148	81	80	16	23	1	1	0	0	1	2
Pct 7503	Election Day	7503	1	727	132	18.16	1	49	33	25	3	15	1	2	0	0	1	0
Pct 7503	VBM	7503	1	727	226	31.09	0	94	53	49	14	13	1	0	1	0	2	0
Pct 7504	Election Day	7504	1	484	76	15.7	0	34	8	31	0	3	0	0	0	0	0	0
Pct 7504	VBM	7504	1	484	158	32.64	1	57	36	52	5	3	0	3	0	0	0	0
Pct 7505	Election Day	7505	1	871	131	15.04	0	46	45	28	4	6	0	2	0	0	0	0
Pct 7505	VBM	7505	1	871	417	47.88	4	133	156	65	11	29	1	11	2	0	4	3
Pct 7506	Election Day	7506	1	920	133	14.46	1	76	17	34	3	2	0	0	0	0	1	0
Pct 7506	VBM	7506	1	920	252	27.39	1	131	50	39	11	11	2	3	0	0	4	0
Pct 7507	Election Day	7507	1	919	158	17.19	0	82	29	27	1	6	2	5	1	0	4	1
Pct 7507	VBM	7507	1	919	255	27.75	0	107	42	62	2	16	2	21	1	0	1	1
Pct 7508	Election Day	7508	1	702	106	15.1	1	29	34	24	2	4	2	6	1	0	3	0
Pct 7508	VBM	7508	1	702	340	48.43	1	115	81	66	18	26	1	18	2	0	6	3
Pct 7509/7511	Election Day	7509	1	909	171	18.81	1	57	57	35	1	16	2	1	0	0	1	1
Pct 7509/7511	VBM	7509	1	909	319	35.09	4	110	122	59	7	12	1	4	1	0	0	0
Pct 7512	Election Day	7512	1	604	96	15.89	1	38	18	24	9	3	0	1	0	0	2	0
Pct 7512	VBM	7512	1	604	196	32.45	0	68	44	36	27	12	0	5	0	0	1	2
Pct 7513	Election Day	7513	1	790	142	17.97	0	70	22	40	3	5	0	1	0	0	0	1
Pct 7513	VBM	7513	1	790	208	26.33	1	83	37	53	10	7	3	8	2	0	2	3
Pct 7514	Election Day	7514	1	863	95	11.01	0	85	6	9	0	1	0	1	0	0	1	0
Pct 7514	VBM	7514	1	863	235	27.23	2	151	16	43	4	6	0	13	0	0	1	1
Pct 7515	Election Day	7515	1	845	150	17.75	0	91	17	29	2	4	1	3	0	0	2	1
Pct 7515	VBM	7515	1	845	289	34.2	1	150	33	74	5	9	2	10	0	0	3	1
Pct 7516	Election Day	7516	1	886	145	16.37	0	53	37	32	4	14	1	1	0	0	2	1
Pct 7516	VBM	7516	1	886	378	42.66	1	137	114	70	18	24	0	17	1	0	2	0
Pct 7517	Election Day	7517	1	863	228	26.42	0	80	52	86	7	2	1	0	1	0	0	0
Pct 7517	VBM	7517	1	863	251	29.08	0	94	64	75	2	16	0	0	0	0	1	1
Pct 7518	Election Day	7518	1	939	235	25.03	0	69	62	91	1	10	0	0	0	0	2	0
Pct 7518	VBM	7518	1	939	298	31.74	0	109	79	85	5	16	3	2	0	0	1	0
Pct 7519	Election Day	7519	1	726	179	24.66	1	42	36	87	3	7	3	0	0	0	0	0
Pct 7519	VBM	7519	1	726	185	25.48	0	78	37	57	3	6	1	0	0	0	1	2
Pct 7521	Election Day	7521	1	802	211	26.31	0	65	55	71	4	7	3	2	0	0	4	0
Pct 7521	VBM	7521	1	802	215	26.81	1	90	49	65	1	6	2	1	0	0	2	0
Pct 7522	Election Day	7522	1	743	175	23.55	0	73	35	61	2	3	0	0	0	0	2	0
Pct 7522	VBM	7522	1	743	240	32.3	0	109	53	73	1	4	0	0	0	0	1	0
Pct 7523	Election Day	7523	1	737	208	28.22	1	52	52	91	4	6	1	0	0	0	1	0
Pct 7523	VBM	7523	1	737	223	30.26	0	96	56	61	3	3	1	0	0	0	4	1
Pct 7524	Election Day	7524	1	646	143	22.14	0	71	36	26	1	6	2	0	0	0	0	0
Pct 7524	VBM	7524	1	646	165	25.54	1	84	37	33	0	5	1	2	0	0	0	1
Pct 7525	Election Day	7525	1	779	145	18.61	0	76	18	44	1	6	0	0	0	0	0	0
Pct 7525	VBM	7525	1	779	214	27.47	0	102	47	48	2	9	3	2	0	0	1	0
Pct 7526	Election Day	7526	1	947	197	20.8	1	73	47	61	3	4	3	3	0	0	1	0
Pct 7526	VBM	7526	1	947	313	33.05	0	118	93	78	5	10	2	2	2	0	0	0
Pct 7527/7528	Election Day	7527	1	729	162	22.22	0	49	35	51	7	5	5	4	0	0	6	2
Pct 7527/7528	VBM	7527	1	729	237	32.51	2	98	42	64	7	9	5	5	0	0	3	2
Pct 7529	Election Day	7529	1	925	214	23.14	0	60	64	76	1	10	2	1	0	0	0	1
Pct 7529	VBM	7529	1	925	300	32.43	0	106	84	86	9	5	3	1	0	0	3	2
Pct 7531	Election Day	7531	1	847	179	21.13	0	64	39	65	1	4	4	0	0	0	3	0
Pct 7531	VBM	7531	1	847	263	31.05	0	102	58	86	6	3	2	0	0	0	4	0
Pct 7532	Election Day	7532	1	823	172	20.9	1	63	45	43	9	6	0	3	0	0	0	2
Pct 7532	VBM	7532	1	823	226	27.46	0	96	59	47	7	10	1	6	0	0	0	1
Pct 7533	Election Day	7533	1	951	268	28.18	0	80	70	108	1	5	2	0	1	0	1	1
Pct 7533	VBM	7533	1	951	297	31.23	1	104	58	104	10	13	3	0	1	0	0	1
Pct 7534	Election Day	7534	1	883	241	27.29	1	73	55	98	1	3	5	0	0	0	4	0
Pct 7534	VBM	7534	1	883	240	27.18	0	83	61	69	6	17	3	1	0	0	1	0
Pct 7535	Election Day	7535	1	743	201	27.05	1	70	50	69	2	7	2	0	0	0	0	1
Pct 7535	VBM	7535	1	743	251	33.78	0	89	54	85	4	8	1	4	0	0	2	2
Pct 7536	Election Day	7536	1	856	206	24.07	0	56	66	61	1	12	6	0	0	0	4	0
Pct 7536	VBM	7536	1	856	279	32.59	1	106	68	82	3	14	2	1	0	0	2	2
Pct 7537	Election Day	7537	1	734	187	25.48	0	56	48	71	1	6	4	0	0	0	1	0
Pct 7537	VBM	7537	1	734	225	30.65	0	74	59	74	3	10	3	0	0	0	0	1
Pct 7538	Election Day	7538	1	757	223	29.46	0	69	57	83	2	6	3	0	0	0	3	0
Pct 7538	VBM	7538	1	757	256	33.82	0	97	76	67	6	7	4	0	0	0	2	0
Pct 7539	Election Day	7539	1	884	250	28.28	0	82	52	104	3	6	0	0	0	0	2	0
Pct 7539	VBM	7539	1	884	286	32.35	0	115	62	90	4	12	4	0	0	0	1	1
Pct 7541	Election Day	7541	1	791	215	27.18	0	65	59	80	3	3	2	1	1	0	1	0
Pct 7541	VBM	7541	1	791	245	30.97	1	95	66	66	0	11	3	2	0	0	2	0
Pct 7542	Election Day	7542	1	787	183	23.25	1	57	48	73	0	3	0	0	0	0	1	0
Pct 7542	VBM	7542	1	787	247	31.39	0	94	61	75	4	3	7	0	1	0	5	1
Pct 7543	Election Day	7543	1	910	187	20.55	0	77	36	61	2	8	2	1	0	0	0	0
Pct 7543	VBM	7543	1	910	332	36.48	2	126	107	81	4	8	4	0	0	0	1	2
Pct 7544	Election Day	7544	1	877	186	21.21	0	69	51	58	0	5	2	1	0	0	0	0
Pct 7544	VBM	7544	1	877	331	37.74	1	118	102	86	3	13	2	3	0	0	3	2
Pct 7545	Election Day	7545	1	877	179	20.41	0	43	53	68	3	10	1	0	0	0	1	0
Pct 7545	VBM	7545	1	877	291	33.18	0	107	89	68	8	13	0	2	0	0	4	0
Pct 7546	Election Day	7546	1	913	219	23.99	1	83	64	57	2	6	3	0	1	0	2	0
Pct 7546	VBM	7546	1	913	310	33.95	0	135	80	83	2	9	0	0	0	0	0	0
Pct 7547	Election Day	7547	1	987	244	24.72	0	87	60	90	1	3	2	0	0	0	1	0
Pct 7547	VBM	7547	1	987	322	32.62	0	129	74	98	2	8	6	0	0	0	1	0
Pct 7548	Election Day	7548	1	1054	236	22.39	1	94	45	83	0	9	1	1	0	0	1	0
Pct 7548	VBM	7548	1	1054	345	32.73	0	139	97	86	5	13	3	0	0	0	1	1
Pct 7549	Election Day	7549	1	785	165	21.02	0	47	50	60	2	3	0	1	1	0	0	2
Pct 7549	VBM	7549	1	785	281	35.8	0	95	73	77	5	11	2	12	2	0	1	0
Pct 7551	Election Day	7551	1	705	199	28.23	0	81	44	56	4	7	4	0	0	0	2	0
Pct 7551	VBM	7551	1	705	240	34.04	0	109	39	86	1	5	0	1	1	0	0	0
Pct 7552	Election Day	7552	1	718	191	26.6	1	75	51	62	0	0	1	0	0	0	1	0
Pct 7552	VBM	7552	1	718	232	32.31	0	104	64	52	2	11	0	0	0	0	1	0
Pct 7553 MB	Election Day	7553	1	171	5	2.92	0	3	1	1	0	0	0	0	0	0	0	0
Pct 7553 MB	VBM	7553	1	171	87	50.88	0	33	28	20	3	1	0	0	0	0	1	0
Pct 7554	Election Day	7554	1	785	179	22.8	0	87	44	41	0	6	0	1	0	0	1	0
Pct 7554	VBM	7554	1	785	323	41.15	0	171	93	43	3	9	2	1	0	0	2	0
Pct 7555	Election Day	7555	1	847	242	28.57	0	113	68	47	3	8	0	0	0	0	1	2
Pct 7555	VBM	7555	1	847	304	35.89	1	119	90	73	3	12	1	0	1	0	5	0
Pct 7556/7557	Election Day	7556	1	961	223	23.2	1	89	78	42	5	9	0	0	0	0	0	0
Pct 7556/7557	VBM	7556	1	961	422	43.91	1	200	120	77	6	15	0	0	0	0	2	1
Pct 7601	Election Day	7601	1	744	128	17.2	0	38	34	35	3	14	2	2	0	0	0	2
Pct 7601	VBM	7601	1	744	185	24.87	0	43	51	46	3	17	3	11	5	0	1	3
Pct 7602	Election Day	7602	1	880	147	16.7	1	37	41	47	3	10	3	3	0	0	1	2
Pct 7602	VBM	7602	1	880	243	27.61	2	71	62	68	9	13	4	9	0	0	1	5
Pct 7603	Election Day	7603	1	826	152	18.4	0	24	39	76	4	5	0	2	0	0	1	2
Pct 7603	VBM	7603	1	826	215	26.03	0	57	67	60	4	10	5	9	1	0	3	0
Pct 7604	Election Day	7604	1	906	133	14.68	2	32	25	51	4	11	4	1	2	0	1	1
Pct 7604	VBM	7604	1	906	233	25.72	2	71	61	73	12	10	2	3	1	0	1	0
Pct 7605	Election Day	7605	1	651	77	11.83	1	27	19	21	1	5	1	1	0	0	1	0
Pct 7605	VBM	7605	1	651	155	23.81	0	38	39	43	3	13	7	7	0	0	3	1
Pct 7606	Election Day	7606	1	895	127	14.19	0	42	31	38	4	6	1	2	1	0	0	0
Pct 7606	VBM	7606	1	895	212	23.69	3	68	49	71	4	10	1	2	2	0	3	0
Pct 7607	Election Day	7607	1	955	120	12.57	0	32	29	44	1	9	1	2	0	0	2	0
Pct 7607	VBM	7607	1	955	265	27.75	1	65	80	83	11	12	2	11	0	0	2	2
Pct 7608	Election Day	7608	1	388	46	11.86	2	13	14	9	0	6	0	2	0	0	0	0
Pct 7608	VBM	7608	1	388	119	30.67	0	38	22	24	5	10	3	16	0	0	0	1
Pct 7609	Election Day	7609	1	916	101	11.03	0	28	17	38	0	6	1	7	0	0	3	1
Pct 7609	VBM	7609	1	916	297	32.42	4	79	69	83	7	16	4	28	2	0	6	1
Pct 7611	Election Day	7611	1	756	76	10.05	0	25	16	24	1	4	0	4	1	0	0	1
Pct 7611	VBM	7611	1	756	204	26.98	1	73	41	44	6	16	1	15	0	0	4	0
Pct 7612	Election Day	7612	1	574	76	13.24	0	16	20	17	0	5	1	13	0	0	2	2
Pct 7612	VBM	7612	1	574	210	36.59	1	64	41	40	13	14	0	34	0	0	2	0
Pct 7613	Election Day	7613	1	887	140	15.78	0	42	30	52	2	9	1	1	0	0	3	0
Pct 7613	VBM	7613	1	887	215	24.24	2	73	43	59	2	16	3	8	1	0	4	2
Pct 7614	Election Day	7614	1	1015	123	12.12	0	45	23	38	5	9	2	0	1	0	3	0
Pct 7614	VBM	7614	1	1015	238	23.45	4	64	68	61	7	22	5	3	1	0	0	2
Pct 7615	Election Day	7615	1	832	108	12.98	0	30	25	33	1	8	2	5	2	0	0	2
Pct 7615	VBM	7615	1	832	170	20.43	0	61	32	46	1	11	1	15	1	0	3	0
Pct 7616	Election Day	7616	1	951	129	13.56	1	56	34	29	2	6	0	0	0	0	1	0
Pct 7616	VBM	7616	1	951	331	34.81	1	156	92	63	5	10	5	0	0	0	0	0
Pct 7617	Election Day	7617	1	751	84	11.19	1	29	20	17	2	13	0	2	0	0	1	1
Pct 7617	VBM	7617	1	751	223	29.69	1	78	52	56	5	18	0	12	0	0	0	3
Pct 7618	Election Day	7618	1	866	123	14.2	0	35	43	37	2	1	1	3	0	0	1	0
Pct 7618	VBM	7618	1	866	272	31.41	0	86	89	64	8	8	4	9	2	0	2	0
Pct 7619	Election Day	7619	1	993	154	15.51	0	47	37	54	4	5	1	5	0	0	2	0
Pct 7619	VBM	7619	1	993	308	31.02	1	103	65	90	9	18	3	16	0	0	5	1
Pct 7621	Election Day	7621	1	1132	163	14.4	1	63	33	48	6	8	3	2	0	0	0	0
Pct 7621	VBM	7621	1	1132	346	30.57	0	129	75	101	9	25	2	4	0	0	3	0
Pct 7622	Election Day	7622	1	964	99	10.27	0	36	20	26	1	8	1	1	0	0	5	0
Pct 7622	VBM	7622	1	964	193	20.02	1	53	48	56	7	20	3	0	0	0	3	3
Pct 7623	Election Day	7623	1	712	122	17.13	0	30	22	55	1	11	0	1	0	0	1	1
Pct 7623	VBM	7623	1	712	196	27.53	2	52	49	64	6	9	3	8	0	0	0	1
Pct 7624	Election Day	7624	1	905	104	11.49	0	35	25	26	3	12	1	1	1	0	1	0
Pct 7624	VBM	7624	1	905	195	21.55	1	61	33	70	3	19	3	4	0	0	0	1
Pct 7625	Election Day	7625	1	821	73	8.89	0	27	17	16	1	7	0	5	0	0	0	0
Pct 7625	VBM	7625	1	821	415	50.55	2	151	83	75	8	18	3	68	0	0	6	2
Pct 7626	Election Day	7626	1	1081	128	11.84	0	52	26	32	6	7	1	0	0	0	3	0
Pct 7626	VBM	7626	1	1081	361	33.4	0	136	103	61	21	26	0	8	2	0	4	1
Pct 7627	Election Day	7627	1	1075	116	10.79	0	44	25	24	9	10	1	0	0	0	2	0
Pct 7627	VBM	7627	1	1075	319	29.67	0	130	84	38	29	25	2	3	2	0	7	1
Pct 7628	Election Day	7628	1	906	156	17.22	0	51	42	47	3	8	2	0	0	0	1	2
Pct 7628	VBM	7628	1	906	267	29.47	3	86	80	66	1	21	3	4	0	0	1	2
Pct 7629	Election Day	7629	1	805	108	13.42	0	32	32	40	0	2	0	0	1	0	1	0
Pct 7629	VBM	7629	1	805	206	25.59	1	71	57	44	9	13	2	3	3	0	5	0
Pct 7631	Election Day	7631	1	1085	146	13.46	1	49	30	50	1	10	1	3	0	0	2	1
Pct 7631	VBM	7631	1	1085	339	31.24	1	117	90	75	18	25	2	3	1	0	5	1
Pct 7632	Election Day	7632	1	965	167	17.31	0	56	57	46	2	4	1	0	0	0	0	0
Pct 7632	VBM	7632	1	965	286	29.64	0	98	88	71	8	15	2	1	0	0	2	1
Pct 7633	Election Day	7633	1	702	90	12.82	0	26	23	24	4	9	0	2	1	0	1	0
Pct 7633	VBM	7633	1	702	253	36.04	0	95	58	48	6	15	2	26	0	0	2	1
Pct 7634	Election Day	7634	1	859	120	13.97	1	34	27	27	3	15	2	6	0	0	4	0
Pct 7634	VBM	7634	1	859	291	33.88	0	111	73	56	13	25	1	9	0	0	1	2
Pct 7635	Election Day	7635	1	782	89	11.38	0	26	34	23	2	2	1	0	0	0	0	0
Pct 7635	VBM	7635	1	782	242	30.95	1	115	54	41	7	16	2	1	0	0	4	2
Pct 7636	Election Day	7636	1	920	134	14.57	0	61	27	31	4	7	0	2	0	0	3	0
Pct 7636	VBM	7636	1	920	251	27.28	0	112	62	41	14	18	1	0	0	0	2	0
Pct 7637	Election Day	7637	1	732	89	12.16	2	37	13	24	4	7	0	2	0	0	0	0
Pct 7637	VBM	7637	1	732	249	34.02	1	114	69	39	8	8	2	4	2	0	3	0
Pct 7638	Election Day	7638	1	1365	129	9.45	0	67	17	27	8	5	0	0	0	0	4	0
Pct 7638	VBM	7638	1	1365	492	36.04	0	232	106	66	37	36	1	5	3	0	6	0
Pct 7639	Election Day	7639	1	962	110	11.43	0	55	22	20	5	4	0	2	0	0	1	0
Pct 7639	VBM	7639	1	962	319	33.16	1	140	83	50	9	16	2	6	1	0	10	2
Pct 7641	Election Day	7641	1	931	114	12.24	1	46	29	20	7	11	0	0	0	0	0	0
Pct 7641	VBM	7641	1	931	374	40.17	0	142	102	56	32	16	3	20	1	0	4	0
Pct 7642	Election Day	7642	1	909	84	9.24	0	47	11	17	1	6	0	0	0	0	2	0
Pct 7642	VBM	7642	1	909	268	29.48	1	157	37	36	12	12	3	1	0	0	8	1
Pct 7643	Election Day	7643	1	871	99	11.37	0	37	27	23	1	3	1	4	0	0	3	0
Pct 7643	VBM	7643	1	871	355	40.76	0	132	81	74	10	26	1	27	0	0	3	1
Pct 7644	Election Day	7644	1	1082	156	14.42	4	80	21	35	2	8	0	4	0	0	1	0
Pct 7644	VBM	7644	1	1082	291	26.89	0	126	56	67	6	14	2	12	1	0	6	0
Pct 7645	Election Day	7645	1	631	63	9.98	0	30	9	12	3	4	1	0	3	0	1	0
Pct 7645	VBM	7645	1	631	241	38.19	0	108	74	30	8	21	1	1	0	0	1	1
Pct 7646	Election Day	7646	1	1035	110	10.63	0	43	18	37	0	6	2	1	0	0	3	0
Pct 7646	VBM	7646	1	1035	326	31.5	1	155	66	73	9	15	1	2	0	0	3	0
Pct 7647	Election Day	7647	1	1027	107	10.42	1	34	17	36	5	11	0	1	1	0	1	0
Pct 7647	VBM	7647	1	1027	185	18.01	1	73	47	49	0	8	3	1	0	0	3	1
Pct 7648 MB	Election Day	7648	1	2	0	0	0	0	0	0	0	0	0	0	0	0	0	0
Pct 7648 MB	VBM	7648	1	2	0	0	0	0	0	0	0	0	0	0	0	0	0	0
Pct 7649	Election Day	7649	1	877	97	11.06	1	42	17	26	0	6	4	1	0	0	0	0
Pct 7649	VBM	7649	1	877	234	26.68	1	83	55	46	4	20	2	16	0	0	2	3
Pct 7651	Election Day	7651	1	555	48	8.65	0	33	5	3	2	2	1	0	1	0	0	0
Pct 7651	VBM	7651	1	555	155	27.93	0	69	40	27	6	7	1	5	0	0	1	0
Pct 7652	Election Day	7652	1	580	68	11.72	0	30	12	16	1	7	0	1	0	0	1	0
Pct 7652	VBM	7652	1	580	163	28.1	1	68	44	35	5	6	0	5	1	0	0	1
Pct 7653	Election Day	7653	1	1092	137	12.55	2	57	24	36	2	9	1	2	0	0	2	0
Pct 7653	VBM	7653	1	1092	321	29.4	1	174	50	63	8	16	1	6	0	0	1	1
Pct 7701	Election Day	7701	1	1012	225	22.23	0	72	59	68	6	13	1	0	0	0	6	0
Pct 7701	VBM	7701	1	1012	383	37.85	1	149	98	84	10	26	2	4	1	0	8	1
Pct 7702	Election Day	7702	1	704	117	16.62	0	44	24	24	3	17	0	4	0	0	1	0
Pct 7702	VBM	7702	1	704	302	42.9	0	113	92	44	15	29	1	3	0	0	4	1
Pct 7703 MB	Election Day	7703	1	172	0	0	0	0	0	0	0	0	0	0	0	0	0	0
Pct 7703 MB	VBM	7703	1	172	66	38.37	1	24	16	11	2	6	2	2	1	0	1	1
Pct 7704	Election Day	7704	1	977	208	21.29	2	81	47	49	8	18	1	1	0	0	1	0
Pct 7704	VBM	7704	1	977	396	40.53	2	157	99	55	14	50	1	10	1	0	5	0
Pct 7705	Election Day	7705	1	547	123	22.49	0	49	42	14	2	10	0	1	2	0	2	0
Pct 7705	VBM	7705	1	547	227	41.5	1	92	65	30	11	21	0	3	2	0	2	0
Pct 7706	Election Day	7706	1	821	189	23.02	0	70	52	34	10	21	0	0	1	0	1	0
Pct 7706	VBM	7706	1	821	341	41.53	2	147	95	51	12	30	0	0	2	0	3	0
Pct 7707	Election Day	7707	1	839	200	23.84	0	75	48	38	6	21	2	5	1	0	2	0
Pct 7707	VBM	7707	1	839	379	45.17	0	145	115	58	9	41	2	3	1	0	5	0
Pct 7708	Election Day	7708	1	860	181	21.05	1	74	55	26	8	13	2	0	0	0	2	0
Pct 7708	VBM	7708	1	860	400	46.51	0	159	122	65	11	32	2	7	0	0	3	0
Pct 7709	Election Day	7709	1	383	85	22.19	0	18	23	32	2	5	0	3	0	0	1	0
Pct 7709	VBM	7709	1	383	174	45.43	0	58	47	46	5	11	2	3	0	0	1	0
Pct 7711	Election Day	7711	1	772	162	20.98	1	51	50	43	1	13	1	1	0	0	1	0
Pct 7711	VBM	7711	1	772	344	44.56	0	143	79	74	15	27	2	4	1	0	1	1
Pct 7712	Election Day	7712	1	524	131	25	0	44	32	39	4	6	2	1	0	0	1	1
Pct 7712	VBM	7712	1	524	230	43.89	0	93	57	52	6	10	0	11	0	0	1	1
Pct 7801	Election Day	7801	1	970	230	23.71	0	84	83	47	1	10	1	0	1	0	3	0
Pct 7801	VBM	7801	1	970	424	43.71	1	158	155	81	5	21	2	1	0	0	4	1
Pct 7802	Election Day	7802	1	762	205	26.9	2	87	71	33	1	9	1	0	0	0	2	0
Pct 7802	VBM	7802	1	762	313	41.08	0	115	115	54	8	15	1	0	2	0	4	1
Pct 7803	Election Day	7803	1	823	143	17.38	0	47	50	30	3	11	0	0	0	0	2	0
Pct 7803	VBM	7803	1	823	412	50.06	1	129	200	46	12	14	2	4	0	0	5	0
Pct 7804	Election Day	7804	1	891	236	26.49	0	72	105	45	2	7	1	1	0	0	3	0
Pct 7804	VBM	7804	1	891	394	44.22	0	150	164	63	6	5	3	1	1	0	1	1
Pct 7805	Election Day	7805	1	785	176	22.42	0	41	70	54	0	4	1	1	0	0	3	0
Pct 7805	VBM	7805	1	785	348	44.33	0	111	163	50	6	10	3	0	0	0	4	1
Pct 7806	Election Day	7806	1	699	163	23.32	1	48	53	54	0	4	1	0	0	0	1	0
Pct 7806	VBM	7806	1	699	283	40.49	0	102	107	57	5	9	0	1	0	0	2	0
Pct 7807	Election Day	7807	1	796	228	28.64	0	68	105	47	2	6	0	0	0	0	1	0
Pct 7807	VBM	7807	1	796	273	34.3	0	90	113	62	4	4	1	0	0	0	0	0
Pct 7808	Election Day	7808	1	655	178	27.18	2	60	66	44	1	2	0	1	0	0	2	0
Pct 7808	VBM	7808	1	655	243	37.1	1	71	86	66	3	12	0	0	1	0	1	1
Pct 7809	Election Day	7809	1	742	160	21.56	0	45	55	51	1	5	0	0	0	0	3	1
Pct 7809	VBM	7809	1	742	267	35.98	1	88	91	72	2	5	2	2	1	0	1	0
Pct 7811	Election Day	7811	1	726	186	25.62	0	46	55	70	2	6	4	3	0	0	1	0
Pct 7811	VBM	7811	1	726	243	33.47	0	70	78	80	4	4	3	2	0	0	0	1
Pct 7812	Election Day	7812	1	843	207	24.56	1	55	64	69	5	7	2	4	0	0	1	0
Pct 7812	VBM	7812	1	843	292	34.64	2	111	93	60	5	10	2	2	1	0	4	3
Pct 7813	Election Day	7813	1	988	251	25.4	1	68	89	86	1	5	0	0	0	0	2	0
Pct 7813	VBM	7813	1	988	362	36.64	2	119	134	82	1	16	2	0	0	0	3	2
Pct 7814	Election Day	7814	1	892	173	19.39	2	55	35	63	6	5	1	4	0	0	1	1
Pct 7814	VBM	7814	1	892	223	25	1	64	62	75	2	8	2	7	1	0	1	2
Pct 7815	Election Day	7815	1	914	178	19.47	0	49	81	36	1	8	2	1	0	0	1	0
Pct 7815	VBM	7815	1	914	407	44.53	1	149	176	69	3	6	1	1	0	0	2	0
Pct 7816	Election Day	7816	1	858	202	23.54	2	60	79	44	3	9	4	0	0	0	0	0
Pct 7816	VBM	7816	1	858	390	45.45	0	119	214	32	5	15	1	1	0	0	2	1
Pct 7817	Election Day	7817	1	795	215	27.04	0	55	101	53	1	4	2	0	0	0	0	0
Pct 7817	VBM	7817	1	795	309	38.87	0	92	138	69	0	8	0	0	0	0	2	0
Pct 7818	Election Day	7818	1	823	172	20.9	0	42	58	58	2	9	1	1	0	0	2	0
Pct 7818	VBM	7818	1	823	335	40.7	0	104	134	77	3	13	1	2	0	0	2	1
Pct 7819	Election Day	7819	1	760	169	22.24	0	44	51	62	2	3	2	2	0	0	1	2
Pct 7819	VBM	7819	1	760	297	39.08	1	92	97	71	7	18	2	5	0	0	2	0
Pct 7821	Election Day	7821	1	947	229	24.18	0	71	91	56	3	4	3	0	0	0	2	0
Pct 7821	VBM	7821	1	947	439	46.36	0	148	192	63	10	14	4	0	3	0	2	1
Pct 7822	Election Day	7822	1	927	244	26.32	0	47	133	51	5	5	1	1	0	0	1	0
Pct 7822	VBM	7822	1	927	343	37	0	99	173	41	4	14	3	1	1	0	6	0
Pct 7823	Election Day	7823	1	857	237	27.65	0	65	108	58	0	6	0	0	0	0	0	0
Pct 7823	VBM	7823	1	857	347	40.49	0	122	155	48	5	11	6	1	0	0	0	0
Pct 7824	Election Day	7824	1	756	170	22.49	0	55	61	38	1	11	1	0	2	0	1	0
Pct 7824	VBM	7824	1	756	274	36.24	0	99	102	56	2	6	4	2	0	0	2	1
Pct 7825	Election Day	7825	1	580	160	27.59	0	37	56	55	1	4	1	1	0	0	3	1
Pct 7825	VBM	7825	1	580	215	37.07	0	60	75	57	4	10	3	1	0	0	1	3
Pct 7826	Election Day	7826	1	665	214	32.18	0	64	59	79	2	8	1	0	0	0	1	1
Pct 7826	VBM	7826	1	665	194	29.17	1	60	62	57	3	9	1	0	0	0	3	0
Pct 7827	Election Day	7827	1	828	199	24.03	1	39	49	94	2	10	1	1	0	0	2	0
Pct 7827	VBM	7827	1	828	252	30.43	3	80	52	91	5	9	3	8	0	0	1	0
Pct 7828	Election Day	7828	1	976	205	21	0	67	80	47	2	9	0	0	0	0	0	0
Pct 7828	VBM	7828	1	976	397	40.68	0	122	178	70	5	16	3	1	2	0	0	0
Pct 7829	Election Day	7829	1	882	199	22.56	1	70	79	42	2	3	0	1	0	0	1	0
Pct 7829	VBM	7829	1	882	391	44.33	0	129	180	57	5	16	3	1	0	0	1	0
Pct 7831	Election Day	7831	1	828	202	24.4	0	67	86	41	1	2	3	0	0	0	0	1
Pct 7831	VBM	7831	1	828	369	44.57	0	128	178	39	5	12	4	0	1	0	2	0
Pct 7832	Election Day	7832	1	781	162	20.74	0	72	50	31	0	8	1	1	0	0	0	0
Pct 7832	VBM	7832	1	781	343	43.92	0	115	144	63	2	12	2	1	0	0	4	1
Pct 7833	Election Day	7833	1	745	182	24.43	0	46	56	74	3	2	0	0	0	0	1	0
Pct 7833	VBM	7833	1	745	271	36.38	1	91	62	96	5	12	4	0	1	0	0	0
Pct 7834	Election Day	7834	1	836	225	26.91	0	70	60	81	2	8	2	0	0	0	3	0
Pct 7834	VBM	7834	1	836	288	34.45	1	95	70	98	4	8	1	4	0	0	7	1
Pct 7835	Election Day	7835	1	808	175	21.66	1	45	65	46	2	7	3	1	2	0	3	0
Pct 7835	VBM	7835	1	808	338	41.83	0	108	151	49	7	23	0	1	1	0	0	1
Pct 7836	Election Day	7836	1	979	199	20.33	0	56	77	47	1	16	2	0	0	0	0	0
Pct 7836	VBM	7836	1	979	421	43	3	114	192	74	8	25	0	1	1	0	1	1
Pct 7837	Election Day	7837	1	883	237	26.84	1	78	79	66	1	6	2	1	0	0	2	0
Pct 7837	VBM	7837	1	883	339	38.39	1	119	131	57	3	20	1	0	0	0	3	1
Pct 7838	Election Day	7838	1	891	210	23.57	0	86	73	42	2	4	1	2	0	0	0	0
Pct 7838	VBM	7838	1	891	413	46.35	0	138	185	66	4	12	0	0	1	0	7	0
Pct 7839	Election Day	7839	1	830	172	20.72	0	51	66	45	2	6	1	0	0	0	2	0
Pct 7839	VBM	7839	1	830	389	46.87	0	143	156	63	8	14	2	1	0	0	1	2
Pct 7841	Election Day	7841	1	898	240	26.73	1	78	75	70	0	5	4	1	2	0	4	0
Pct 7841	VBM	7841	1	898	353	39.31	0	125	144	61	1	15	4	0	1	0	1	0
Pct 7842	Election Day	7842	1	873	214	24.51	0	70	47	83	0	8	3	0	1	0	1	1
Pct 7842	VBM	7842	1	873	308	35.28	3	98	74	102	9	16	3	0	0	0	1	1
Pct 7843	Election Day	7843	1	751	182	24.23	0	60	47	68	2	3	1	0	2	0	0	0
Pct 7843	VBM	7843	1	751	267	35.55	1	88	75	78	6	8	3	5	0	0	2	0
Pct 7844	Election Day	7844	1	635	160	25.2	0	43	45	58	3	5	2	0	0	0	4	0
Pct 7844	VBM	7844	1	635	245	38.58	1	73	60	95	3	8	0	1	1	0	3	1
Pct 7845	Election Day	7845	1	803	202	25.16	1	59	82	42	2	13	0	0	0	0	3	0
Pct 7845	VBM	7845	1	803	314	39.1	2	121	127	49	1	10	0	2	0	0	4	0
Pct 7846	Election Day	7846	1	871	221	25.37	0	75	83	46	2	9	2	1	1	0	1	1
Pct 7846	VBM	7846	1	871	330	37.89	1	126	114	57	8	17	0	0	2	0	2	1
Pct 7847	Election Day	7847	1	878	207	23.58	0	58	77	56	3	10	1	3	0	0	1	0
Pct 7847	VBM	7847	1	878	358	40.77	1	116	138	75	6	17	1	0	0	0	4	2
Pct 7848	Election Day	7848	1	838	209	24.94	0	64	82	51	1	11	1	0	0	0	0	0
Pct 7848	VBM	7848	1	838	346	41.29	1	149	97	78	6	13	0	2	1	0	1	1
Pct 7849	Election Day	7849	1	904	237	26.22	1	72	76	74	2	8	2	1	0	0	1	1
Pct 7849	VBM	7849	1	904	353	39.05	1	143	113	79	7	9	1	1	0	0	0	1
Pct 7851	Election Day	7851	1	493	118	23.94	1	46	28	20	6	10	3	2	1	0	1	0
Pct 7851	VBM	7851	1	493	204	41.38	0	90	65	25	9	5	0	6	3	0	1	0
Pct 7852	Election Day	7852	1	634	104	16.4	1	26	59	6	4	5	0	0	0	0	2	1
Pct 7852	VBM	7852	1	634	303	47.79	0	92	126	46	10	19	4	4	0	0	3	0
Pct 7853	Election Day	7853	1	837	180	21.51	0	60	76	30	0	9	1	1	1	0	1	1
Pct 7853	VBM	7853	1	837	333	39.78	2	129	117	51	6	19	0	1	0	0	7	0
Pct 7854	Election Day	7854	1	874	216	24.71	1	72	68	56	4	13	2	0	0	0	1	0
Pct 7854	VBM	7854	1	874	346	39.59	0	143	107	63	5	20	1	2	0	0	5	1
Pct 7855	Election Day	7855	1	949	259	27.29	0	89	93	65	1	10	0	0	0	0	1	0
Pct 7855	VBM	7855	1	949	359	37.83	1	140	91	87	7	24	5	4	0	0	6	0
Pct 7856	Election Day	7856	1	790	204	25.82	0	62	76	52	1	8	0	1	0	0	2	0
Pct 7856	VBM	7856	1	790	312	39.49	0	124	90	74	2	16	1	3	0	0	2	1
Pct 7857	Election Day	7857	1	913	225	24.64	0	69	52	88	2	8	3	0	1	0	2	0
Pct 7857	VBM	7857	1	913	350	38.34	2	119	84	113	7	19	2	1	0	0	4	0
Pct 7858	Election Day	7858	1	743	192	25.84	2	44	50	82	1	8	1	0	0	0	3	1
Pct 7858	VBM	7858	1	743	252	33.92	0	80	62	96	0	8	2	0	0	0	2	2
Pct 7859	Election Day	7859	1	879	219	24.91	2	87	56	53	1	15	1	0	1	0	3	0
Pct 7859	VBM	7859	1	879	352	40.05	1	162	101	50	13	17	0	3	0	0	5	1
Pct 7861	Election Day	7861	1	835	184	22.04	0	62	61	51	2	5	0	1	2	0	0	0
Pct 7861	VBM	7861	1	835	367	43.95	1	134	129	71	3	21	4	1	0	0	3	0
Pct 7862	Election Day	7862	1	850	237	27.88	1	75	88	53	6	10	3	1	0	0	0	0
Pct 7862	VBM	7862	1	850	323	38	0	135	92	68	6	15	2	2	0	0	4	2
Pct 7863	Election Day	7863	1	870	237	27.24	0	74	71	75	5	10	0	1	0	0	0	0
Pct 7863	VBM	7863	1	870	302	34.71	0	104	89	77	4	18	3	2	1	0	3	2
Pct 7864	Election Day	7864	1	773	188	24.32	1	55	51	65	5	7	1	2	0	0	1	0
Pct 7864	VBM	7864	1	773	284	36.74	0	104	73	85	8	14	1	1	0	0	0	0
Pct 7865	Election Day	7865	1	808	178	22.03	1	50	53	58	6	6	0	0	1	0	3	0
Pct 7865	VBM	7865	1	808	310	38.37	4	87	102	74	8	27	4	3	0	0	3	1
Pct 7866	Election Day	7866	1	816	184	22.55	0	68	66	34	3	12	0	0	0	0	1	0
Pct 7866	VBM	7866	1	816	389	47.67	0	162	104	49	15	33	3	15	0	0	5	3
Pct 7867	Election Day	7867	1	932	209	22.42	1	82	73	31	1	13	1	2	1	0	3	1
Pct 7867	VBM	7867	1	932	385	41.31	1	148	134	62	4	19	0	10	0	0	5	1
Pct 7868	Election Day	7868	1	860	218	25.35	0	109	55	40	1	9	2	1	0	0	1	0
Pct 7868	VBM	7868	1	860	324	37.67	0	127	113	49	7	23	0	3	1	0	1	1
Pct 7869	Election Day	7869	1	842	219	26.01	1	74	71	49	3	16	3	1	0	0	1	0
Pct 7869	VBM	7869	1	842	376	44.66	0	136	129	77	4	22	1	1	0	0	7	1
Pct 7871	Election Day	7871	1	882	240	27.21	0	83	77	55	2	17	0	3	0	0	1	4
Pct 7871	VBM	7871	1	882	364	41.27	1	143	126	57	4	20	2	4	2	0	3	1
Pct 7872	Election Day	7872	1	864	242	28.01	1	97	63	61	2	10	3	0	0	0	5	0
Pct 7872	VBM	7872	1	864	369	42.71	0	146	110	80	10	14	4	0	0	0	6	0
Pct 7873	Election Day	7873	1	841	231	27.47	1	83	70	64	2	6	3	0	0	0	1	0
Pct 7873	VBM	7873	1	841	387	46.02	0	145	134	70	8	19	4	0	0	0	5	3
Pct 7874	Election Day	7874	1	453	85	18.76	0	23	26	25	1	9	0	0	0	0	1	0
Pct 7874	VBM	7874	1	453	174	38.41	0	60	68	28	2	8	1	3	1	0	3	0
Pct 7875	Election Day	7875	1	615	127	20.65	1	47	24	39	4	7	2	3	0	0	0	0
Pct 7875	VBM	7875	1	615	203	33.01	0	69	42	54	7	11	3	13	1	0	4	0
Pct 7876	Election Day	7876	1	491	101	20.57	0	39	32	26	0	2	0	2	0	0	0	0
Pct 7876	VBM	7876	1	491	148	30.14	0	59	45	38	1	3	2	0	0	0	0	1
Pct 7901	Election Day	7901	1	466	87	18.67	1	23	26	33	1	2	0	0	0	0	1	0
Pct 7901	VBM	7901	1	466	133	28.54	1	44	40	36	1	6	1	2	1	0	0	1
Pct 7902	Election Day	7902	1	921	188	20.41	2	57	33	77	4	7	4	2	0	0	0	0
Pct 7902	VBM	7902	1	921	259	28.12	2	66	74	89	6	13	3	3	3	0	1	2
Pct 7903	Election Day	7903	1	819	144	17.58	1	37	34	55	2	11	1	0	0	0	2	1
Pct 7903	VBM	7903	1	819	244	29.79	5	73	62	74	5	10	1	8	0	0	4	2
Pct 7904	Election Day	7904	1	846	137	16.19	1	35	25	69	2	2	0	0	0	0	0	2
Pct 7904	VBM	7904	1	846	248	29.31	2	84	62	63	9	15	0	8	0	0	4	3
Pct 7905	Election Day	7905	1	821	199	24.24	2	67	43	67	1	15	0	1	0	0	1	0
Pct 7905	VBM	7905	1	821	275	33.5	1	104	72	67	9	13	1	3	2	0	2	1
Pct 7906	Election Day	7906	1	769	164	21.33	0	40	27	84	1	8	2	0	0	0	2	1
Pct 7906	VBM	7906	1	769	214	27.83	2	66	56	70	0	9	4	6	0	0	2	0
Pct 7907	Election Day	7907	1	926	201	21.71	1	46	46	91	2	8	1	3	0	0	0	0
Pct 7907	VBM	7907	1	926	286	30.89	1	107	60	93	1	12	4	5	0	0	3	0
Pct 7908	Election Day	7908	1	936	191	20.41	4	49	47	74	5	7	2	1	0	0	2	0
Pct 7908	VBM	7908	1	936	267	28.53	5	86	54	92	2	13	2	10	0	0	2	2
Pct 7909	Election Day	7909	1	726	190	26.17	0	48	30	101	0	6	4	0	1	0	1	0
Pct 7909	VBM	7909	1	726	221	30.44	1	74	51	82	0	8	2	3	1	0	1	0
Pct 7911	Election Day	7911	1	849	192	22.61	0	56	36	83	2	10	1	3	0	0	1	0
Pct 7911	VBM	7911	1	849	250	29.45	5	94	58	69	2	18	1	4	1	0	0	1
Pct 7912	Election Day	7912	1	1036	215	20.75	1	53	48	92	1	10	2	4	0	0	2	1
Pct 7912	VBM	7912	1	1036	314	30.31	2	100	88	94	2	10	6	10	0	0	3	0
Pct 7913	Election Day	7913	1	887	240	27.06	0	56	44	121	2	11	4	0	0	0	2	0
Pct 7913	VBM	7913	1	887	244	27.51	1	78	47	81	6	13	5	6	2	0	4	1
Pct 7914	Election Day	7914	1	833	208	24.97	1	64	34	90	3	9	2	1	0	0	3	1
Pct 7914	VBM	7914	1	833	253	30.37	0	84	56	89	6	8	2	1	1	0	1	4
Pct 7915	Election Day	7915	1	802	213	26.56	2	51	41	97	2	12	2	2	0	0	3	1
Pct 7915	VBM	7915	1	802	222	27.68	2	62	49	82	1	14	3	8	0	0	0	1
Pct 7916	Election Day	7916	1	887	215	24.24	1	48	52	102	1	7	3	0	0	0	1	0
Pct 7916	VBM	7916	1	887	289	32.58	2	84	77	99	4	17	2	4	0	0	0	0
Pct 7917	Election Day	7917	1	983	254	25.84	3	50	45	121	5	18	3	3	1	0	5	0
Pct 7917	VBM	7917	1	983	287	29.2	1	76	53	128	4	14	0	4	0	0	2	5
Pct 7918	Election Day	7918	1	790	191	24.18	0	47	39	89	3	6	2	1	1	0	2	0
Pct 7918	VBM	7918	1	790	234	29.62	1	80	56	80	3	12	2	0	0	0	0	1
Pct 7919	Election Day	7919	1	857	217	25.32	2	48	53	88	3	14	4	0	0	0	4	1
Pct 7919	VBM	7919	1	857	241	28.12	2	67	62	87	0	16	1	3	0	0	1	1
Pct 7921	Election Day	7921	1	883	151	17.1	4	43	38	53	0	8	2	2	2	0	0	0
Pct 7921	VBM	7921	1	883	210	23.78	5	65	52	59	2	21	1	0	1	0	1	2
Pct 7922	Election Day	7922	1	797	182	22.84	1	36	38	95	2	4	5	0	0	0	1	0
Pct 7922	VBM	7922	1	797	241	30.24	1	76	52	84	4	14	0	7	0	0	1	1
Pct 7923	Election Day	7923	1	863	202	23.41	1	44	55	84	0	10	4	0	0	0	4	0
Pct 7923	VBM	7923	1	863	241	27.93	4	64	42	100	6	21	1	3	0	0	2	2
Pct 7924	Election Day	7924	1	806	172	21.34	3	36	40	75	2	8	0	3	0	0	1	3
Pct 7924	VBM	7924	1	806	247	30.65	2	64	61	82	5	15	5	13	0	0	0	0
Pct 7925	Election Day	7925	1	570	114	20	1	23	28	49	2	9	1	0	0	0	1	0
Pct 7925	VBM	7925	1	570	191	33.51	1	56	43	74	2	8	3	0	0	0	4	0
Pct 7926	Election Day	7926	1	768	177	23.05	0	48	43	76	1	7	1	0	1	0	0	0
Pct 7926	VBM	7926	1	768	296	38.54	3	103	72	86	9	17	0	1	1	0	4	0
Pct 7927	Election Day	7927	1	733	187	25.51	1	38	55	77	0	9	1	4	1	0	1	0
Pct 7927	VBM	7927	1	733	289	39.43	1	75	88	110	0	12	2	0	0	0	1	1
Pct 7928	Election Day	7928	1	899	253	28.14	1	70	57	104	3	12	5	1	0	0	0	0
Pct 7928	VBM	7928	1	899	297	33.04	4	81	90	107	2	10	2	0	1	0	0	1
Pct 7929	Election Day	7929	1	840	200	23.81	0	59	63	69	1	4	1	1	0	0	2	0
Pct 7929	VBM	7929	1	840	367	43.69	0	114	121	108	4	12	0	0	0	0	7	1
Pct 7931	Election Day	7931	1	732	189	25.82	0	70	58	55	1	2	0	0	1	0	0	1
Pct 7931	VBM	7931	1	732	317	43.31	0	117	110	71	3	10	1	1	2	0	2	0
Pct 7932	Election Day	7932	1	551	112	20.33	1	32	34	37	1	6	1	0	0	0	0	0
Pct 7932	VBM	7932	1	551	225	40.83	0	73	63	72	4	7	1	3	0	0	3	0
Pct 7933 MB	Election Day	7933	1	8	0	0	0	0	1	0	0	0	0	0	0	0	0	0
Pct 7933 MB	VBM	7933	1	8	4	50	0	2	1	0	0	0	0	1	0	0	0	0
Pct 7934	Election Day	7934	1	885	195	22.03	2	46	55	79	3	10	1	0	0	0	0	0
Pct 7934	VBM	7934	1	885	328	37.06	3	90	101	111	3	9	3	3	2	0	3	1
Pct 7935	Election Day	7935	1	938	283	30.17	0	73	76	115	2	9	3	0	0	0	4	1
Pct 7935	VBM	7935	1	938	370	39.45	0	117	111	111	6	14	4	1	0	0	2	2
Pct 7936	Election Day	7936	1	832	246	29.57	0	54	77	100	0	8	3	2	0	0	2	0
Pct 7936	VBM	7936	1	832	326	39.18	3	94	91	110	2	18	3	0	0	0	3	1
Pct 7937	Election Day	7937	1	874	223	25.51	0	61	67	81	0	8	3	2	0	0	1	0
Pct 7937	VBM	7937	1	874	309	35.35	1	103	90	88	2	20	2	2	1	0	1	0
Pct 7938	Election Day	7938	1	774	162	20.93	0	52	39	53	2	11	2	2	0	0	1	0
Pct 7938	VBM	7938	1	774	247	31.91	0	55	71	98	1	13	1	7	0	0	1	1
Pct 7939	Election Day	7939	1	667	186	27.89	0	64	50	60	1	4	4	0	0	0	1	0
Pct 7939	VBM	7939	1	667	230	34.48	0	70	68	74	3	11	2	0	0	0	1	3
Pct 7941	Election Day	7941	1	728	167	22.94	1	48	46	58	0	13	0	1	0	0	0	0
Pct 7941	VBM	7941	1	728	236	32.42	1	71	61	85	1	9	1	2	0	0	2	1
Pct 7942	Election Day	7942	1	893	166	18.59	0	57	44	50	2	9	0	2	0	0	1	1
Pct 7942	VBM	7942	1	893	286	32.03	5	84	95	55	4	20	2	13	0	0	7	2
Pct 7943	Election Day	7943	1	887	192	21.65	0	66	55	45	4	17	2	1	0	0	2	0
Pct 7943	VBM	7943	1	887	319	35.96	4	89	93	81	4	22	5	14	2	0	2	3
Pct 7944	Election Day	7944	1	769	201	26.14	0	48	66	72	1	8	2	1	0	0	2	0
Pct 7944	VBM	7944	1	769	235	30.56	4	71	80	62	4	7	2	5	1	0	0	0
Pct 7945	Election Day	7945	1	897	118	13.15	0	37	28	39	2	9	1	1	1	0	1	0
Pct 7945	VBM	7945	1	897	294	32.78	3	76	80	98	5	21	3	6	0	0	2	1
Pct 7946	Election Day	7946	1	909	134	14.74	1	54	24	40	0	6	0	8	0	0	1	1
Pct 7946	VBM	7946	1	909	348	38.28	5	101	61	63	16	36	4	54	2	0	3	2
Pct 7947	Election Day	7947	1	894	128	14.32	4	53	28	24	1	9	1	7	0	0	1	0
Pct 7947	VBM	7947	1	894	327	36.58	2	91	60	73	9	31	1	54	0	0	9	0
Pct 7948	Election Day	7948	1	900	165	18.33	1	59	39	41	3	13	0	9	0	0	0	0
Pct 7948	VBM	7948	1	900	313	34.78	0	99	76	58	13	28	0	30	2	0	7	1
Pct 7949	Election Day	7949	1	552	78	14.13	1	24	12	22	2	11	0	3	0	0	1	0
Pct 7949	VBM	7949	1	552	224	40.58	4	76	39	31	8	24	1	37	0	0	3	0
Pct 7951	Election Day	7951	1	830	97	11.69	0	39	20	24	3	7	1	3	0	0	0	0
Pct 7951	VBM	7951	1	830	341	41.08	3	93	60	53	14	37	3	79	1	0	1	0
Pct 7952	Election Day	7952	1	823	100	12.15	1	24	19	25	2	17	0	10	0	0	1	1
Pct 7952	VBM	7952	1	823	288	34.99	2	73	60	65	6	35	1	43	0	0	1	1
Pct 7953	Election Day	7953	1	795	103	12.96	0	35	20	34	4	9	0	3	0	0	1	0
Pct 7953	VBM	7953	1	795	294	36.98	3	103	55	54	7	38	1	30	0	0	4	0
Pct 7954 MB	Election Day	7954	1	0	0	0	0	0	0	0	0	0	0	0	0	0	0	0
Pct 7954 MB	VBM	7954	1	0	0	0	0	0	0	0	0	0	0	0	0	0	0	0
Pct 7955	Election Day	7955	1	854	116	13.58	0	38	22	29	3	16	0	7	0	0	0	1
Pct 7955	VBM	7955	1	854	320	37.47	4	101	56	66	3	38	0	48	1	0	3	1
Pct 7956	Election Day	7956	1	779	101	12.97	0	35	19	23	3	6	1	8	0	0	4	0
Pct 7956	VBM	7956	1	779	247	31.71	1	92	38	39	8	17	2	50	0	0	0	0
Pct 7957	Election Day	7957	1	623	97	15.57	0	43	19	21	0	7	0	4	2	0	0	0
Pct 7957	VBM	7957	1	623	217	34.83	4	100	30	42	7	18	2	12	0	0	1	1
Pct 7958 MB	Election Day	7958	1	263	13	4.94	0	4	1	6	0	1	0	1	0	0	0	0
Pct 7958 MB	VBM	7958	1	263	104	39.54	3	35	15	18	5	6	3	20	0	0	0	2
Pct 7959	Election Day	7959	1	695	110	15.83	1	43	32	27	1	4	2	0	1	0	1	0
Pct 7959	VBM	7959	1	695	190	27.34	0	70	47	54	0	6	6	4	0	0	1	1
Pct 9001 MB	Election Day	9001	1	257	8	3.11	0	3	0	3	2	0	0	0	0	0	0	0
Pct 9001 MB	VBM	9001	1	257	101	39.3	2	45	26	16	0	5	0	5	0	0	1	1
Pct 9101	Election Day	9101	1	833	190	22.81	0	62	40	55	4	19	0	8	1	0	1	0
Pct 9101	VBM	9101	1	833	323	38.78	1	116	65	66	24	28	3	17	0	0	4	0
Pct 9102	Election Day	9102	1	950	182	19.16	2	55	37	50	15	12	3	1	0	0	7	0
Pct 9102	VBM	9102	1	950	335	35.26	1	106	83	83	19	23	0	16	0	0	4	1
Pct 9103	Election Day	9103	1	924	174	18.83	2	67	41	35	8	8	1	10	0	0	2	0
Pct 9103	VBM	9103	1	924	302	32.68	2	110	61	64	23	18	1	17	3	0	6	0
Pct 9104	Election Day	9104	1	937	176	18.78	4	42	38	65	4	12	2	4	0	0	3	2
Pct 9104	VBM	9104	1	937	332	35.43	2	107	78	79	14	19	1	25	0	0	5	1
Pct 9105	Election Day	9105	1	888	191	21.51	2	54	54	54	6	11	0	9	1	0	0	1
Pct 9105	VBM	9105	1	888	339	38.18	3	114	80	82	24	20	2	9	2	0	2	2
Pct 9106	Election Day	9106	1	907	213	23.48	0	80	49	51	5	21	2	0	0	0	3	0
Pct 9106	VBM	9106	1	907	334	36.82	1	123	83	67	11	30	1	8	1	0	8	4
Pct 9107	Election Day	9107	1	806	164	20.35	1	45	32	61	4	10	0	8	0	0	2	1
Pct 9107	VBM	9107	1	806	246	30.52	2	78	44	79	14	19	2	6	0	0	1	0
Pct 9108	Election Day	9108	1	761	185	24.31	0	69	28	56	9	14	4	5	0	0	1	0
Pct 9108	VBM	9108	1	761	220	28.91	1	103	38	48	5	12	2	8	1	0	3	0
Pct 9109	Election Day	9109	1	848	205	24.17	0	63	59	54	9	17	0	4	0	0	0	0
Pct 9109	VBM	9109	1	848	285	33.61	0	117	63	75	8	10	1	7	0	0	2	0
Pct 9111	Election Day	9111	1	756	150	19.84	1	51	27	43	8	13	2	3	0	0	2	0
Pct 9111	VBM	9111	1	756	226	29.89	2	75	50	58	10	15	3	11	1	0	2	0
Pct 9112	Election Day	9112	1	918	211	22.98	0	71	54	60	5	12	1	7	0	0	1	0
Pct 9112	VBM	9112	1	918	295	32.14	0	105	79	69	6	20	2	8	2	0	3	1
Pct 9113	Election Day	9113	1	959	231	24.09	1	82	50	67	3	19	1	4	1	0	2	0
Pct 9113	VBM	9113	1	959	351	36.6	1	113	89	95	10	18	0	20	0	0	1	2
Pct 9114	Election Day	9114	1	820	170	20.73	1	45	43	53	4	12	3	6	0	0	2	1
Pct 9114	VBM	9114	1	820	273	33.29	4	78	67	73	7	21	3	14	0	0	3	1
Pct 9115	Election Day	9115	1	873	172	19.7	2	59	36	53	3	11	1	5	0	0	2	0
Pct 9115	VBM	9115	1	873	287	32.88	1	96	57	92	11	17	2	8	0	0	3	0
Pct 9116	Election Day	9116	1	903	193	21.37	2	57	34	85	2	4	3	2	0	0	2	0
Pct 9116	VBM	9116	1	903	314	34.77	0	115	56	103	11	15	2	7	0	0	2	1
Pct 9117	Election Day	9117	1	756	180	23.81	0	57	45	53	2	20	1	1	0	0	1	0
Pct 9117	VBM	9117	1	756	285	37.7	0	114	64	56	18	24	2	1	0	0	4	0
Pct 9118	Election Day	9118	1	923	184	19.93	0	60	42	53	6	11	1	5	0	0	7	0
Pct 9118	VBM	9118	1	923	268	29.04	0	78	55	72	16	21	3	22	1	0	1	1
Pct 9119	Election Day	9119	1	856	152	17.76	2	44	37	51	7	7	2	2	0	0	2	0
Pct 9119	VBM	9119	1	856	323	37.73	1	103	73	87	15	28	2	11	1	0	2	1
Pct 9121	Election Day	9121	1	890	188	21.12	2	61	32	50	8	23	1	10	0	0	1	0
Pct 9121	VBM	9121	1	890	274	30.79	1	99	58	63	11	14	1	21	2	0	2	1
Pct 9122	Election Day	9122	1	913	131	14.35	0	47	30	36	7	3	0	7	0	0	1	0
Pct 9122	VBM	9122	1	913	292	31.98	1	97	52	80	14	15	0	26	2	0	5	0
Pct 9123	Election Day	9123	1	829	175	21.11	3	50	42	60	5	7	0	4	0	0	4	0
Pct 9123	VBM	9123	1	829	270	32.57	0	73	66	68	20	8	0	28	1	0	2	2
Pct 9124	Election Day	9124	1	832	150	18.03	0	50	28	49	6	8	0	6	0	0	1	2
Pct 9124	VBM	9124	1	832	290	34.86	1	98	58	74	16	15	2	17	1	0	7	1
Pct 9125	Election Day	9125	1	822	159	19.34	0	60	27	52	8	11	0	1	0	0	0	0
Pct 9125	VBM	9125	1	822	299	36.37	5	91	54	82	11	18	1	32	2	0	6	0
Pct 9126	Election Day	9126	1	945	186	19.68	0	62	29	66	5	11	1	8	1	0	3	0
Pct 9126	VBM	9126	1	945	350	37.04	4	111	72	89	8	22	0	38	3	0	4	0
Pct 9127	Election Day	9127	1	908	209	23.02	0	75	40	65	7	15	1	3	0	0	2	0
Pct 9127	VBM	9127	1	908	315	34.69	0	106	73	91	13	18	5	6	2	0	5	0
Pct 9128	Election Day	9128	1	805	188	23.35	1	62	42	56	4	14	1	5	0	0	3	0
Pct 9128	VBM	9128	1	805	296	36.77	0	112	75	57	5	32	1	8	3	0	5	0
Pct 9129	Election Day	9129	1	713	173	24.26	1	61	34	55	3	9	0	9	0	0	1	0
Pct 9129	VBM	9129	1	713	225	31.56	3	73	34	58	15	13	3	20	1	0	3	0
Pct 9131	Election Day	9131	1	740	151	20.41	0	49	28	60	4	3	0	5	1	0	0	0
Pct 9131	VBM	9131	1	740	274	37.03	3	94	50	79	9	19	0	19	0	0	0	0
Pct 9132	Election Day	9132	1	827	167	20.19	1	40	44	69	1	4	1	2	1	0	3	0
Pct 9132	VBM	9132	1	827	251	30.35	0	87	37	91	8	11	3	11	0	0	2	2
Pct 9133	Election Day	9133	1	1007	188	18.67	0	77	49	50	0	8	0	2	0	0	1	0
Pct 9133	VBM	9133	1	1007	388	38.53	2	130	107	94	12	23	1	14	2	0	2	1
Pct 9134	Election Day	9134	1	893	132	14.78	0	46	18	50	2	9	1	2	0	0	2	0
Pct 9134	VBM	9134	1	893	297	33.26	1	128	53	77	5	20	2	8	1	0	1	0
Pct 9135	Election Day	9135	1	778	149	19.15	1	52	40	30	2	20	2	2	0	0	0	0
Pct 9135	VBM	9135	1	778	269	34.58	2	79	67	61	29	21	2	3	0	0	3	0
Pct 9136	Election Day	9136	1	894	191	21.36	0	56	49	68	4	7	1	4	0	0	2	0
Pct 9136	VBM	9136	1	894	289	32.33	1	95	66	71	13	18	1	19	0	0	2	1
Pct 9137	Election Day	9137	1	946	201	21.25	1	50	54	58	12	13	1	10	0	0	3	0
Pct 9137	VBM	9137	1	946	323	34.14	1	106	88	74	6	15	3	24	0	0	4	0
Pct 9138	Election Day	9138	1	892	155	17.38	0	50	40	38	9	13	0	4	0	0	1	0
Pct 9138	VBM	9138	1	892	323	36.21	1	111	73	71	14	24	3	25	1	0	2	2
Pct 9139	Election Day	9139	1	912	163	17.87	0	48	27	59	10	12	0	7	0	0	2	0
Pct 9139	VBM	9139	1	912	356	39.04	4	99	67	73	25	41	3	35	2	0	3	2
Pct 9141	Election Day	9141	1	904	168	18.58	0	48	38	47	6	19	0	9	0	0	2	0
Pct 9141	VBM	9141	1	904	328	36.28	0	104	71	92	13	21	4	17	0	0	8	0
Pct 9142	Election Day	9142	1	921	219	23.78	1	65	47	81	8	9	1	5	0	0	0	0
Pct 9142	VBM	9142	1	921	288	31.27	0	96	70	77	4	23	2	17	0	0	2	0
Pct 9143	Election Day	9143	1	887	196	22.1	0	53	59	63	7	11	0	2	0	0	1	0
Pct 9143	VBM	9143	1	887	315	35.51	1	84	80	85	22	20	4	17	1	0	4	0
Pct 9144	Election Day	9144	1	931	221	23.74	0	62	48	76	10	15	1	6	1	0	2	0
Pct 9144	VBM	9144	1	931	322	34.59	0	103	92	62	7	31	1	25	0	0	2	2
Pct 9145	Election Day	9145	1	837	197	23.54	1	68	52	61	2	7	0	3	0	0	1	0
Pct 9145	VBM	9145	1	837	282	33.69	0	102	67	65	10	14	2	20	0	0	3	0
Pct 9146	Election Day	9146	1	866	206	23.79	0	43	51	88	7	8	0	5	0	0	2	0
Pct 9146	VBM	9146	1	866	297	34.3	1	108	63	93	10	13	1	7	1	0	1	0
Pct 9147	Election Day	9147	1	920	227	24.67	1	71	33	90	4	14	2	8	2	0	0	1
Pct 9147	VBM	9147	1	920	318	34.57	1	109	51	101	6	27	1	23	0	0	2	0
Pct 9148	Election Day	9148	1	946	226	23.89	0	90	42	75	4	10	3	3	0	0	0	0
Pct 9148	VBM	9148	1	946	322	34.04	0	127	66	96	10	10	2	8	0	0	2	1
Pct 9149	Election Day	9149	1	884	196	22.17	2	59	46	63	3	16	3	3	1	0	0	0
Pct 9149	VBM	9149	1	884	296	33.48	0	103	69	83	13	16	0	8	0	0	4	0
Pct 9151	Election Day	9151	1	806	152	18.86	1	56	30	43	2	19	0	0	0	0	2	0
Pct 9151	VBM	9151	1	806	267	33.13	0	107	58	51	10	33	0	1	0	0	8	0
Pct 9152	Election Day	9152	1	712	67	9.41	1	18	13	31	1	1	0	0	0	0	1	0
Pct 9152	VBM	9152	1	712	138	19.38	0	45	29	40	3	20	1	0	0	0	0	0
Pct 9201	Election Day	9201	1	953	201	21.09	0	69	33	79	5	9	1	3	1	0	0	0
Pct 9201	VBM	9201	1	953	229	24.03	0	86	49	69	10	11	0	0	0	0	3	1
Pct 9202	Election Day	9202	1	908	184	20.26	1	81	34	49	3	14	2	0	0	0	1	1
Pct 9202	VBM	9202	1	908	218	24.01	0	87	36	71	9	14	0	0	0	0	1	0
Pct 9203	Election Day	9203	1	968	145	14.98	1	52	27	22	11	29	0	1	0	0	2	0
Pct 9203	VBM	9203	1	968	300	30.99	1	135	53	35	24	44	1	0	0	0	7	0
Pct 9204	Election Day	9204	1	809	147	18.17	0	61	35	16	7	23	0	1	0	0	4	0
Pct 9204	VBM	9204	1	809	223	27.56	0	93	52	21	15	41	0	0	0	0	0	1
Pct 9205	Election Day	9205	1	694	113	16.28	0	49	21	24	1	14	2	0	0	0	2	0
Pct 9205	VBM	9205	1	694	201	28.96	0	85	50	35	5	19	0	2	1	0	3	1
Pct 9206	Election Day	9206	1	887	135	15.22	1	58	25	15	8	24	1	0	0	0	3	0
Pct 9206	VBM	9206	1	887	294	33.15	0	119	71	26	24	47	2	1	1	0	5	0
Pct 9207	Election Day	9207	1	913	148	16.21	0	67	30	18	9	20	1	0	0	0	4	0
Pct 9207	VBM	9207	1	913	249	27.27	2	100	51	34	15	45	1	0	2	0	0	0
Pct 9208	Election Day	9208	1	936	147	15.71	0	56	31	30	9	20	0	0	0	0	2	0
Pct 9208	VBM	9208	1	936	240	25.64	0	95	60	33	13	32	0	1	2	0	3	0
Pct 9209	Election Day	9209	1	675	121	17.93	1	49	14	19	9	27	0	0	0	0	3	0
Pct 9209	VBM	9209	1	675	188	27.85	1	73	33	35	12	31	0	1	1	0	2	1
Pct 9211	Election Day	9211	1	834	130	15.59	1	62	18	27	3	18	0	0	0	0	1	0
Pct 9211	VBM	9211	1	834	212	25.42	0	81	49	28	11	36	3	0	0	0	4	1
Pct 9212	Election Day	9212	1	764	121	15.84	0	49	30	25	4	6	2	0	0	0	3	1
Pct 9212	VBM	9212	1	764	205	26.83	1	68	51	34	12	31	0	1	0	0	4	0
Pct 9213	Election Day	9213	1	890	140	15.73	0	51	34	28	4	17	3	0	0	0	3	0
Pct 9213	VBM	9213	1	890	260	29.21	2	105	53	49	16	27	1	4	0	0	3	1
Pct 9214	Election Day	9214	1	581	92	15.83	0	33	18	20	2	17	0	0	0	0	2	0
Pct 9214	VBM	9214	1	581	203	34.94	2	84	53	19	11	28	1	0	1	0	3	0
Pct 9215	Election Day	9215	1	626	130	20.77	0	51	28	12	7	26	1	1	1	0	3	0
Pct 9215	VBM	9215	1	626	170	27.16	0	74	37	26	14	14	0	3	0	0	2	0
Pct 9216	Election Day	9216	1	798	134	16.79	0	53	31	21	3	26	0	0	0	0	0	0
Pct 9216	VBM	9216	1	798	206	25.81	0	96	42	23	15	23	3	0	1	0	2	1
Pct 9217	Election Day	9217	1	684	123	17.98	0	48	28	16	4	20	0	3	0	0	3	1
Pct 9217	VBM	9217	1	684	187	27.34	0	74	34	20	9	36	1	6	2	0	2	1
Pct 9218	Election Day	9218	1	797	119	14.93	0	51	25	17	4	19	0	0	0	0	3	0
Pct 9218	VBM	9218	1	797	225	28.23	0	97	44	30	16	33	2	0	2	0	2	0
Pct 9219	Election Day	9219	1	733	146	19.92	2	52	38	32	6	12	0	1	1	0	2	0
Pct 9219	VBM	9219	1	733	187	25.51	0	79	53	28	3	24	1	2	0	0	1	0
Pct 9221	Election Day	9221	1	641	121	18.88	0	58	27	15	2	14	0	0	0	0	5	0
Pct 9221	VBM	9221	1	641	278	43.37	0	131	71	30	8	29	1	4	2	0	3	0
Pct 9222	Election Day	9222	1	842	139	16.51	0	62	34	19	4	16	0	1	0	0	3	0
Pct 9222	VBM	9222	1	842	268	31.83	0	108	84	18	13	35	1	1	2	0	6	0
Pct 9223	Election Day	9223	1	606	88	14.52	0	41	20	5	3	17	1	0	0	0	0	0
Pct 9223	VBM	9223	1	606	202	33.33	1	95	47	21	11	25	0	0	0	0	4	0
Pct 9224	Election Day	9224	1	912	171	18.75	0	54	45	35	6	30	2	0	0	0	0	0
Pct 9224	VBM	9224	1	912	308	33.77	1	124	93	28	22	35	1	0	1	0	3	0
Pct 9225	Election Day	9225	1	898	161	17.93	0	61	40	26	6	21	2	0	1	0	2	2
Pct 9225	VBM	9225	1	898	243	27.06	1	109	37	35	24	27	3	2	0	0	6	1
Pct 9226	Election Day	9226	1	905	143	15.8	1	62	34	22	11	13	0	0	0	0	1	0
Pct 9226	VBM	9226	1	905	312	34.48	0	133	78	34	15	41	1	0	2	0	7	0
Pct 9227	Election Day	9227	1	729	140	19.2	1	55	39	13	6	20	2	2	0	0	0	0
Pct 9227	VBM	9227	1	729	304	41.7	1	138	62	42	11	35	4	9	0	0	4	1
Pct 9228	Election Day	9228	1	726	175	24.1	0	85	32	18	7	24	2	1	1	0	1	1
Pct 9228	VBM	9228	1	726	277	38.15	2	117	76	24	20	30	0	5	1	0	2	0
Pct 9229	Election Day	9229	1	596	130	21.81	0	54	30	22	5	18	0	0	0	0	1	0
Pct 9229	VBM	9229	1	596	219	36.74	0	103	52	25	10	24	3	0	0	0	3	0
Pct 9231	Election Day	9231	1	919	221	24.05	0	83	65	46	5	15	2	3	0	0	0	0
Pct 9231	VBM	9231	1	919	294	31.99	0	127	77	55	5	22	3	6	0	0	2	0
Pct 9232	Election Day	9232	1	701	151	21.54	0	72	23	27	5	16	1	2	2	0	2	1
Pct 9232	VBM	9232	1	701	274	39.09	1	124	64	44	6	28	1	0	2	0	3	0
Pct 9233	Election Day	9233	1	774	139	17.96	0	83	26	12	1	14	1	0	1	0	1	0
Pct 9233	VBM	9233	1	774	308	39.79	0	142	83	40	9	25	1	1	1	0	3	0
Pct 9234	Election Day	9234	1	731	131	17.92	0	61	33	19	4	8	1	0	2	0	4	0
Pct 9234	VBM	9234	1	731	281	38.44	0	145	77	21	14	19	0	2	1	0	1	0
Pct 9235	Election Day	9235	1	842	174	20.67	0	94	33	26	5	10	2	0	2	0	0	1
Pct 9235	VBM	9235	1	842	298	35.39	1	169	72	20	11	21	1	2	1	0	1	0
Pct 9236	Election Day	9236	1	658	130	19.76	0	66	28	21	6	8	0	0	0	0	2	0
Pct 9236	VBM	9236	1	658	207	31.46	1	115	42	25	4	15	0	0	2	0	3	0
Pct 9237	Election Day	9237	1	880	145	16.48	0	58	42	23	6	13	1	0	0	0	2	0
Pct 9237	VBM	9237	1	880	331	37.61	0	167	73	31	12	42	0	0	1	0	5	2
Pct 9238	Election Day	9238	1	792	130	16.41	1	60	40	15	3	11	1	0	0	0	0	0
Pct 9238	VBM	9238	1	792	271	34.22	0	131	63	28	17	27	0	0	0	0	4	1
Pct 9239	Election Day	9239	1	835	117	14.01	0	48	30	18	4	11	0	2	2	0	2	0
Pct 9239	VBM	9239	1	835	318	38.08	0	151	88	34	15	25	5	2	0	0	1	0
Pct 9241	Election Day	9241	1	961	158	16.44	0	58	46	35	4	12	1	1	0	0	0	0
Pct 9241	VBM	9241	1	961	322	33.51	1	120	83	47	34	26	2	0	0	0	6	1
Pct 9242	Election Day	9242	1	940	154	16.38	0	68	37	26	6	13	0	1	0	0	2	0
Pct 9242	VBM	9242	1	940	300	31.91	0	131	76	40	16	28	0	3	0	0	5	1
Pct 9243	Election Day	9243	1	572	135	23.6	1	52	31	29	5	11	1	0	0	0	5	0
Pct 9243	VBM	9243	1	572	188	32.87	0	73	55	26	8	20	0	1	1	0	5	0
Pct 9244	Election Day	9244	1	880	149	16.93	1	74	36	22	0	13	0	0	0	0	3	0
Pct 9244	VBM	9244	1	880	269	30.57	0	144	58	40	6	20	1	0	0	0	2	0
Pct 9245	Election Day	9245	1	706	128	18.13	0	53	39	23	3	10	0	0	0	0	0	0
Pct 9245	VBM	9245	1	706	226	32.01	0	105	51	29	11	21	0	0	1	0	6	1
Pct 9246	Election Day	9246	1	910	139	15.27	1	61	31	29	1	11	2	0	0	0	3	0
Pct 9246	VBM	9246	1	910	299	32.86	0	136	54	53	12	37	3	1	1	0	3	0
Pct 9247	Election Day	9247	1	936	151	16.13	1	49	48	34	8	10	1	0	0	0	1	0
Pct 9247	VBM	9247	1	936	303	32.37	0	114	92	51	11	27	4	1	0	0	1	1
Pct 9248	Election Day	9248	1	898	181	20.16	0	71	45	43	3	15	1	2	0	0	1	0
Pct 9248	VBM	9248	1	898	282	31.4	0	100	81	48	20	20	1	2	0	0	7	1
Pct 9249	Election Day	9249	1	910	187	20.55	0	79	45	38	6	17	0	1	0	0	1	0
Pct 9249	VBM	9249	1	910	314	34.51	0	133	77	66	13	16	1	2	0	0	5	0
Pct 9251	Election Day	9251	1	946	204	21.56	0	75	53	43	10	17	0	3	0	0	3	0
Pct 9251	VBM	9251	1	946	342	36.15	0	156	69	75	11	22	2	4	0	0	2	1
Pct 9252	Election Day	9252	1	913	140	15.33	0	52	32	33	4	12	0	4	0	0	4	0
Pct 9252	VBM	9252	1	913	352	38.55	1	141	93	62	20	26	3	3	2	0	2	1
Pct 9253	Election Day	9253	1	751	138	18.38	0	61	28	23	5	8	0	2	1	0	4	1
Pct 9253	VBM	9253	1	751	272	36.22	2	123	67	30	15	18	1	8	1	0	4	5
Pct 9254	Election Day	9254	1	889	168	18.9	0	74	33	45	3	12	0	0	0	0	1	0
Pct 9254	VBM	9254	1	889	318	35.77	0	152	75	58	5	22	2	4	1	0	1	0
Pct 9255	Election Day	9255	1	545	126	23.12	1	50	24	36	3	10	0	0	0	0	2	0
Pct 9255	VBM	9255	1	545	128	23.49	0	50	32	28	8	10	1	0	0	0	0	0
Pct 9256	Election Day	9256	1	433	77	17.78	0	33	17	23	0	2	0	1	0	0	1	0
Pct 9256	VBM	9256	1	433	103	23.79	0	49	27	21	3	3	2	0	0	0	0	0
Pct 9257 MB	Election Day	9257	1	312	9	2.88	0	3	1	5	0	0	0	0	0	0	0	0
Pct 9257 MB	VBM	9257	1	312	150	48.08	1	46	38	52	3	6	2	1	0	0	0	1
Pct 9258	Election Day	9258	1	699	127	18.17	0	43	29	38	3	8	3	2	0	0	1	0
Pct 9258	VBM	9258	1	699	244	34.91	0	87	52	70	13	12	1	4	0	0	5	0
Pct 9401	Election Day	9401	1	970	194	20	0	60	48	70	1	13	1	1	0	0	0	0
Pct 9401	VBM	9401	1	970	293	30.21	0	90	69	94	5	21	1	12	2	0	1	1
Pct 9402	Election Day	9402	1	931	197	21.16	1	53	31	86	3	12	1	7	0	0	3	0
Pct 9402	VBM	9402	1	931	307	32.98	0	75	65	100	18	17	0	24	1	0	7	1
Pct 9403	Election Day	9403	1	853	167	19.58	0	41	31	64	4	15	2	8	0	0	1	0
Pct 9403	VBM	9403	1	853	286	33.53	0	101	46	77	13	27	5	15	0	0	1	0
Pct 9404	Election Day	9404	1	889	153	17.21	1	45	34	50	6	8	1	7	0	0	0	0
Pct 9404	VBM	9404	1	889	320	36	2	99	49	91	19	24	0	35	0	0	2	0
Pct 9405	Election Day	9405	1	757	160	21.14	2	53	31	42	5	16	0	11	0	0	0	1
Pct 9405	VBM	9405	1	757	245	32.36	0	79	40	64	11	19	1	28	0	0	4	0
Pct 9406	Election Day	9406	1	815	179	21.96	0	60	30	52	15	9	0	12	0	0	0	1
Pct 9406	VBM	9406	1	815	277	33.99	1	108	41	77	19	7	2	18	0	0	4	0
Pct 9407	Election Day	9407	1	861	191	22.18	2	56	24	68	6	21	0	12	0	0	2	0
Pct 9407	VBM	9407	1	861	284	32.98	1	96	47	77	9	27	2	23	0	0	5	0
Pct 9408	Election Day	9408	1	837	187	22.34	1	47	32	82	4	10	2	7	0	0	1	1
Pct 9408	VBM	9408	1	837	246	29.39	0	72	54	91	7	16	1	9	0	0	0	0
Pct 9409	Election Day	9409	1	565	140	24.78	1	51	26	51	3	6	0	1	0	0	1	0
Pct 9409	VBM	9409	1	565	170	30.09	1	61	29	52	11	12	0	4	0	0	1	0
Pct 9411	Election Day	9411	1	936	175	18.7	2	62	24	70	2	10	1	2	2	0	1	0
Pct 9411	VBM	9411	1	936	261	27.88	0	78	60	85	11	14	1	9	0	0	3	1
Pct 9412	Election Day	9412	1	843	164	19.45	0	47	24	57	6	19	1	7	2	0	1	0
Pct 9412	VBM	9412	1	843	285	33.81	1	93	40	81	9	26	0	34	0	0	1	1
Pct 9413	Election Day	9413	1	858	172	20.05	1	43	34	61	6	10	1	15	0	0	1	1
Pct 9413	VBM	9413	1	858	310	36.13	2	91	49	78	10	26	2	43	2	0	5	1
Pct 9414	Election Day	9414	1	862	159	18.45	0	59	19	51	8	10	2	5	1	0	3	0
Pct 9414	VBM	9414	1	862	307	35.61	2	118	49	73	10	23	2	27	1	0	2	0
Pct 9415	Election Day	9415	1	755	121	16.03	0	38	23	36	7	10	0	6	0	0	2	1
Pct 9415	VBM	9415	1	755	284	37.62	0	99	41	75	16	11	3	38	3	0	3	0
Pct 9416	Election Day	9416	1	962	198	20.58	1	70	35	65	3	15	0	4	0	0	5	0
Pct 9416	VBM	9416	1	962	316	32.85	2	97	51	79	7	22	0	52	0	0	6	0
Pct 9417	Election Day	9417	1	714	117	16.39	0	23	27	45	3	8	1	6	0	0	3	0
Pct 9417	VBM	9417	1	714	286	40.06	0	104	47	58	16	30	1	25	0	0	9	0
Pct 9418	Election Day	9418	1	753	157	20.85	0	47	42	33	4	16	0	11	0	0	4	0
Pct 9418	VBM	9418	1	753	269	35.72	1	102	48	46	13	28	3	25	0	0	1	1
Pct 9419	Election Day	9419	1	893	167	18.7	1	57	24	41	5	26	2	11	0	0	1	0
Pct 9419	VBM	9419	1	893	326	36.51	1	116	51	71	20	29	3	31	0	0	4	0
Pct 9421	Election Day	9421	1	878	150	17.08	0	56	17	46	6	12	0	11	0	0	2	1
Pct 9421	VBM	9421	1	878	316	35.99	0	99	59	66	18	31	2	38	1	0	2	0
Pct 9422	Election Day	9422	1	1010	200	19.8	1	74	24	53	10	21	0	13	1	0	2	1
Pct 9422	VBM	9422	1	1010	358	35.45	1	113	69	78	19	34	3	38	0	0	5	0
Pct 9423	Election Day	9423	1	853	147	17.23	0	56	29	42	2	9	0	7	1	0	1	0
Pct 9423	VBM	9423	1	853	292	34.23	1	98	65	67	5	30	2	22	1	0	2	1
Pct 9424	Election Day	9424	1	910	146	16.04	1	34	22	54	2	15	1	13	1	0	2	0
Pct 9424	VBM	9424	1	910	331	36.37	0	108	63	80	16	31	0	30	0	0	6	1
Pct 9425	Election Day	9425	1	903	136	15.06	0	42	25	43	4	6	0	13	0	0	2	0
Pct 9425	VBM	9425	1	903	313	34.66	1	93	70	61	13	26	6	38	0	0	6	0
Pct 9426	Election Day	9426	1	801	143	17.85	0	39	18	45	13	13	1	13	0	0	1	0
Pct 9426	VBM	9426	1	801	283	35.33	1	74	58	58	18	23	1	41	2	0	6	2
Pct 9427	Election Day	9427	1	889	129	14.51	0	40	23	32	3	14	2	11	0	0	3	0
Pct 9427	VBM	9427	1	889	333	37.46	2	95	62	66	14	28	0	49	0	0	10	3
Pct 9428	Election Day	9428	1	892	122	13.68	1	35	25	38	5	13	0	5	0	0	1	0
Pct 9428	VBM	9428	1	892	346	38.79	1	106	66	91	10	26	1	40	1	0	2	1
Pct 9429	Election Day	9429	1	866	173	19.98	1	50	24	45	3	24	4	19	0	0	2	1
Pct 9429	VBM	9429	1	866	308	35.57	1	97	40	82	14	23	1	45	1	0	4	1
Pct 9431	Election Day	9431	1	954	152	15.93	0	64	21	35	6	9	3	13	0	0	1	0
Pct 9431	VBM	9431	1	954	352	36.9	5	130	58	64	14	26	3	46	0	0	7	1
Pct 9432	Election Day	9432	1	901	155	17.2	2	52	33	31	3	17	1	15	1	0	0	0
Pct 9432	VBM	9432	1	901	307	34.07	1	95	66	66	5	15	3	48	1	0	7	1
Pct 9433	Election Day	9433	1	912	155	17	1	59	26	36	5	15	3	9	1	0	0	0
Pct 9433	VBM	9433	1	912	317	34.76	1	114	52	64	14	26	2	41	1	0	5	0
Pct 9434	Election Day	9434	1	963	188	19.52	0	68	28	48	8	21	0	12	0	0	4	0
Pct 9434	VBM	9434	1	963	349	36.24	3	122	70	65	23	29	3	34	1	0	3	1
Pct 9435	Election Day	9435	1	934	195	20.88	0	55	51	46	5	18	3	14	0	0	3	0
Pct 9435	VBM	9435	1	934	320	34.26	0	82	51	85	10	35	1	54	1	0	4	2
Pct 9436	Election Day	9436	1	941	161	17.11	1	53	22	44	7	18	1	11	0	0	4	0
Pct 9436	VBM	9436	1	941	337	35.81	0	105	54	82	16	21	1	54	0	0	4	2
Pct 9437	Election Day	9437	1	873	170	19.47	1	57	27	48	1	20	1	13	1	0	0	0
Pct 9437	VBM	9437	1	873	324	37.11	2	101	46	65	14	33	0	61	0	0	3	0
Pct 9438	Election Day	9438	1	918	129	14.05	0	31	31	44	2	6	0	14	0	0	0	0
Pct 9438	VBM	9438	1	918	336	36.6	0	116	74	43	17	34	1	44	0	0	6	0
Pct 9439	Election Day	9439	1	827	126	15.24	0	33	31	33	5	13	0	9	0	0	2	0
Pct 9439	VBM	9439	1	827	314	37.97	1	111	55	58	12	27	3	44	0	0	4	1
Pct 9441	Election Day	9441	1	939	205	21.83	1	65	38	67	6	17	1	10	0	0	1	0
Pct 9441	VBM	9441	1	939	337	35.89	2	100	56	84	9	30	2	49	0	0	6	0
Pct 9442	Election Day	9442	1	970	200	20.62	0	56	35	64	3	32	0	6	0	0	4	0
Pct 9442	VBM	9442	1	970	325	33.51	0	98	56	68	12	38	0	47	0	0	6	2
Pct 9443	Election Day	9443	1	886	138	15.58	0	50	22	39	4	12	1	3	1	0	6	0
Pct 9443	VBM	9443	1	886	304	34.31	2	91	56	76	12	30	1	25	1	0	12	0
Pct 9444	Election Day	9444	1	901	118	13.1	1	39	19	30	2	17	0	10	1	0	1	0
Pct 9444	VBM	9444	1	901	312	34.63	0	94	41	61	14	38	1	62	0	0	3	0
Pct 9445	Election Day	9445	1	945	154	16.3	0	45	29	39	5	24	0	12	0	0	0	0
Pct 9445	VBM	9445	1	945	342	36.19	1	112	68	87	11	36	0	22	2	0	7	0
Pct 9446	Election Day	9446	1	1043	164	15.72	1	65	34	38	2	18	1	3	0	0	1	0
Pct 9446	VBM	9446	1	1043	417	39.98	0	124	70	88	18	62	2	51	0	0	3	2
Pct 9447	Election Day	9447	1	891	171	19.19	1	62	28	54	3	11	0	10	0	0	1	0
Pct 9447	VBM	9447	1	891	327	36.7	2	129	54	52	10	35	0	38	0	0	8	1
Pct 9448	Election Day	9448	1	877	159	18.13	2	55	26	47	9	12	0	6	0	0	1	1
Pct 9448	VBM	9448	1	877	307	35.01	0	121	41	56	6	34	0	50	1	0	1	1
Pct 9449	Election Day	9449	1	784	97	12.37	1	34	18	24	2	11	0	8	0	0	0	0
Pct 9449	VBM	9449	1	784	302	38.52	0	96	42	48	12	49	5	41	1	0	3	1
Pct 9451	Election Day	9451	1	414	57	13.77	0	27	13	6	0	8	0	3	0	0	0	0
Pct 9451	VBM	9451	1	414	154	37.2	1	71	21	22	12	11	2	9	0	0	2	0
Pct 9452	Election Day	9452	1	799	175	21.9	1	61	33	35	7	24	1	9	1	0	3	0
Pct 9452	VBM	9452	1	799	281	35.17	0	84	54	58	14	34	2	35	0	0	2	0
Pct 9453	Election Day	9453	1	488	90	18.44	0	23	14	29	5	19	0	0	0	0	0	0
Pct 9453	VBM	9453	1	488	175	35.86	0	63	42	35	8	18	1	9	0	0	0	1
Pct 9501 MB	Election Day	9501	1	149	5	3.36	0	4	1	0	0	0	0	0	0	0	0	0
Pct 9501 MB	VBM	9501	1	149	71	47.65	0	39	10	12	3	7	0	0	0	0	2	0
Pct 9502 MB	Election Day	9502	1	233	10	4.29	0	3	4	3	0	0	0	0	0	0	0	0
Pct 9502 MB	VBM	9502	1	233	116	49.79	0	59	25	19	3	6	5	0	0	0	0	0
Pct 9503/9504	Election Day	9503	1	725	128	17.66	1	66	26	23	1	6	0	2	0	0	4	0
Pct 9503/9504	VBM	9503	1	725	184	25.38	0	75	60	32	8	6	2	0	1	0	0	0
Pct 9505	Election Day	9505	1	756	147	19.44	0	77	31	33	1	2	0	1	0	0	0	2
Pct 9505	VBM	9505	1	756	274	36.24	3	112	78	61	3	15	0	2	1	0	1	2
Pct 9506	Election Day	9506	1	771	134	17.38	1	73	22	30	0	5	2	0	0	0	1	1
Pct 9506	VBM	9506	1	771	217	28.15	0	112	37	56	4	6	0	1	1	0	2	1
Pct 9507	Election Day	9507	1	733	170	23.19	1	70	31	60	2	4	1	0	0	0	1	0
Pct 9507	VBM	9507	1	733	218	29.74	0	96	43	70	3	5	2	0	0	0	1	0
Pct 9508	Election Day	9508	1	784	180	22.96	0	62	38	72	1	4	4	0	0	0	0	0
Pct 9508	VBM	9508	1	784	258	32.91	0	117	57	76	0	5	0	2	1	0	0	1
Pct 9509	Election Day	9509	1	719	165	22.95	0	55	43	51	5	7	2	1	1	0	1	0
Pct 9509	VBM	9509	1	719	239	33.24	0	94	63	67	5	6	2	0	0	0	3	0
Pct 9511	Election Day	9511	1	600	147	24.5	0	49	33	58	0	5	0	0	0	0	1	1
Pct 9511	VBM	9511	1	600	177	29.5	0	65	34	60	5	9	2	1	0	0	2	0
Pct 9512	Election Day	9512	1	771	161	20.88	0	60	39	57	1	5	0	0	0	0	0	1
Pct 9512	VBM	9512	1	771	251	32.56	0	94	61	82	5	11	1	0	1	0	1	0
Pct 9513	Election Day	9513	1	864	200	23.15	0	102	38	53	2	3	1	0	0	0	1	0
Pct 9513	VBM	9513	1	864	261	30.21	0	102	59	83	0	7	1	1	0	0	3	1
Pct 9514/9522	Election Day	9514	1	869	229	26.35	0	84	45	78	6	9	0	3	0	0	2	0
Pct 9514/9522	VBM	9514	1	869	257	29.57	0	103	58	74	2	10	2	4	0	0	2	1
Pct 9515	Election Day	9515	1	685	159	23.21	0	61	33	50	1	9	1	2	0	0	2	0
Pct 9515	VBM	9515	1	685	243	35.47	0	87	58	65	4	9	3	11	2	0	3	1
Pct 9516	Election Day	9516	1	864	206	23.84	2	66	40	70	9	14	0	3	0	0	2	1
Pct 9516	VBM	9516	1	864	269	31.13	0	111	60	64	9	19	0	6	0	0	0	1
Pct 9517	Election Day	9517	1	768	197	25.65	1	66	32	82	2	11	1	2	0	0	0	0
Pct 9517	VBM	9517	1	768	235	30.6	1	69	55	84	8	13	1	4	0	0	1	0
Pct 9518	Election Day	9518	1	783	180	22.99	0	62	39	74	1	2	0	1	0	0	1	0
Pct 9518	VBM	9518	1	783	242	30.91	0	96	53	74	7	3	2	3	0	0	4	1
Pct 9519	Election Day	9519	1	850	217	25.53	0	68	47	83	2	13	0	3	0	0	0	1
Pct 9519	VBM	9519	1	850	294	34.59	0	98	82	84	4	13	1	4	0	0	6	2
Pct 9521	Election Day	9521	1	893	254	28.44	1	89	46	100	1	13	0	0	2	0	2	0
Pct 9521	VBM	9521	1	893	290	32.47	1	123	46	84	10	16	2	4	0	0	3	0
Pct 9701	Election Day	9701	1	665	156	23.46	0	40	28	71	2	9	0	3	1	0	1	1
Pct 9701	VBM	9701	1	665	235	35.34	0	82	46	64	7	14	1	17	0	0	4	2
Pct 9702	Election Day	9702	1	710	194	27.32	0	64	53	69	1	3	1	2	0	0	1	0
Pct 9702	VBM	9702	1	710	231	32.54	1	80	61	55	6	14	2	9	0	0	2	0
Pct 9703	Election Day	9703	1	931	182	19.55	0	67	40	37	7	14	4	9	2	0	1	0
Pct 9703	VBM	9703	1	931	373	40.06	1	152	69	83	6	37	3	19	0	0	4	0
Pct 9704	Election Day	9704	1	942	191	20.28	0	67	47	63	2	9	1	3	0	0	0	0
Pct 9704	VBM	9704	1	942	354	37.58	2	148	78	74	8	29	2	6	0	0	3	3
Pct 9705	Election Day	9705	1	879	208	23.66	0	85	38	58	6	14	2	2	1	0	2	0
Pct 9705	VBM	9705	1	879	309	35.15	1	102	91	82	7	13	1	12	0	0	0	0
Pct 9706 MB	Election Day	9706	1	51	2	3.92	0	1	1	0	0	0	0	0	0	0	0	0
Pct 9706 MB	VBM	9706	1	51	32	62.75	0	10	8	11	1	2	0	0	0	0	0	0
Pct 9707	Election Day	9707	1	799	121	15.14	1	50	21	28	3	12	0	4	0	0	2	0
Pct 9707	VBM	9707	1	799	355	44.43	0	129	90	66	11	33	1	21	0	0	4	1
Pct 9708	Election Day	9708	1	919	193	21	1	58	46	68	1	10	2	2	1	0	3	0
Pct 9708	VBM	9708	1	919	324	35.26	1	121	80	84	5	14	3	12	1	0	2	0
Pct 9709	Election Day	9709	1	998	196	19.64	0	70	33	46	4	27	2	10	2	0	2	0
Pct 9709	VBM	9709	1	998	355	35.57	0	140	78	54	12	32	6	26	0	0	6	1
Pct 9711	Election Day	9711	1	625	167	26.72	0	62	52	30	8	11	1	1	0	0	2	0
Pct 9711	VBM	9711	1	625	254	40.64	0	84	77	47	11	27	2	6	0	0	1	1
Pct 9712	Election Day	9712	1	651	134	20.58	0	66	26	23	4	14	0	1	0	0	1	0
Pct 9712	VBM	9712	1	651	288	44.24	1	124	53	62	16	17	0	3	1	0	10	2
Pct 9713	Election Day	9713	1	930	161	17.31	0	61	28	35	7	11	2	15	0	0	2	0
Pct 9713	VBM	9713	1	930	362	38.92	1	143	61	81	10	25	1	33	1	0	7	0
Pct 9714	Election Day	9714	1	911	154	16.9	1	68	35	18	3	20	2	5	1	0	1	0
Pct 9714	VBM	9714	1	911	367	40.29	0	170	74	55	19	35	4	11	0	0	2	0
Pct 9715	Election Day	9715	1	566	162	28.62	0	88	35	24	2	11	0	1	0	0	0	1
Pct 9715	VBM	9715	1	566	218	38.52	1	95	50	28	14	22	1	5	0	0	1	1
Pct 9716	Election Day	9716	1	928	198	21.34	0	69	42	41	5	37	0	3	1	0	0	0
Pct 9716	VBM	9716	1	928	368	39.66	0	132	62	58	14	54	3	40	1	0	4	1
Pct 9717	Election Day	9717	1	967	206	21.3	1	76	35	40	10	36	2	5	1	0	0	0
Pct 9717	VBM	9717	1	967	371	38.37	0	159	69	64	14	36	7	23	1	0	1	0
Pct 9718	Election Day	9718	1	843	183	21.71	0	90	24	31	6	24	1	5	0	0	2	0
Pct 9718	VBM	9718	1	843	385	45.67	2	149	85	66	19	45	0	15	2	0	0	0
Pct 9719	Election Day	9719	1	863	186	21.55	0	77	40	31	9	25	1	2	0	0	1	0
Pct 9719	VBM	9719	1	863	389	45.08	0	191	84	51	10	38	2	7	2	0	3	0
Pct 9721	Election Day	9721	1	653	182	27.87	2	69	40	28	8	31	0	2	0	0	2	0
Pct 9721	VBM	9721	1	653	250	38.28	1	103	70	21	14	34	0	3	2	0	2	2
Pct 9722	Election Day	9722	1	593	86	14.5	1	45	13	14	4	7	0	1	0	0	1	0
Pct 9722	VBM	9722	1	593	269	45.36	0	107	49	33	18	44	6	12	1	0	2	0
Pct 9723	Election Day	9723	1	458	74	16.16	0	30	16	7	4	13	0	2	0	0	2	0
Pct 9723	VBM	9723	1	458	198	43.23	1	69	44	24	4	37	0	14	1	0	5	0
Pct 9724	Election Day	9724	1	950	144	15.16	0	61	21	18	9	28	0	4	1	0	2	0
Pct 9724	VBM	9724	1	950	386	40.63	1	179	66	38	17	45	1	35	0	0	6	1
Pct 9725	Election Day	9725	1	941	118	12.54	0	52	16	17	5	18	0	5	1	0	4	0
Pct 9725	VBM	9725	1	941	350	37.19	0	142	47	41	24	69	3	19	0	0	3	0
Pct 9726	Election Day	9726	1	685	83	12.12	0	24	12	25	6	12	2	2	0	0	0	0
Pct 9726	VBM	9726	1	685	137	20	0	43	25	27	10	19	1	9	0	0	2	1
Pct 9727	Election Day	9727	1	435	60	13.79	0	32	11	5	2	9	0	1	0	0	0	0
Pct 9727	VBM	9727	1	435	205	47.13	0	75	38	23	16	35	1	13	0	0	1	1
Pct 9728	Election Day	9728	1	906	204	22.52	1	80	51	21	7	35	1	6	1	0	2	0
Pct 9728	VBM	9728	1	906	378	41.72	2	169	81	38	15	47	2	15	3	0	7	2
Pct 9729	Election Day	9729	1	782	161	20.59	1	86	34	10	6	18	0	5	0	0	0	0
Pct 9729	VBM	9729	1	782	304	38.87	2	157	59	23	11	39	2	6	2	0	3	1
Pct 9731	Election Day	9731	1	529	138	26.09	0	59	36	13	8	17	1	1	0	0	1	1
Pct 9731	VBM	9731	1	529	189	35.73	0	82	31	35	10	21	1	4	3	0	1	0
Pct 9732 MB	Election Day	9732	1	73	3	4.11	0	1	2	0	0	0	0	0	0	0	0	0
Pct 9732 MB	VBM	9732	1	73	43	58.9	0	21	10	6	0	3	0	3	0	0	0	0
Pct 9733 MB	Election Day	9733	1	224	4	1.79	0	1	2	1	0	0	0	0	0	0	0	0
Pct 9733 MB	VBM	9733	1	224	146	65.18	0	54	42	25	4	14	2	0	1	0	3	1
Pct 9734	Election Day	9734	1	577	122	21.14	0	73	28	4	2	9	0	4	0	0	2	0
Pct 9734	VBM	9734	1	577	261	45.23	0	107	69	22	20	32	2	5	0	0	4	0
Pct 9735	Election Day	9735	1	782	167	21.36	0	80	40	12	9	17	1	0	1	0	5	1
Pct 9735	VBM	9735	1	782	344	43.99	0	139	84	44	23	45	0	7	1	0	1	0
Pct 9736	Election Day	9736	1	699	145	20.74	1	73	21	23	6	13	1	2	1	0	3	0
Pct 9736	VBM	9736	1	699	305	43.63	0	125	73	57	8	28	4	6	0	0	4	1
Pct 9737	Election Day	9737	1	792	175	22.1	0	72	49	30	4	15	1	2	1	0	1	0
Pct 9737	VBM	9737	1	792	343	43.31	0	111	126	58	6	28	2	13	0	0	3	0
Pct 9738	Election Day	9738	1	830	99	11.93	0	27	25	28	4	11	0	1	0	0	3	0
Pct 9738	VBM	9738	1	830	263	31.69	0	88	72	44	13	31	4	4	1	0	4	1
Pct 9739	Election Day	9739	1	826	126	15.25	1	30	29	41	7	9	0	3	1	0	3	1
Pct 9739	VBM	9739	1	826	193	23.37	3	71	34	47	7	24	1	3	0	0	6	1
Pct 9741	Election Day	9741	1	1022	19	1.86	0	5	4	6	0	2	1	0	0	0	1	0
Pct 9741	VBM	9741	1	1022	24	2.35	0	7	5	7	0	3	2	0	0	0	0	0
Pct 9742	Election Day	9742	1	647	134	20.71	1	59	21	23	6	14	0	7	0	0	3	0
Pct 9742	VBM	9742	1	647	187	28.9	0	68	47	26	8	18	0	19	0	0	2	0
Pct 9743	Election Day	9743	1	1093	172	15.74	0	52	40	57	4	16	1	1	0	0	0	0
Pct 9743	VBM	9743	1	1093	317	29	3	111	83	66	10	32	4	5	0	0	4	0
Pct 9744	Election Day	9744	1	902	141	15.63	1	38	26	47	14	11	1	3	0	0	0	0
Pct 9744	VBM	9744	1	902	234	25.94	1	72	50	53	24	24	1	5	1	0	3	1
Pct 9745	Election Day	9745	1	934	141	15.1	0	48	20	41	8	15	3	1	0	0	2	2
Pct 9745	VBM	9745	1	934	205	21.95	1	72	38	56	13	19	2	4	0	0	1	0
Pct 9746	Election Day	9746	1	867	192	22.15	0	79	35	25	12	30	0	5	1	0	6	0
Pct 9746	VBM	9746	1	867	334	38.52	0	132	76	46	12	59	0	4	0	0	4	1
Pct 9747	Election Day	9747	1	940	198	21.06	0	69	54	45	8	14	0	4	0	0	4	0
Pct 9747	VBM	9747	1	940	323	34.36	0	138	70	49	15	16	3	27	0	0	5	1
Pct 9748	Election Day	9748	1	913	164	17.96	0	79	37	21	5	11	0	9	0	0	2	0
Pct 9748	VBM	9748	1	913	342	37.46	2	118	84	74	16	27	1	15	0	0	4	0
Pct 9749	Election Day	9749	1	893	143	16.01	3	53	24	32	8	6	2	14	0	0	2	0
Pct 9749	VBM	9749	1	893	266	29.79	1	96	46	63	4	16	5	34	2	0	2	0
Pct 9751	Election Day	9751	1	977	157	16.07	2	63	41	26	2	19	2	2	0	0	2	0
Pct 9751	VBM	9751	1	977	384	39.3	0	137	83	73	11	49	2	22	1	0	7	1
Pct 9752	Election Day	9752	1	692	143	20.66	0	60	27	34	2	11	1	2	1	0	5	1
Pct 9752	VBM	9752	1	692	305	44.08	1	101	69	66	12	34	2	17	0	0	2	0
Pct 9753	Election Day	9753	1	735	148	20.14	1	50	42	36	0	14	1	2	0	0	2	0
Pct 9753	VBM	9753	1	735	266	36.19	2	91	62	67	11	21	2	11	0	0	0	1
Pct 9754	Election Day	9754	1	701	169	24.11	0	54	51	42	2	16	1	3	0	0	1	0
Pct 9754	VBM	9754	1	701	296	42.23	0	112	82	62	4	24	4	4	1	0	0	1
Pct 9755	Election Day	9755	1	553	120	21.7	0	38	32	28	1	13	2	5	0	0	2	0
Pct 9755	VBM	9755	1	553	201	36.35	0	81	38	38	7	18	0	17	0	0	2	0
Pct 9756	Election Day	9756	1	908	126	13.88	0	47	19	32	1	14	3	9	1	0	0	0
Pct 9756	VBM	9756	1	908	297	32.71	1	99	46	58	8	31	7	39	1	0	3	0
Pct 9801	Election Day	9801	1	399	76	19.05	1	23	23	9	2	8	1	9	0	0	1	0
Pct 9801	VBM	9801	1	399	148	37.09	2	57	23	29	3	20	4	8	1	0	0	1
Pct 9900 MB	Election Day	9900	1	0	0	0	0	0	0	0	0	0	0	0	0	0	0	0
Pct 9900 MB	VBM	9900	1	0	0	0	0	0	0	0	0	0	0	0	0	0	0	0
Pct 9901 MB	Election Day	9901	1	0	0	0	0	0	0	0	0	0	0	0	0	0	0	0
Pct 9901 MB	VBM	9901	1	0	0	0	0	0	0	0	0	0	0	0	0	0	0	0
Pct 9902 MB	Election Day	9902	1	0	0	0	0	0	0	0	0	0	0	0	0	0	0	0
Pct 9902 MB	VBM	9902	1	0	0	0	0	0	0	0	0	0	0	0	0	0	0	0
