PrecinctName	ReportingType	PrecinctID	Precincts	Registration	Ballots Cast	Turnout (%)	ALEX PADILLA	GAIL K. LIGHTFOOT	C.T. WEBER	ERIK RYDBERG	RAUL RODRIGUEZ JR	MICHAEL FEINSTEIN	RUBEN MAJOR	MARK P. MEUSER	WRITE-IN	Under Vote	Over Vote
Pct 1101	Election Day	1101	1	544	83	15.26	55	3	0	0	5	5	3	1	0	11	0
Pct 1101	VBM	1101	1	544	198	36.4	121	4	3	0	4	5	20	18	0	22	1
Pct 1102	Election Day	1102	1	964	188	19.5	126	5	2	1	1	4	11	13	0	25	0
Pct 1102	VBM	1102	1	964	337	34.96	213	4	7	0	14	7	22	27	0	43	0
Pct 1103	Election Day	1103	1	914	163	17.83	97	1	3	5	8	9	10	10	1	19	0
Pct 1103	VBM	1103	1	914	348	38.07	207	4	6	5	14	13	21	40	0	37	1
Pct 1104/1105	Election Day	1104	1	953	167	17.52	97	4	2	2	9	6	8	16	0	22	1
Pct 1104/1105	VBM	1104	1	953	292	30.64	169	2	8	4	2	13	24	25	1	43	1
Pct 1106	Election Day	1106	1	740	113	15.27	75	2	2	0	2	3	4	10	0	15	0
Pct 1106	VBM	1106	1	740	231	31.22	123	5	5	3	3	10	17	38	1	26	0
Pct 1107	Election Day	1107	1	721	101	14.01	64	1	2	1	4	6	4	7	0	12	0
Pct 1107	VBM	1107	1	721	240	33.29	130	5	5	2	1	8	8	31	1	48	1
Pct 1108	Election Day	1108	1	882	156	17.69	91	3	2	1	5	8	10	6	2	28	0
Pct 1108	VBM	1108	1	882	328	37.19	207	11	8	1	7	9	19	23	0	43	0
Pct 1109	Election Day	1109	1	758	124	16.36	72	5	4	1	7	4	13	4	0	14	0
Pct 1109	VBM	1109	1	758	265	34.96	148	5	8	4	5	5	17	34	0	39	0
Pct 1111	Election Day	1111	1	938	132	14.07	77	3	5	3	4	4	12	7	0	17	0
Pct 1111	VBM	1111	1	938	330	35.18	178	6	10	7	8	11	17	39	0	54	0
Pct 1112	Election Day	1112	1	702	96	13.68	55	0	3	1	3	4	5	3	1	21	0
Pct 1112	VBM	1112	1	702	221	31.48	123	6	3	3	8	0	16	17	0	44	1
Pct 1113	Election Day	1113	1	701	82	11.7	47	4	1	0	4	3	6	4	1	12	0
Pct 1113	VBM	1113	1	701	272	38.8	136	5	15	2	9	3	13	38	2	47	2
Pct 1114	Election Day	1114	1	915	139	15.19	76	0	2	2	5	10	9	11	0	24	0
Pct 1114	VBM	1114	1	915	280	30.6	165	2	3	6	10	4	20	33	0	37	0
Pct 1115	Election Day	1115	1	835	97	11.62	57	1	2	4	3	9	6	4	2	9	0
Pct 1115	VBM	1115	1	835	279	33.41	145	3	9	2	5	11	14	34	0	55	1
Pct 1116	Election Day	1116	1	842	141	16.75	74	6	2	0	5	9	18	3	0	24	0
Pct 1116	VBM	1116	1	842	275	32.66	145	10	8	2	9	11	13	24	0	51	2
Pct 1117	Election Day	1117	1	827	138	16.69	72	4	3	2	6	8	13	5	0	25	0
Pct 1117	VBM	1117	1	827	240	29.02	132	2	5	5	4	9	21	28	0	34	0
Pct 1118	Election Day	1118	1	974	158	16.22	88	2	4	2	6	13	15	5	0	23	0
Pct 1118	VBM	1118	1	974	335	34.39	197	5	3	5	7	10	23	34	1	49	1
Pct 1119	Election Day	1119	1	745	97	13.02	59	4	3	1	1	5	5	5	3	11	0
Pct 1119	VBM	1119	1	745	274	36.78	168	8	3	0	5	6	20	32	1	31	0
Pct 1121	Election Day	1121	1	653	104	15.93	49	4	3	0	8	4	10	10	0	16	0
Pct 1121	VBM	1121	1	653	221	33.84	102	1	6	1	9	12	23	23	0	44	0
Pct 1122	Election Day	1122	1	607	69	11.37	39	2	2	1	1	3	1	5	1	14	0
Pct 1122	VBM	1122	1	607	213	35.09	82	11	4	1	7	8	11	31	0	58	0
Pct 1123	Election Day	1123	1	876	118	13.47	60	4	2	4	0	9	12	4	2	21	0
Pct 1123	VBM	1123	1	876	254	29	145	3	7	4	9	10	19	28	2	26	1
Pct 1124	Election Day	1124	1	773	109	14.1	54	3	4	1	5	3	9	4	0	25	1
Pct 1124	VBM	1124	1	773	200	25.87	114	1	5	3	5	10	17	19	0	26	0
Pct 1125	Election Day	1125	1	987	80	8.11	37	5	3	1	1	5	7	4	1	16	0
Pct 1125	VBM	1125	1	987	329	33.33	189	11	9	2	16	7	17	37	2	38	1
Pct 1126	Election Day	1126	1	900	92	10.22	52	0	4	1	4	7	9	3	0	12	0
Pct 1126	VBM	1126	1	900	292	32.44	157	5	13	5	8	14	22	22	2	43	1
Pct 1127	Election Day	1127	1	875	141	16.11	68	0	2	2	8	13	13	11	2	21	1
Pct 1127	VBM	1127	1	875	277	31.66	153	2	5	0	11	8	16	39	0	42	1
Pct 1128	Election Day	1128	1	813	104	12.79	56	1	1	2	5	4	7	8	0	20	0
Pct 1128	VBM	1128	1	813	246	30.26	110	10	10	2	7	10	19	42	0	36	0
Pct 1129	Election Day	1129	1	924	120	12.99	63	4	1	2	4	10	10	10	1	15	0
Pct 1129	VBM	1129	1	924	274	29.65	157	4	10	3	7	7	17	39	1	28	1
Pct 1131	Election Day	1131	1	783	85	10.86	48	2	1	1	6	7	3	8	0	9	0
Pct 1131	VBM	1131	1	783	288	36.78	147	6	8	2	10	5	27	44	0	38	1
Pct 1132	Election Day	1132	1	910	112	12.31	65	3	5	2	5	3	4	2	0	23	0
Pct 1132	VBM	1132	1	910	324	35.6	166	8	7	4	12	9	15	43	0	58	2
Pct 1133	Election Day	1133	1	826	99	11.99	58	1	4	1	4	5	8	7	0	11	0
Pct 1133	VBM	1133	1	826	292	35.35	151	4	3	3	5	25	18	32	5	46	0
Pct 1134	Election Day	1134	1	727	126	17.33	86	3	5	0	1	4	8	3	0	16	0
Pct 1134	VBM	1134	1	727	241	33.15	135	4	4	0	10	2	15	18	1	52	0
Pct 1135	Election Day	1135	1	511	71	13.89	47	1	1	0	1	3	3	3	0	11	1
Pct 1135	VBM	1135	1	511	217	42.47	124	5	2	4	3	8	13	25	0	32	1
Pct 1136	Election Day	1136	1	807	97	12.02	50	4	3	1	3	5	6	11	1	12	1
Pct 1136	VBM	1136	1	807	287	35.56	158	6	9	0	9	2	20	36	2	45	0
Pct 1141	Election Day	1141	1	998	149	14.93	91	3	1	5	7	7	4	10	0	21	0
Pct 1141	VBM	1141	1	998	368	36.87	247	3	5	7	9	14	15	33	0	35	0
Pct 1142	Election Day	1142	1	822	120	14.6	82	1	0	5	5	5	2	4	0	16	0
Pct 1142	VBM	1142	1	822	266	32.36	157	7	7	5	11	13	10	25	0	31	0
Pct 1143	Election Day	1143	1	989	147	14.86	102	0	5	3	6	7	4	6	1	13	0
Pct 1143	VBM	1143	1	989	311	31.45	170	2	4	0	15	12	17	32	2	56	1
Pct 1144	Election Day	1144	1	870	148	17.01	98	2	4	3	5	1	6	11	0	17	1
Pct 1144	VBM	1144	1	870	264	30.34	153	4	5	4	13	9	5	40	0	31	0
Pct 1145	Election Day	1145	1	879	136	15.47	86	2	1	1	7	6	7	4	0	22	0
Pct 1145	VBM	1145	1	879	370	42.09	250	3	6	5	2	13	12	32	0	47	0
Pct 1146	Election Day	1146	1	971	124	12.77	77	4	1	3	5	7	3	5	1	18	0
Pct 1146	VBM	1146	1	971	326	33.57	194	5	6	3	12	14	15	27	0	47	3
Pct 1147	Election Day	1147	1	853	166	19.46	104	3	1	2	11	8	1	6	0	30	0
Pct 1147	VBM	1147	1	853	279	32.71	171	5	7	10	9	6	8	26	0	36	1
Pct 1148	Election Day	1148	1	918	121	13.18	73	3	0	3	5	5	2	11	0	19	0
Pct 1148	VBM	1148	1	918	314	34.2	173	9	5	2	12	11	21	33	1	47	0
Pct 1149	Election Day	1149	1	873	148	16.95	90	3	8	2	8	9	4	9	1	14	0
Pct 1149	VBM	1149	1	873	285	32.65	179	8	7	7	11	8	7	29	0	25	4
Pct 1151 MB	Election Day	1151	1	0	0	0	0	0	0	0	0	0	0	0	0	0	0
Pct 1151 MB	VBM	1151	1	0	0	0	0	0	0	0	0	0	0	0	0	0	0
Pct 1152	Election Day	1152	1	838	125	14.92	65	8	4	2	6	8	4	11	1	16	0
Pct 1152	VBM	1152	1	838	286	34.13	172	2	7	11	7	9	16	27	0	35	0
Pct 1153	Election Day	1153	1	909	139	15.29	80	4	1	5	2	5	3	13	0	24	2
Pct 1153	VBM	1153	1	909	306	33.66	187	9	2	4	15	7	18	27	0	36	1
Pct 1154 MB	Election Day	1154	1	0	0	0	0	0	0	0	0	0	0	0	0	0	0
Pct 1154 MB	VBM	1154	1	0	0	0	0	0	0	0	0	0	0	0	0	0	0
Pct 7001	Election Day	7001	1	735	119	16.19	87	1	2	1	0	1	3	0	1	22	1
Pct 7001	VBM	7001	1	735	266	36.19	203	0	1	4	5	6	4	5	1	37	0
Pct 7002	Election Day	7002	1	641	132	20.59	104	1	0	0	2	7	1	1	0	16	0
Pct 7002	VBM	7002	1	641	173	26.99	136	3	2	3	2	3	2	12	0	10	0
Pct 7003	Election Day	7003	1	864	188	21.76	136	2	5	5	2	3	2	7	0	25	1
Pct 7003	VBM	7003	1	864	340	39.35	267	2	2	4	1	5	2	24	0	33	0
Pct 7004	Election Day	7004	1	835	175	20.96	126	7	1	3	1	5	5	6	0	21	0
Pct 7004	VBM	7004	1	835	306	36.65	228	4	2	1	3	3	6	21	0	38	0
Pct 7005	Election Day	7005	1	812	180	22.17	132	4	1	1	1	7	3	3	0	28	0
Pct 7005	VBM	7005	1	812	295	36.33	240	6	0	1	2	11	3	11	0	21	0
Pct 7006	Election Day	7006	1	884	213	24.1	151	5	3	1	5	11	10	2	0	25	0
Pct 7006	VBM	7006	1	884	290	32.81	217	5	1	1	2	12	9	13	0	30	0
Pct 7007	Election Day	7007	1	916	233	25.44	173	5	0	1	0	8	9	5	1	31	0
Pct 7007	VBM	7007	1	916	323	35.26	253	4	1	3	2	4	4	8	0	44	0
Pct 7008	Election Day	7008	1	861	187	21.72	139	7	1	1	2	3	3	3	0	28	0
Pct 7008	VBM	7008	1	861	345	40.07	256	3	2	5	5	11	8	17	0	38	0
Pct 7009	Election Day	7009	1	864	133	15.39	87	3	3	2	3	2	7	6	0	20	0
Pct 7009	VBM	7009	1	864	312	36.11	231	7	5	3	3	9	7	15	1	31	0
Pct 7011	Election Day	7011	1	976	141	14.45	97	5	0	2	0	10	3	3	0	21	0
Pct 7011	VBM	7011	1	976	205	21	139	6	3	3	4	9	7	4	1	28	1
Pct 7012	Election Day	7012	1	1061	224	21.11	150	7	2	5	1	4	8	19	0	28	0
Pct 7012	VBM	7012	1	1061	383	36.1	281	2	0	2	3	12	9	25	0	49	0
Pct 7013	Election Day	7013	1	805	132	16.4	104	3	2	1	2	2	3	2	1	12	0
Pct 7013	VBM	7013	1	805	251	31.18	189	4	3	1	2	9	4	12	1	25	1
Pct 7014	Election Day	7014	1	1213	188	15.5	146	9	1	3	1	6	5	4	0	13	0
Pct 7014	VBM	7014	1	1213	434	35.78	342	6	2	2	7	10	11	12	0	42	0
Pct 7015 MB	Election Day	7015	1	93	0	0	0	0	0	0	0	0	0	0	0	0	0
Pct 7015 MB	VBM	7015	1	93	34	36.56	30	0	0	0	0	1	0	2	0	1	0
Pct 7016	Election Day	7016	1	891	112	12.57	57	5	2	1	3	1	13	4	0	25	1
Pct 7016	VBM	7016	1	891	221	24.8	126	4	6	4	2	8	16	11	0	42	2
Pct 7017	Election Day	7017	1	734	79	10.76	33	1	3	1	2	4	7	0	0	27	1
Pct 7017	VBM	7017	1	734	167	22.75	103	11	4	1	1	6	9	4	0	27	1
Pct 7018	Election Day	7018	1	908	88	9.69	47	1	2	2	3	3	6	4	0	20	0
Pct 7018	VBM	7018	1	908	343	37.78	190	3	11	5	8	4	15	34	3	68	2
Pct 7019	Election Day	7019	1	864	111	12.85	67	4	3	2	2	4	4	2	1	22	0
Pct 7019	VBM	7019	1	864	349	40.39	236	5	2	2	11	11	13	32	1	36	0
Pct 7021	Election Day	7021	1	927	129	13.92	72	3	1	2	3	6	12	5	0	25	0
Pct 7021	VBM	7021	1	927	220	23.73	147	4	4	2	4	7	6	14	0	32	0
Pct 7022	Election Day	7022	1	923	164	17.77	101	5	9	1	4	10	7	4	0	23	0
Pct 7022	VBM	7022	1	923	270	29.25	179	5	2	7	3	8	16	14	1	35	0
Pct 7023	Election Day	7023	1	906	131	14.46	74	5	2	2	1	9	8	6	0	23	1
Pct 7023	VBM	7023	1	906	301	33.22	200	10	7	0	4	8	19	12	1	40	0
Pct 7024	Election Day	7024	1	386	30	7.77	13	0	0	0	0	4	2	1	1	9	0
Pct 7024	VBM	7024	1	386	47	12.18	29	1	0	2	0	4	2	4	0	5	0
Pct 7025	Election Day	7025	1	448	66	14.73	37	2	3	2	1	4	5	3	0	9	0
Pct 7025	VBM	7025	1	448	78	17.41	51	2	3	2	2	2	3	3	0	10	0
Pct 7026	Election Day	7026	1	971	90	9.27	50	2	1	1	1	3	8	6	0	18	0
Pct 7026	VBM	7026	1	971	350	36.05	189	9	6	7	7	10	15	35	0	71	1
Pct 7027	Election Day	7027	1	845	136	16.09	70	4	2	1	3	6	9	7	1	33	0
Pct 7027	VBM	7027	1	845	271	32.07	143	8	8	4	7	8	16	31	1	45	0
Pct 7028	Election Day	7028	1	835	157	18.8	96	4	6	0	3	11	10	3	0	24	0
Pct 7028	VBM	7028	1	835	180	21.56	119	5	3	4	3	4	10	5	1	26	0
Pct 7029	Election Day	7029	1	855	115	13.45	64	4	6	0	2	2	15	0	0	21	1
Pct 7029	VBM	7029	1	855	166	19.42	110	4	3	0	4	8	11	9	2	14	1
Pct 7030	Election Day	7030	1	729	94	12.89	44	2	0	1	7	5	6	13	0	16	0
Pct 7030	VBM	7030	1	729	277	38	136	13	7	2	10	9	10	41	1	47	1
Pct 7031	Election Day	7031	1	611	50	8.18	28	3	2	0	1	4	1	0	0	11	0
Pct 7031	VBM	7031	1	611	224	36.66	125	4	8	1	3	8	11	20	0	44	0
Pct 7032	Election Day	7032	1	867	126	14.53	61	8	4	1	7	5	7	5	0	27	1
Pct 7032	VBM	7032	1	867	238	27.45	146	1	4	1	2	12	17	19	0	35	1
Pct 7033	Election Day	7033	1	765	135	17.65	69	9	2	0	4	10	9	6	2	23	1
Pct 7033	VBM	7033	1	765	181	23.66	120	5	1	3	6	4	8	6	1	26	1
Pct 7034	Election Day	7034	1	914	97	10.61	43	5	2	3	3	7	8	1	0	24	1
Pct 7034	VBM	7034	1	914	154	16.85	95	6	1	0	3	10	9	2	2	26	0
Pct 7035	Election Day	7035	1	553	73	13.2	44	4	1	2	0	4	1	2	1	14	0
Pct 7035	VBM	7035	1	553	170	30.74	110	2	2	4	4	5	7	12	0	24	0
Pct 7036	Election Day	7036	1	898	52	5.79	25	0	3	4	3	2	0	6	0	9	0
Pct 7036	VBM	7036	1	898	265	29.51	155	4	8	3	8	10	15	39	0	23	0
Pct 7037	Election Day	7037	1	730	73	10	30	3	1	0	3	4	8	0	0	24	0
Pct 7037	VBM	7037	1	730	64	8.77	38	5	1	0	3	1	3	7	0	6	0
Pct 7038	Election Day	7038	1	880	84	9.55	42	2	1	0	5	5	6	8	0	15	0
Pct 7038	VBM	7038	1	880	255	28.98	125	9	5	5	3	15	12	23	2	54	2
Pct 7039	Election Day	7039	1	768	111	14.45	63	4	2	1	4	3	4	15	0	15	0
Pct 7039	VBM	7039	1	768	225	29.3	124	6	2	3	7	8	5	28	1	41	0
Pct 7041 MB	Election Day	7041	1	60	0	0	0	0	0	0	0	0	0	0	0	0	0
Pct 7041 MB	VBM	7041	1	60	24	40	16	0	0	0	1	2	0	3	0	2	0
Pct 7042	Election Day	7042	1	632	75	11.87	46	4	1	1	2	5	3	3	0	9	1
Pct 7042	VBM	7042	1	632	191	30.22	107	6	6	2	3	7	10	17	0	33	0
Pct 7043	Election Day	7043	1	915	97	10.6	56	6	1	1	0	1	9	1	0	22	0
Pct 7043	VBM	7043	1	915	282	30.82	183	3	2	2	4	15	17	14	0	41	1
Pct 7044	Election Day	7044	1	805	86	10.68	33	4	3	1	2	4	9	1	0	29	0
Pct 7044	VBM	7044	1	805	125	15.53	63	1	6	4	6	3	8	9	0	24	1
Pct 7045	Election Day	7045	1	763	87	11.4	40	2	2	1	5	3	6	6	0	22	0
Pct 7045	VBM	7045	1	763	282	36.96	136	11	4	9	2	8	9	39	1	62	1
Pct 7046	Election Day	7046	1	385	54	14.03	31	1	1	0	1	3	2	4	1	10	0
Pct 7046	VBM	7046	1	385	136	35.32	81	3	2	1	3	4	3	21	0	18	0
Pct 7047	Election Day	7047	1	781	68	8.71	43	1	0	1	2	4	3	0	0	14	0
Pct 7047	VBM	7047	1	781	298	38.16	187	0	6	2	10	6	14	26	1	46	0
Pct 7048	Election Day	7048	1	815	94	11.53	55	4	1	1	3	4	12	2	0	12	0
Pct 7048	VBM	7048	1	815	248	30.43	131	3	2	6	9	4	16	21	3	53	0
Pct 7049	Election Day	7049	1	751	108	14.38	55	2	3	3	4	7	7	6	1	20	0
Pct 7049	VBM	7049	1	751	241	32.09	113	7	7	2	12	9	12	31	0	48	0
Pct 7051	Election Day	7051	1	839	70	8.34	34	2	2	0	2	4	6	5	0	15	0
Pct 7051	VBM	7051	1	839	302	36	138	7	14	6	20	15	19	30	0	53	0
Pct 7052	Election Day	7052	1	806	120	14.89	71	4	5	2	0	3	5	8	0	22	0
Pct 7052	VBM	7052	1	806	278	34.49	158	4	5	3	3	6	12	39	0	48	0
Pct 7053	Election Day	7053	1	548	44	8.03	23	2	0	2	1	3	0	3	0	10	0
Pct 7053	VBM	7053	1	548	205	37.41	127	4	3	2	5	5	5	23	1	30	0
Pct 7054	Election Day	7054	1	1024	141	13.77	87	5	2	4	2	9	8	2	0	21	1
Pct 7054	VBM	7054	1	1024	275	26.86	165	10	5	0	7	9	25	21	0	33	0
Pct 7055	Election Day	7055	1	699	83	11.87	55	4	0	1	1	0	0	4	2	16	0
Pct 7055	VBM	7055	1	699	256	36.62	163	5	3	3	4	16	6	15	0	41	0
Pct 7101 MB	Election Day	7101	1	141	2	1.42	2	0	0	0	0	0	0	0	0	0	0
Pct 7101 MB	VBM	7101	1	141	83	58.87	70	1	0	0	0	4	0	2	0	6	0
Pct 7201	Election Day	7201	1	900	147	16.33	99	2	2	2	2	5	5	8	0	22	0
Pct 7201	VBM	7201	1	900	333	37	225	10	2	1	0	9	6	35	0	44	1
Pct 7202	Election Day	7202	1	830	138	16.63	94	6	1	0	4	4	2	12	0	15	0
Pct 7202	VBM	7202	1	830	271	32.65	163	4	2	1	3	5	4	57	0	32	0
Pct 7203	Election Day	7203	1	867	174	20.07	119	6	0	1	2	6	6	4	0	30	0
Pct 7203	VBM	7203	1	867	243	28.03	178	2	0	0	2	5	6	21	0	29	0
Pct 7204	Election Day	7204	1	888	157	17.68	102	4	2	0	2	5	9	11	0	21	1
Pct 7204	VBM	7204	1	888	340	38.29	239	6	2	1	5	8	8	31	0	40	0
Pct 7205	Election Day	7205	1	847	183	21.61	127	3	1	1	5	8	1	15	0	22	0
Pct 7205	VBM	7205	1	847	309	36.48	215	3	0	0	10	7	7	33	0	34	0
Pct 7206	Election Day	7206	1	375	88	23.47	60	0	2	0	2	3	3	1	1	16	0
Pct 7206	VBM	7206	1	375	124	33.07	80	4	0	3	0	4	5	6	0	20	2
Pct 7207	Election Day	7207	1	744	119	15.99	75	0	1	0	1	6	2	9	1	24	0
Pct 7207	VBM	7207	1	744	231	31.05	153	4	2	2	3	9	6	18	0	33	1
Pct 7208	Election Day	7208	1	567	76	13.4	50	2	0	0	1	4	4	3	0	12	0
Pct 7208	VBM	7208	1	567	206	36.33	131	5	1	0	1	10	8	21	0	25	4
Pct 7209	Election Day	7209	1	586	69	11.77	46	1	1	0	3	2	1	4	0	11	0
Pct 7209	VBM	7209	1	586	326	55.63	218	5	1	1	2	3	6	36	0	54	0
Pct 7301	Election Day	7301	1	1002	150	14.97	84	3	1	4	5	9	8	6	2	28	0
Pct 7301	VBM	7301	1	1002	299	29.84	169	7	3	2	4	10	15	39	0	50	0
Pct 7302	Election Day	7302	1	806	121	15.01	76	4	1	2	1	3	3	10	1	20	0
Pct 7302	VBM	7302	1	806	352	43.67	239	8	2	7	3	5	7	38	0	43	0
Pct 7303	Election Day	7303	1	986	167	16.94	107	3	0	1	1	7	4	12	0	32	0
Pct 7303	VBM	7303	1	986	318	32.25	217	7	2	0	3	5	13	27	0	44	0
Pct 7304	Election Day	7304	1	972	203	20.88	138	5	1	5	4	5	4	13	0	28	0
Pct 7304	VBM	7304	1	972	330	33.95	220	3	6	2	8	11	8	26	2	44	0
Pct 7305	Election Day	7305	1	851	171	20.09	115	7	1	2	3	4	5	21	1	12	0
Pct 7305	VBM	7305	1	851	306	35.96	186	5	1	4	8	9	8	37	0	48	0
Pct 7306	Election Day	7306	1	1014	179	17.65	102	8	1	3	5	8	5	8	0	39	0
Pct 7306	VBM	7306	1	1014	302	29.78	204	3	0	4	2	9	3	25	0	52	0
Pct 7307	Election Day	7307	1	726	143	19.7	102	4	1	5	2	6	4	4	0	15	0
Pct 7307	VBM	7307	1	726	226	31.13	150	4	0	1	3	5	10	22	0	31	0
Pct 7308	Election Day	7308	1	598	133	22.24	93	2	1	2	3	5	2	8	0	17	0
Pct 7308	VBM	7308	1	598	204	34.11	151	2	0	3	0	4	3	20	0	20	1
Pct 7309	Election Day	7309	1	826	160	19.37	106	5	0	2	3	6	7	7	0	24	0
Pct 7309	VBM	7309	1	826	209	25.3	140	1	2	3	3	8	4	12	0	36	0
Pct 7311	Election Day	7311	1	901	175	19.42	116	4	1	2	0	10	2	11	1	27	1
Pct 7311	VBM	7311	1	901	266	29.52	192	6	0	0	0	6	11	19	0	32	0
Pct 7312	Election Day	7312	1	810	128	15.8	80	7	2	0	4	2	5	9	0	19	0
Pct 7312	VBM	7312	1	810	332	40.99	215	8	1	8	2	4	4	39	0	50	1
Pct 7313	Election Day	7313	1	925	135	14.59	88	4	0	2	0	8	2	4	0	27	0
Pct 7313	VBM	7313	1	925	315	34.05	203	7	2	3	9	5	10	29	0	47	0
Pct 7314	Election Day	7314	1	760	92	12.11	41	1	0	4	2	1	4	11	0	27	1
Pct 7314	VBM	7314	1	760	213	28.03	107	4	3	3	5	6	12	11	0	62	0
Pct 7315	Election Day	7315	1	725	119	16.41	73	4	4	1	2	5	4	6	0	20	0
Pct 7315	VBM	7315	1	725	178	24.55	121	3	1	0	3	5	8	10	0	26	1
Pct 7316	Election Day	7316	1	824	122	14.81	77	9	0	1	2	8	5	5	0	15	0
Pct 7316	VBM	7316	1	824	266	32.28	171	6	4	6	1	4	9	19	1	45	0
Pct 7317	Election Day	7317	1	886	117	13.21	78	1	4	1	4	7	5	5	0	12	0
Pct 7317	VBM	7317	1	886	340	38.37	205	8	5	1	7	15	13	33	0	52	1
Pct 7318	Election Day	7318	1	709	123	17.35	82	2	0	1	0	2	2	9	0	25	0
Pct 7318	VBM	7318	1	709	243	34.27	163	3	4	3	0	10	7	14	0	39	0
Pct 7319	Election Day	7319	1	1035	182	17.58	115	4	0	1	3	10	9	11	0	29	0
Pct 7319	VBM	7319	1	1035	296	28.6	180	5	0	4	8	3	5	38	0	53	0
Pct 7321	Election Day	7321	1	644	100	15.53	52	5	0	3	1	3	3	6	1	26	0
Pct 7321	VBM	7321	1	644	211	32.76	124	3	6	5	3	4	10	25	0	31	0
Pct 7322	Election Day	7322	1	859	60	6.98	33	2	0	1	1	3	3	2	0	15	0
Pct 7322	VBM	7322	1	859	304	35.39	149	8	9	6	4	6	22	15	0	85	0
Pct 7323	Election Day	7323	1	881	146	16.57	90	3	1	3	1	7	2	14	0	24	1
Pct 7323	VBM	7323	1	881	273	30.99	189	3	2	2	2	6	4	18	0	47	0
Pct 7324	Election Day	7324	1	687	125	18.2	65	1	1	3	5	5	9	10	0	26	0
Pct 7324	VBM	7324	1	687	198	28.82	125	2	2	0	3	3	9	12	1	41	0
Pct 7325	Election Day	7325	1	870	150	17.24	88	4	0	1	0	13	6	9	0	29	0
Pct 7325	VBM	7325	1	870	276	31.72	182	2	2	0	7	3	10	16	1	52	1
Pct 7326	Election Day	7326	1	853	150	17.58	91	4	2	3	0	8	4	10	0	28	0
Pct 7326	VBM	7326	1	853	256	30.01	149	7	5	3	4	7	11	25	0	45	0
Pct 7327	Election Day	7327	1	684	62	9.06	29	2	2	0	1	3	4	4	0	17	0
Pct 7327	VBM	7327	1	684	277	40.5	144	6	5	2	7	8	15	22	0	68	0
Pct 7328	Election Day	7328	1	950	70	7.37	34	3	2	1	2	2	4	2	0	20	0
Pct 7328	VBM	7328	1	950	391	41.16	182	7	6	5	10	8	16	30	1	125	1
Pct 7329	Election Day	7329	1	610	71	11.64	32	2	0	1	4	4	3	11	0	14	0
Pct 7329	VBM	7329	1	610	205	33.61	119	5	2	0	4	2	5	42	0	25	1
Pct 7331	Election Day	7331	1	860	130	15.12	80	3	1	0	2	0	4	25	0	15	0
Pct 7331	VBM	7331	1	860	357	41.51	238	5	2	2	6	1	4	57	1	40	1
Pct 7332	Election Day	7332	1	799	154	19.27	100	3	3	2	1	5	10	4	0	26	0
Pct 7332	VBM	7332	1	799	209	26.16	144	3	2	4	2	6	9	16	0	22	1
Pct 7333	Election Day	7333	1	974	174	17.86	117	7	3	3	1	5	5	8	0	25	0
Pct 7333	VBM	7333	1	974	323	33.16	212	1	1	2	5	9	7	30	1	55	0
Pct 7334	Election Day	7334	1	854	113	13.23	68	6	4	2	2	3	7	6	0	15	0
Pct 7334	VBM	7334	1	854	275	32.2	189	2	3	5	5	3	8	17	1	42	0
Pct 7335	Election Day	7335	1	936	144	15.38	106	1	0	1	1	3	5	6	0	21	0
Pct 7335	VBM	7335	1	936	354	37.82	244	8	3	3	5	6	4	38	2	40	1
Pct 7336	Election Day	7336	1	920	155	16.85	105	2	1	3	4	4	5	8	0	23	0
Pct 7336	VBM	7336	1	920	324	35.22	204	2	3	3	3	7	12	47	0	42	1
Pct 7337	Election Day	7337	1	825	115	13.94	69	2	2	0	6	3	6	7	0	20	0
Pct 7337	VBM	7337	1	825	305	36.97	202	5	0	0	7	9	3	36	1	41	1
Pct 7338	Election Day	7338	1	884	100	11.31	58	1	0	1	2	2	5	6	0	25	0
Pct 7338	VBM	7338	1	884	364	41.18	203	0	4	4	5	7	15	37	0	89	0
Pct 7339	Election Day	7339	1	618	111	17.96	69	4	2	3	0	0	6	8	0	19	0
Pct 7339	VBM	7339	1	618	181	29.29	122	5	0	5	3	3	10	9	0	23	1
Pct 7341	Election Day	7341	1	877	124	14.14	82	4	4	3	2	4	3	5	0	17	0
Pct 7341	VBM	7341	1	877	246	28.05	164	7	3	6	1	12	7	18	0	28	0
Pct 7342	Election Day	7342	1	911	234	25.69	173	3	3	2	3	6	5	19	0	20	0
Pct 7342	VBM	7342	1	911	251	27.55	173	9	1	0	4	8	9	16	0	31	0
Pct 7343	Election Day	7343	1	707	144	20.37	92	4	1	1	4	9	4	2	0	27	0
Pct 7343	VBM	7343	1	707	186	26.31	130	6	2	0	2	6	5	11	0	24	0
Pct 7344	Election Day	7344	1	1039	179	17.23	115	2	4	5	3	7	3	15	0	25	0
Pct 7344	VBM	7344	1	1039	334	32.15	240	11	5	3	2	10	8	25	0	30	0
Pct 7345	Election Day	7345	1	1077	183	16.99	127	6	3	4	2	8	6	7	0	20	0
Pct 7345	VBM	7345	1	1077	283	26.28	214	5	2	2	1	12	6	15	1	25	0
Pct 7346	Election Day	7346	1	877	168	19.16	114	5	3	1	3	4	5	9	0	23	1
Pct 7346	VBM	7346	1	877	221	25.2	153	1	4	0	4	12	10	13	1	23	0
Pct 7347	Election Day	7347	1	968	137	14.15	101	4	1	3	1	4	4	4	0	14	1
Pct 7347	VBM	7347	1	968	279	28.82	222	3	2	3	3	8	4	17	0	16	1
Pct 7348	Election Day	7348	1	832	139	16.71	96	3	1	4	3	3	6	11	0	12	0
Pct 7348	VBM	7348	1	832	202	24.28	134	2	4	1	2	13	7	16	0	21	2
Pct 7349	Election Day	7349	1	921	147	15.96	96	6	1	2	1	7	5	13	0	15	1
Pct 7349	VBM	7349	1	921	282	30.62	193	6	5	2	7	8	8	18	0	35	0
Pct 7501	Election Day	7501	1	554	118	21.3	82	2	1	0	2	7	2	3	0	19	0
Pct 7501	VBM	7501	1	554	168	30.32	116	3	0	0	2	2	1	14	0	30	0
Pct 7502	Election Day	7502	1	741	113	15.25	79	3	1	1	0	3	2	9	1	14	0
Pct 7502	VBM	7502	1	741	349	47.1	244	2	2	0	3	12	12	34	2	38	0
Pct 7503	Election Day	7503	1	727	132	18.16	84	2	0	1	2	5	9	9	0	20	0
Pct 7503	VBM	7503	1	727	226	31.09	159	4	1	2	4	4	8	13	0	29	2
Pct 7504	Election Day	7504	1	484	76	15.7	46	2	0	1	0	3	3	4	1	16	0
Pct 7504	VBM	7504	1	484	158	32.64	105	6	3	2	3	2	5	8	2	22	0
Pct 7505	Election Day	7505	1	871	131	15.04	88	1	2	1	2	5	6	10	0	16	0
Pct 7505	VBM	7505	1	871	417	47.88	267	7	2	2	4	10	13	40	0	71	1
Pct 7506	Election Day	7506	1	920	133	14.46	87	3	1	2	1	10	10	3	0	15	1
Pct 7506	VBM	7506	1	920	252	27.39	156	6	2	2	4	12	13	17	1	39	0
Pct 7507	Election Day	7507	1	919	158	17.19	84	6	5	0	0	7	13	2	2	39	0
Pct 7507	VBM	7507	1	919	255	27.75	160	6	4	2	9	7	15	7	0	45	0
Pct 7508	Election Day	7508	1	702	106	15.1	62	0	0	0	1	7	3	12	0	21	0
Pct 7508	VBM	7508	1	702	340	48.43	226	7	3	6	4	10	7	28	1	47	1
Pct 7509/7511	Election Day	7509	1	909	171	18.81	130	5	0	3	5	7	3	7	0	11	0
Pct 7509/7511	VBM	7509	1	909	319	35.09	229	6	2	4	0	17	8	15	0	38	0
Pct 7512	Election Day	7512	1	604	96	15.89	59	4	2	1	3	2	8	5	0	12	0
Pct 7512	VBM	7512	1	604	196	32.45	119	2	3	4	8	8	7	27	0	16	2
Pct 7513	Election Day	7513	1	790	142	17.97	76	6	4	3	0	9	9	4	0	30	1
Pct 7513	VBM	7513	1	790	208	26.33	122	7	2	1	5	7	6	21	1	34	2
Pct 7514	Election Day	7514	1	863	95	11.01	42	0	4	0	1	1	10	3	1	33	0
Pct 7514	VBM	7514	1	863	235	27.23	129	7	2	3	8	7	15	13	0	49	2
Pct 7515	Election Day	7515	1	845	150	17.75	93	3	2	1	2	10	9	3	1	26	0
Pct 7515	VBM	7515	1	845	289	34.2	173	1	6	4	8	9	17	15	1	55	0
Pct 7516	Election Day	7516	1	886	145	16.37	97	8	2	0	4	7	2	3	0	22	0
Pct 7516	VBM	7516	1	886	378	42.66	245	15	4	5	8	14	17	33	0	36	1
Pct 7517	Election Day	7517	1	863	228	26.42	170	9	1	6	1	7	7	3	1	23	0
Pct 7517	VBM	7517	1	863	251	29.08	192	7	2	2	2	7	5	2	0	32	0
Pct 7518	Election Day	7518	1	939	235	25.03	174	6	2	3	1	10	9	1	0	29	0
Pct 7518	VBM	7518	1	939	298	31.74	231	5	2	1	0	13	8	9	0	29	0
Pct 7519	Election Day	7519	1	726	179	24.66	144	5	1	0	2	7	4	2	0	14	0
Pct 7519	VBM	7519	1	726	185	25.48	136	4	1	2	0	3	4	6	0	29	0
Pct 7521	Election Day	7521	1	802	211	26.31	151	5	1	2	1	5	9	6	0	31	0
Pct 7521	VBM	7521	1	802	215	26.81	163	2	1	2	0	11	3	4	0	28	1
Pct 7522	Election Day	7522	1	743	175	23.55	132	2	0	1	3	9	7	4	0	17	0
Pct 7522	VBM	7522	1	743	240	32.3	182	3	1	3	1	10	8	2	0	30	0
Pct 7523	Election Day	7523	1	737	208	28.22	157	4	3	1	1	9	6	4	0	23	0
Pct 7523	VBM	7523	1	737	223	30.26	172	5	1	5	0	6	6	3	0	25	0
Pct 7524	Election Day	7524	1	646	143	22.14	95	4	4	4	2	7	3	2	0	22	0
Pct 7524	VBM	7524	1	646	165	25.54	115	2	3	2	3	9	5	7	0	18	1
Pct 7525	Election Day	7525	1	779	145	18.61	100	1	2	2	1	5	4	1	1	28	0
Pct 7525	VBM	7525	1	779	214	27.47	156	4	2	6	1	10	4	3	0	28	0
Pct 7526	Election Day	7526	1	947	197	20.8	149	4	1	2	0	7	5	4	0	25	0
Pct 7526	VBM	7526	1	947	313	33.05	234	11	5	1	1	12	5	10	1	33	0
Pct 7527/7528	Election Day	7527	1	729	162	22.22	100	2	3	2	3	10	3	6	0	32	1
Pct 7527/7528	VBM	7527	1	729	237	32.51	160	2	0	3	1	11	5	15	0	39	1
Pct 7529	Election Day	7529	1	925	214	23.14	157	3	1	4	2	11	6	3	0	27	0
Pct 7529	VBM	7529	1	925	300	32.43	230	6	0	4	2	11	8	7	0	31	1
Pct 7531	Election Day	7531	1	847	179	21.13	134	6	2	4	0	6	5	1	0	21	0
Pct 7531	VBM	7531	1	847	263	31.05	197	3	1	5	1	15	5	3	0	33	0
Pct 7532	Election Day	7532	1	823	172	20.9	124	1	1	1	3	5	3	8	0	26	0
Pct 7532	VBM	7532	1	823	226	27.46	165	8	2	2	1	4	5	14	0	25	0
Pct 7533	Election Day	7533	1	951	268	28.18	204	7	4	5	3	11	4	6	1	23	0
Pct 7533	VBM	7533	1	951	297	31.23	198	8	4	5	1	18	7	14	0	42	0
Pct 7534	Election Day	7534	1	883	241	27.29	188	5	0	3	0	11	8	2	0	24	0
Pct 7534	VBM	7534	1	883	240	27.18	183	7	1	2	3	10	6	7	0	21	0
Pct 7535	Election Day	7535	1	743	201	27.05	150	3	0	1	0	6	7	5	1	28	0
Pct 7535	VBM	7535	1	743	251	33.78	202	2	1	4	2	10	5	6	1	18	0
Pct 7536	Election Day	7536	1	856	206	24.07	149	2	2	3	2	10	6	3	0	29	0
Pct 7536	VBM	7536	1	856	279	32.59	208	5	1	2	2	12	7	6	0	36	0
Pct 7537	Election Day	7537	1	734	187	25.48	137	7	0	2	3	6	5	6	0	21	0
Pct 7537	VBM	7537	1	734	225	30.65	173	2	1	1	0	8	7	3	0	28	2
Pct 7538	Election Day	7538	1	757	223	29.46	177	4	1	1	0	7	3	2	0	28	0
Pct 7538	VBM	7538	1	757	256	33.82	212	2	1	1	2	7	4	1	0	26	0
Pct 7539	Election Day	7539	1	884	250	28.28	176	5	1	4	1	13	7	5	1	37	0
Pct 7539	VBM	7539	1	884	286	32.35	225	3	1	2	1	9	4	4	3	33	1
Pct 7541	Election Day	7541	1	791	215	27.18	136	3	2	4	4	7	8	5	1	45	0
Pct 7541	VBM	7541	1	791	245	30.97	194	3	1	2	0	6	6	4	1	27	1
Pct 7542	Election Day	7542	1	787	183	23.25	131	3	2	3	0	8	5	0	0	31	0
Pct 7542	VBM	7542	1	787	247	31.39	182	10	1	3	0	11	5	4	0	31	0
Pct 7543	Election Day	7543	1	910	187	20.55	135	2	1	4	2	6	4	3	0	29	1
Pct 7543	VBM	7543	1	910	332	36.48	263	4	2	1	0	10	6	9	0	37	0
Pct 7544	Election Day	7544	1	877	186	21.21	135	1	1	5	3	3	2	6	2	28	0
Pct 7544	VBM	7544	1	877	331	37.74	267	2	2	0	2	7	7	8	1	35	0
Pct 7545	Election Day	7545	1	877	179	20.41	133	4	1	1	1	9	3	3	0	24	0
Pct 7545	VBM	7545	1	877	291	33.18	204	7	4	3	0	12	11	11	0	39	0
Pct 7546	Election Day	7546	1	913	219	23.99	160	4	2	1	0	12	6	6	0	28	0
Pct 7546	VBM	7546	1	913	310	33.95	243	6	1	4	1	10	5	9	0	30	1
Pct 7547	Election Day	7547	1	987	244	24.72	169	8	2	3	1	7	9	1	2	42	0
Pct 7547	VBM	7547	1	987	322	32.62	232	3	5	1	1	28	8	5	0	39	0
Pct 7548	Election Day	7548	1	1054	236	22.39	164	5	3	1	1	15	11	6	0	30	0
Pct 7548	VBM	7548	1	1054	345	32.73	268	1	1	3	1	12	8	12	2	36	1
Pct 7549	Election Day	7549	1	785	165	21.02	119	5	1	3	1	8	1	4	0	23	0
Pct 7549	VBM	7549	1	785	281	35.8	196	3	0	7	3	11	12	10	1	38	0
Pct 7551	Election Day	7551	1	705	199	28.23	143	3	2	1	1	8	8	6	0	26	1
Pct 7551	VBM	7551	1	705	240	34.04	185	0	2	3	0	8	5	5	0	31	1
Pct 7552	Election Day	7552	1	718	191	26.6	148	3	2	3	0	9	2	2	1	21	0
Pct 7552	VBM	7552	1	718	232	32.31	184	4	1	1	3	4	4	5	0	26	0
Pct 7553 MB	Election Day	7553	1	171	5	2.92	2	0	0	0	0	0	1	0	0	2	0
Pct 7553 MB	VBM	7553	1	171	87	50.88	66	1	0	0	0	3	3	5	0	9	0
Pct 7554	Election Day	7554	1	785	179	22.8	129	2	1	1	1	5	4	9	2	25	0
Pct 7554	VBM	7554	1	785	323	41.15	252	11	1	1	1	5	5	17	0	30	0
Pct 7555	Election Day	7555	1	847	242	28.57	184	2	2	2	3	6	7	6	1	29	0
Pct 7555	VBM	7555	1	847	304	35.89	236	2	3	0	2	7	8	8	0	38	0
Pct 7556/7557	Election Day	7556	1	961	223	23.2	165	0	0	0	2	3	5	16	0	32	0
Pct 7556/7557	VBM	7556	1	961	422	43.91	350	6	0	1	2	7	3	8	0	45	0
Pct 7601	Election Day	7601	1	744	128	17.2	68	7	0	6	1	12	2	13	0	19	0
Pct 7601	VBM	7601	1	744	185	24.87	90	9	5	4	5	20	12	13	0	27	0
Pct 7602	Election Day	7602	1	880	147	16.7	89	5	6	2	4	4	10	7	0	20	0
Pct 7602	VBM	7602	1	880	243	27.61	163	3	3	5	5	7	12	9	0	36	0
Pct 7603	Election Day	7603	1	826	152	18.4	103	5	0	2	3	9	8	2	0	19	1
Pct 7603	VBM	7603	1	826	215	26.03	152	5	3	4	3	11	3	11	0	23	0
Pct 7604	Election Day	7604	1	906	133	14.68	71	7	0	3	2	5	13	12	1	19	0
Pct 7604	VBM	7604	1	906	233	25.72	144	6	3	2	3	19	14	15	1	26	0
Pct 7605	Election Day	7605	1	651	77	11.83	50	3	2	2	1	3	4	3	0	9	0
Pct 7605	VBM	7605	1	651	155	23.81	95	1	3	6	3	5	8	8	0	24	2
Pct 7606	Election Day	7606	1	895	127	14.19	66	8	1	3	2	7	5	10	0	25	0
Pct 7606	VBM	7606	1	895	212	23.69	135	2	5	10	3	14	11	12	1	19	0
Pct 7607	Election Day	7607	1	955	120	12.57	79	5	1	1	3	11	5	4	0	10	1
Pct 7607	VBM	7607	1	955	265	27.75	188	7	2	5	9	9	7	13	0	24	1
Pct 7608	Election Day	7608	1	388	46	11.86	20	2	2	0	2	5	1	5	0	9	0
Pct 7608	VBM	7608	1	388	119	30.67	67	1	3	1	2	7	5	13	0	20	0
Pct 7609	Election Day	7609	1	916	101	11.03	43	5	4	1	2	8	7	6	1	24	0
Pct 7609	VBM	7609	1	916	297	32.42	155	11	5	1	5	18	12	21	0	69	0
Pct 7611	Election Day	7611	1	756	76	10.05	34	3	3	4	2	5	3	6	1	15	0
Pct 7611	VBM	7611	1	756	204	26.98	109	10	2	1	5	13	7	15	0	41	1
Pct 7612	Election Day	7612	1	574	76	13.24	45	0	2	1	1	3	3	5	0	15	1
Pct 7612	VBM	7612	1	574	210	36.59	129	0	5	1	4	4	9	18	0	38	2
Pct 7613	Election Day	7613	1	887	140	15.78	79	8	5	0	2	10	13	4	0	19	0
Pct 7613	VBM	7613	1	887	215	24.24	122	5	11	4	3	10	16	14	1	27	2
Pct 7614	Election Day	7614	1	1015	123	12.12	67	3	2	3	1	12	7	4	0	24	0
Pct 7614	VBM	7614	1	1015	238	23.45	147	5	10	7	7	9	12	18	0	21	2
Pct 7615	Election Day	7615	1	832	108	12.98	43	5	3	1	4	8	7	3	0	32	2
Pct 7615	VBM	7615	1	832	170	20.43	94	9	1	5	2	9	12	16	0	22	0
Pct 7616	Election Day	7616	1	951	129	13.56	104	1	3	0	1	3	1	3	0	13	0
Pct 7616	VBM	7616	1	951	331	34.81	244	7	2	5	2	13	6	19	0	33	0
Pct 7617	Election Day	7617	1	751	84	11.19	42	3	2	1	4	4	2	5	0	20	1
Pct 7617	VBM	7617	1	751	223	29.69	113	6	7	5	4	15	7	17	0	48	1
Pct 7618	Election Day	7618	1	866	123	14.2	83	5	2	0	1	11	2	5	0	14	0
Pct 7618	VBM	7618	1	866	272	31.41	175	8	5	1	4	16	8	16	2	37	0
Pct 7619	Election Day	7619	1	993	154	15.51	93	6	2	2	1	7	10	6	0	27	0
Pct 7619	VBM	7619	1	993	308	31.02	231	4	4	0	2	6	13	16	0	32	0
Pct 7621	Election Day	7621	1	1132	163	14.4	120	2	0	2	4	5	5	10	1	14	0
Pct 7621	VBM	7621	1	1132	346	30.57	234	4	4	6	4	18	10	26	0	40	0
Pct 7622	Election Day	7622	1	964	99	10.27	56	3	2	2	0	10	5	6	0	14	1
Pct 7622	VBM	7622	1	964	193	20.02	108	7	4	3	8	9	9	12	0	31	2
Pct 7623	Election Day	7623	1	712	122	17.13	77	5	1	3	4	10	5	2	0	14	1
Pct 7623	VBM	7623	1	712	196	27.53	129	5	2	2	5	10	15	5	0	22	1
Pct 7624	Election Day	7624	1	905	104	11.49	56	13	0	1	1	8	6	4	1	14	0
Pct 7624	VBM	7624	1	905	195	21.55	130	3	3	5	5	11	10	12	0	15	1
Pct 7625	Election Day	7625	1	821	73	8.89	33	3	2	0	1	5	5	3	0	21	0
Pct 7625	VBM	7625	1	821	415	50.55	227	6	4	5	9	11	17	41	0	90	5
Pct 7626	Election Day	7626	1	1081	128	11.84	93	5	0	0	0	5	2	6	0	17	0
Pct 7626	VBM	7626	1	1081	361	33.4	244	9	3	2	6	10	15	26	1	45	0
Pct 7627	Election Day	7627	1	1075	116	10.79	75	4	1	1	1	2	5	12	1	14	0
Pct 7627	VBM	7627	1	1075	319	29.67	215	10	2	1	7	3	7	36	0	38	0
Pct 7628	Election Day	7628	1	906	156	17.22	101	4	1	0	2	6	6	5	0	31	0
Pct 7628	VBM	7628	1	906	267	29.47	183	4	2	2	3	18	7	8	1	38	1
Pct 7629	Election Day	7629	1	805	108	13.42	75	2	2	1	0	4	3	5	1	15	0
Pct 7629	VBM	7629	1	805	206	25.59	145	2	3	1	3	7	4	10	0	30	1
Pct 7631	Election Day	7631	1	1085	146	13.46	97	7	0	2	1	8	9	7	0	13	2
Pct 7631	VBM	7631	1	1085	339	31.24	245	8	1	0	4	12	9	22	0	38	0
Pct 7632	Election Day	7632	1	965	167	17.31	111	7	1	3	3	5	5	4	0	28	0
Pct 7632	VBM	7632	1	965	286	29.64	210	7	2	6	2	10	8	16	3	22	0
Pct 7633	Election Day	7633	1	702	90	12.82	63	2	2	1	0	0	2	4	1	15	0
Pct 7633	VBM	7633	1	702	253	36.04	174	2	2	1	4	4	10	19	0	37	0
Pct 7634	Election Day	7634	1	859	120	13.97	56	6	2	1	2	7	7	10	0	29	0
Pct 7634	VBM	7634	1	859	291	33.88	186	5	4	1	4	12	12	27	0	37	3
Pct 7635	Election Day	7635	1	782	89	11.38	57	4	0	3	2	3	3	3	1	12	1
Pct 7635	VBM	7635	1	782	242	30.95	180	7	4	4	1	6	10	8	1	21	0
Pct 7636	Election Day	7636	1	920	134	14.57	91	2	0	4	1	9	4	3	1	19	0
Pct 7636	VBM	7636	1	920	251	27.28	178	6	2	4	1	7	7	17	0	29	0
Pct 7637	Election Day	7637	1	732	89	12.16	62	2	0	1	2	2	2	7	0	11	0
Pct 7637	VBM	7637	1	732	249	34.02	184	5	0	1	4	3	5	19	0	27	1
Pct 7638	Election Day	7638	1	1365	129	9.45	79	3	1	0	2	3	8	15	0	18	0
Pct 7638	VBM	7638	1	1365	492	36.04	340	14	1	1	2	8	9	68	0	49	0
Pct 7639	Election Day	7639	1	962	110	11.43	62	7	0	1	0	2	5	11	0	22	0
Pct 7639	VBM	7639	1	962	319	33.16	218	3	3	1	6	9	8	24	0	47	0
Pct 7641	Election Day	7641	1	931	114	12.24	73	6	0	0	3	7	3	8	0	14	0
Pct 7641	VBM	7641	1	931	374	40.17	233	8	1	5	8	11	22	38	0	47	1
Pct 7642	Election Day	7642	1	909	84	9.24	56	3	0	4	1	1	2	3	0	14	0
Pct 7642	VBM	7642	1	909	268	29.48	117	7	3	0	8	10	11	24	0	88	0
Pct 7643	Election Day	7643	1	871	99	11.37	63	3	1	0	0	4	2	6	1	19	0
Pct 7643	VBM	7643	1	871	355	40.76	237	6	6	2	2	14	14	30	0	42	2
Pct 7644	Election Day	7644	1	1082	156	14.42	105	5	1	2	4	5	8	2	0	24	0
Pct 7644	VBM	7644	1	1082	291	26.89	208	5	4	2	5	3	11	12	0	41	0
Pct 7645	Election Day	7645	1	631	63	9.98	40	2	0	2	0	1	0	10	0	8	0
Pct 7645	VBM	7645	1	631	241	38.19	162	7	0	2	3	4	9	21	0	33	0
Pct 7646	Election Day	7646	1	1035	110	10.63	74	2	2	1	0	3	4	3	1	20	0
Pct 7646	VBM	7646	1	1035	326	31.5	231	4	1	2	4	11	11	26	0	36	0
Pct 7647	Election Day	7647	1	1027	107	10.42	58	2	6	2	4	8	9	7	2	9	0
Pct 7647	VBM	7647	1	1027	185	18.01	109	7	5	3	2	5	15	8	0	31	0
Pct 7648 MB	Election Day	7648	1	2	0	0	0	0	0	0	0	0	0	0	0	0	0
Pct 7648 MB	VBM	7648	1	2	0	0	0	0	0	0	0	0	0	0	0	0	0
Pct 7649	Election Day	7649	1	877	97	11.06	56	4	2	1	2	8	8	4	0	12	0
Pct 7649	VBM	7649	1	877	234	26.68	141	6	6	5	2	11	4	25	0	33	1
Pct 7651	Election Day	7651	1	555	48	8.65	33	2	1	0	0	1	3	3	0	5	0
Pct 7651	VBM	7651	1	555	155	27.93	106	4	0	0	0	4	8	8	0	25	0
Pct 7652	Election Day	7652	1	580	68	11.72	46	2	0	2	0	7	1	3	0	7	0
Pct 7652	VBM	7652	1	580	163	28.1	114	4	6	2	1	7	5	4	0	19	1
Pct 7653	Election Day	7653	1	1092	137	12.55	94	2	0	0	2	3	4	5	0	27	0
Pct 7653	VBM	7653	1	1092	321	29.4	234	7	3	2	0	2	9	17	2	45	0
Pct 7701	Election Day	7701	1	1012	225	22.23	153	5	1	3	2	9	5	14	0	32	1
Pct 7701	VBM	7701	1	1012	383	37.85	266	7	2	2	3	17	13	29	0	44	0
Pct 7702	Election Day	7702	1	704	117	16.62	79	3	0	1	2	1	3	15	0	13	0
Pct 7702	VBM	7702	1	704	302	42.9	198	5	3	2	4	4	8	47	0	31	0
Pct 7703 MB	Election Day	7703	1	172	0	0	0	0	0	0	0	0	0	0	0	0	0
Pct 7703 MB	VBM	7703	1	172	66	38.37	26	1	1	2	1	4	7	6	0	16	2
Pct 7704	Election Day	7704	1	977	208	21.29	134	2	2	0	11	3	10	17	0	29	0
Pct 7704	VBM	7704	1	977	396	40.53	240	11	8	2	11	8	16	50	1	49	0
Pct 7705	Election Day	7705	1	547	123	22.49	83	2	0	3	1	4	2	12	0	16	0
Pct 7705	VBM	7705	1	547	227	41.5	147	3	1	1	7	11	5	28	0	24	0
Pct 7706	Election Day	7706	1	821	189	23.02	130	1	2	0	7	7	8	19	0	15	0
Pct 7706	VBM	7706	1	821	341	41.53	228	9	0	3	7	3	13	39	0	39	0
Pct 7707	Election Day	7707	1	839	200	23.84	134	5	1	2	5	8	7	10	0	28	0
Pct 7707	VBM	7707	1	839	379	45.17	259	2	2	4	5	8	11	29	0	59	0
Pct 7708	Election Day	7708	1	860	181	21.05	129	1	0	2	3	4	2	12	0	28	0
Pct 7708	VBM	7708	1	860	400	46.51	293	6	3	3	4	9	10	35	0	37	0
Pct 7709	Election Day	7709	1	383	85	22.19	58	2	0	0	2	4	3	3	0	13	0
Pct 7709	VBM	7709	1	383	174	45.43	124	3	1	0	3	1	12	9	0	21	0
Pct 7711	Election Day	7711	1	772	162	20.98	127	2	2	2	4	4	1	6	0	14	0
Pct 7711	VBM	7711	1	772	344	44.56	248	7	7	4	6	10	5	25	1	31	0
Pct 7712	Election Day	7712	1	524	131	25	94	1	1	3	1	4	4	10	0	13	0
Pct 7712	VBM	7712	1	524	230	43.89	159	5	11	3	4	6	6	12	2	21	1
Pct 7801	Election Day	7801	1	970	230	23.71	180	4	2	0	0	7	6	7	0	24	0
Pct 7801	VBM	7801	1	970	424	43.71	344	6	1	1	4	12	2	19	0	34	1
Pct 7802	Election Day	7802	1	762	205	26.9	162	3	0	2	0	5	5	4	0	24	0
Pct 7802	VBM	7802	1	762	313	41.08	237	2	2	2	0	12	9	11	0	38	0
Pct 7803	Election Day	7803	1	823	143	17.38	106	1	3	3	3	2	2	3	0	20	0
Pct 7803	VBM	7803	1	823	412	50.06	320	5	2	2	2	7	8	20	0	46	0
Pct 7804	Election Day	7804	1	891	236	26.49	185	5	0	2	1	7	7	7	0	22	0
Pct 7804	VBM	7804	1	891	394	44.22	312	0	3	1	0	13	5	11	0	49	0
Pct 7805	Election Day	7805	1	785	176	22.42	144	5	1	1	1	6	1	0	0	17	0
Pct 7805	VBM	7805	1	785	348	44.33	264	1	2	2	2	8	5	11	0	53	0
Pct 7806	Election Day	7806	1	699	163	23.32	124	3	1	3	0	8	4	2	0	18	0
Pct 7806	VBM	7806	1	699	283	40.49	213	3	2	1	1	6	6	9	0	42	0
Pct 7807	Election Day	7807	1	796	228	28.64	178	6	0	3	0	8	1	3	0	29	0
Pct 7807	VBM	7807	1	796	273	34.3	202	6	5	1	1	4	5	6	1	42	0
Pct 7808	Election Day	7808	1	655	178	27.18	142	2	1	1	1	5	4	1	0	20	1
Pct 7808	VBM	7808	1	655	243	37.1	191	3	2	1	1	10	2	6	0	27	0
Pct 7809	Election Day	7809	1	742	160	21.56	125	1	0	2	0	4	2	1	0	25	0
Pct 7809	VBM	7809	1	742	267	35.98	202	4	2	0	2	15	6	4	0	31	1
Pct 7811	Election Day	7811	1	726	186	25.62	139	0	2	2	1	9	2	5	0	26	0
Pct 7811	VBM	7811	1	726	243	33.47	189	3	2	1	2	9	6	2	0	28	1
Pct 7812	Election Day	7812	1	843	207	24.56	146	3	3	1	1	5	5	13	1	29	0
Pct 7812	VBM	7812	1	843	292	34.64	213	4	3	3	1	7	16	8	2	35	0
Pct 7813	Election Day	7813	1	988	251	25.4	190	5	1	3	0	10	7	3	1	31	0
Pct 7813	VBM	7813	1	988	362	36.64	289	6	2	2	2	8	11	6	0	36	0
Pct 7814	Election Day	7814	1	892	173	19.39	107	6	2	4	3	10	12	4	1	24	0
Pct 7814	VBM	7814	1	892	223	25	157	6	2	0	3	10	6	8	1	29	1
Pct 7815	Election Day	7815	1	914	178	19.47	134	3	2	2	4	6	6	3	0	18	0
Pct 7815	VBM	7815	1	914	407	44.53	333	3	1	4	2	19	8	6	0	31	0
Pct 7816	Election Day	7816	1	858	202	23.54	162	6	0	0	0	6	2	4	2	20	0
Pct 7816	VBM	7816	1	858	390	45.45	318	5	0	1	0	5	10	10	0	41	0
Pct 7817	Election Day	7817	1	795	215	27.04	166	3	1	4	1	9	3	6	0	22	0
Pct 7817	VBM	7817	1	795	309	38.87	246	2	1	7	1	11	3	7	0	31	0
Pct 7818	Election Day	7818	1	823	172	20.9	134	2	1	1	1	6	3	0	0	24	0
Pct 7818	VBM	7818	1	823	335	40.7	262	6	0	3	0	5	11	2	0	46	0
Pct 7819	Election Day	7819	1	760	169	22.24	123	1	1	3	1	9	12	2	0	15	2
Pct 7819	VBM	7819	1	760	297	39.08	198	5	5	2	1	8	16	18	1	42	1
Pct 7821	Election Day	7821	1	947	229	24.18	195	4	0	2	1	6	4	3	0	14	0
Pct 7821	VBM	7821	1	947	439	46.36	341	6	4	4	4	13	9	10	0	48	0
Pct 7822	Election Day	7822	1	927	244	26.32	184	3	2	5	2	11	2	6	0	29	0
Pct 7822	VBM	7822	1	927	343	37	275	7	1	2	1	6	5	14	0	32	0
Pct 7823	Election Day	7823	1	857	237	27.65	199	3	0	6	0	4	2	0	0	23	0
Pct 7823	VBM	7823	1	857	347	40.49	272	10	1	4	3	15	4	9	0	29	0
Pct 7824	Election Day	7824	1	756	170	22.49	106	1	3	4	3	12	1	1	2	36	1
Pct 7824	VBM	7824	1	756	274	36.24	223	4	3	0	3	3	3	6	0	29	0
Pct 7825	Election Day	7825	1	580	160	27.59	121	6	1	1	0	5	1	4	0	20	1
Pct 7825	VBM	7825	1	580	215	37.07	179	5	0	1	2	5	2	5	0	16	0
Pct 7826	Election Day	7826	1	665	214	32.18	165	2	0	4	3	5	2	3	0	30	0
Pct 7826	VBM	7826	1	665	194	29.17	147	3	0	1	0	11	1	6	0	25	0
Pct 7827	Election Day	7827	1	828	199	24.03	148	6	1	4	1	5	3	3	0	28	0
Pct 7827	VBM	7827	1	828	252	30.43	188	4	1	2	3	7	12	13	3	19	0
Pct 7828	Election Day	7828	1	976	205	21	148	5	1	0	1	7	2	8	0	33	0
Pct 7828	VBM	7828	1	976	397	40.68	306	6	1	1	3	8	8	17	0	47	0
Pct 7829	Election Day	7829	1	882	199	22.56	157	2	3	3	4	5	2	2	0	21	0
Pct 7829	VBM	7829	1	882	391	44.33	311	6	1	3	8	4	3	14	0	41	0
Pct 7831	Election Day	7831	1	828	202	24.4	151	3	1	4	3	6	8	3	0	23	0
Pct 7831	VBM	7831	1	828	369	44.57	297	3	2	2	2	7	5	12	0	39	0
Pct 7832	Election Day	7832	1	781	162	20.74	118	4	0	3	2	4	2	2	1	26	0
Pct 7832	VBM	7832	1	781	343	43.92	264	3	2	1	1	11	4	14	0	43	0
Pct 7833	Election Day	7833	1	745	182	24.43	138	1	0	3	2	8	5	3	0	22	0
Pct 7833	VBM	7833	1	745	271	36.38	214	4	0	1	3	8	7	8	0	26	0
Pct 7834	Election Day	7834	1	836	225	26.91	161	2	3	1	2	16	7	3	1	29	0
Pct 7834	VBM	7834	1	836	288	34.45	226	5	2	4	0	12	3	3	0	33	0
Pct 7835	Election Day	7835	1	808	175	21.66	119	4	0	0	1	6	9	7	3	26	0
Pct 7835	VBM	7835	1	808	338	41.83	237	5	6	3	6	13	8	23	0	37	0
Pct 7836	Election Day	7836	1	979	199	20.33	152	3	1	2	1	7	4	4	1	24	0
Pct 7836	VBM	7836	1	979	421	43	322	9	0	2	6	14	10	20	0	38	0
Pct 7837	Election Day	7837	1	883	237	26.84	186	3	1	2	2	10	6	8	0	19	0
Pct 7837	VBM	7837	1	883	339	38.39	275	2	0	1	1	6	5	12	0	37	0
Pct 7838	Election Day	7838	1	891	210	23.57	151	4	1	2	2	10	2	7	0	31	0
Pct 7838	VBM	7838	1	891	413	46.35	338	6	0	4	3	13	2	14	1	32	0
Pct 7839	Election Day	7839	1	830	172	20.72	121	3	1	1	2	8	5	2	0	29	0
Pct 7839	VBM	7839	1	830	389	46.87	292	1	1	4	6	7	10	16	0	52	0
Pct 7841	Election Day	7841	1	898	240	26.73	182	2	1	2	0	8	7	6	1	31	0
Pct 7841	VBM	7841	1	898	353	39.31	272	5	4	1	3	16	11	7	1	33	0
Pct 7842	Election Day	7842	1	873	214	24.51	170	4	0	1	0	13	4	7	0	15	0
Pct 7842	VBM	7842	1	873	308	35.28	221	9	4	3	2	7	10	14	0	38	0
Pct 7843	Election Day	7843	1	751	182	24.23	136	3	2	4	1	10	5	3	0	18	0
Pct 7843	VBM	7843	1	751	267	35.55	201	3	2	4	0	6	6	14	0	30	1
Pct 7844	Election Day	7844	1	635	160	25.2	119	4	0	2	3	3	2	5	0	22	0
Pct 7844	VBM	7844	1	635	245	38.58	186	5	1	3	2	7	5	6	0	30	0
Pct 7845	Election Day	7845	1	803	202	25.16	153	2	3	2	0	6	5	6	0	25	0
Pct 7845	VBM	7845	1	803	314	39.1	253	6	1	1	1	2	3	5	0	42	0
Pct 7846	Election Day	7846	1	871	221	25.37	156	4	2	3	3	6	2	7	2	36	0
Pct 7846	VBM	7846	1	871	330	37.89	250	0	2	2	4	5	5	18	0	44	0
Pct 7847	Election Day	7847	1	878	207	23.58	143	4	0	1	2	8	8	9	0	32	0
Pct 7847	VBM	7847	1	878	358	40.77	273	2	0	3	1	12	10	10	0	47	0
Pct 7848	Election Day	7848	1	838	209	24.94	153	5	0	2	2	3	2	7	1	34	0
Pct 7848	VBM	7848	1	838	346	41.29	277	5	0	3	1	10	3	14	0	33	0
Pct 7849	Election Day	7849	1	904	237	26.22	175	7	1	3	2	7	4	7	0	31	0
Pct 7849	VBM	7849	1	904	353	39.05	263	8	2	4	1	17	8	7	0	43	0
Pct 7851	Election Day	7851	1	493	118	23.94	80	1	0	0	2	1	4	9	0	21	0
Pct 7851	VBM	7851	1	493	204	41.38	143	2	1	0	3	7	6	16	0	26	0
Pct 7852	Election Day	7852	1	634	104	16.4	70	3	0	1	2	0	2	8	0	18	0
Pct 7852	VBM	7852	1	634	303	47.79	220	8	3	0	1	9	12	24	0	26	0
Pct 7853	Election Day	7853	1	837	180	21.51	129	4	2	2	3	8	2	7	1	22	0
Pct 7853	VBM	7853	1	837	333	39.78	245	6	2	2	2	10	13	11	0	42	0
Pct 7854	Election Day	7854	1	874	216	24.71	157	6	0	1	2	12	5	4	0	29	0
Pct 7854	VBM	7854	1	874	346	39.59	255	3	2	4	2	11	15	14	0	39	1
Pct 7855	Election Day	7855	1	949	259	27.29	198	3	3	1	2	9	6	4	0	33	0
Pct 7855	VBM	7855	1	949	359	37.83	252	8	0	6	5	7	7	18	0	55	1
Pct 7856	Election Day	7856	1	790	204	25.82	162	3	1	1	0	4	2	4	0	27	0
Pct 7856	VBM	7856	1	790	312	39.49	247	1	2	2	3	14	1	10	1	31	0
Pct 7857	Election Day	7857	1	913	225	24.64	175	0	1	2	5	5	3	3	0	30	1
Pct 7857	VBM	7857	1	913	350	38.34	253	3	4	5	5	8	9	18	0	45	0
Pct 7858	Election Day	7858	1	743	192	25.84	143	4	2	2	0	6	2	4	1	27	1
Pct 7858	VBM	7858	1	743	252	33.92	188	5	4	3	2	7	5	5	0	33	0
Pct 7859	Election Day	7859	1	879	219	24.91	170	8	1	0	0	6	3	5	1	23	2
Pct 7859	VBM	7859	1	879	352	40.05	262	3	2	3	6	10	6	17	0	42	1
Pct 7861	Election Day	7861	1	835	184	22.04	138	2	2	1	4	6	4	6	0	21	0
Pct 7861	VBM	7861	1	835	367	43.95	289	6	3	1	3	8	11	21	0	25	0
Pct 7862	Election Day	7862	1	850	237	27.88	182	2	2	1	3	7	8	8	0	24	0
Pct 7862	VBM	7862	1	850	323	38	246	3	1	4	4	8	4	14	0	39	0
Pct 7863	Election Day	7863	1	870	237	27.24	180	2	2	5	2	10	6	3	1	26	0
Pct 7863	VBM	7863	1	870	302	34.71	240	4	0	1	0	11	9	12	0	25	0
Pct 7864	Election Day	7864	1	773	188	24.32	141	5	0	2	3	9	4	6	0	18	0
Pct 7864	VBM	7864	1	773	284	36.74	213	3	2	5	6	11	7	9	0	27	1
Pct 7865	Election Day	7865	1	808	178	22.03	129	2	1	3	1	10	1	8	0	23	0
Pct 7865	VBM	7865	1	808	310	38.37	238	2	0	4	7	3	7	14	0	34	1
Pct 7866	Election Day	7866	1	816	184	22.55	128	3	1	0	5	5	3	11	1	27	0
Pct 7866	VBM	7866	1	816	389	47.67	268	5	2	4	8	7	6	44	0	42	3
Pct 7867	Election Day	7867	1	932	209	22.42	152	3	2	1	8	2	3	5	1	32	0
Pct 7867	VBM	7867	1	932	385	41.31	284	10	2	5	4	11	12	16	2	39	0
Pct 7868	Election Day	7868	1	860	218	25.35	158	3	6	3	0	9	8	6	1	24	0
Pct 7868	VBM	7868	1	860	324	37.67	257	5	1	1	2	5	7	20	0	26	0
Pct 7869	Election Day	7869	1	842	219	26.01	165	4	2	0	3	4	3	9	0	28	1
Pct 7869	VBM	7869	1	842	376	44.66	279	4	0	2	3	12	6	20	1	48	1
Pct 7871	Election Day	7871	1	882	240	27.21	173	5	0	2	5	5	9	5	0	34	2
Pct 7871	VBM	7871	1	882	364	41.27	290	4	2	0	3	8	5	9	1	42	0
Pct 7872	Election Day	7872	1	864	242	28.01	178	2	3	2	1	13	4	3	0	36	0
Pct 7872	VBM	7872	1	864	369	42.71	285	7	5	1	7	11	10	8	0	35	0
Pct 7873	Election Day	7873	1	841	231	27.47	180	5	0	3	3	3	3	3	0	31	0
Pct 7873	VBM	7873	1	841	387	46.02	302	2	1	5	3	7	7	14	0	46	0
Pct 7874	Election Day	7874	1	453	85	18.76	60	1	0	1	2	2	2	3	0	14	0
Pct 7874	VBM	7874	1	453	174	38.41	134	5	0	3	1	2	5	4	0	20	0
Pct 7875	Election Day	7875	1	615	127	20.65	87	4	0	1	3	8	3	6	0	15	0
Pct 7875	VBM	7875	1	615	203	33.01	139	4	1	3	4	6	2	16	1	27	0
Pct 7876	Election Day	7876	1	491	101	20.57	69	4	1	0	1	5	3	4	0	14	0
Pct 7876	VBM	7876	1	491	148	30.14	109	1	2	1	0	8	3	2	0	22	0
Pct 7901	Election Day	7901	1	466	87	18.67	55	0	1	1	3	5	3	3	2	14	0
Pct 7901	VBM	7901	1	466	133	28.54	90	1	1	0	1	7	6	6	1	18	2
Pct 7902	Election Day	7902	1	921	188	20.41	135	3	3	3	6	4	11	4	0	19	0
Pct 7902	VBM	7902	1	921	259	28.12	186	2	1	2	6	15	11	8	1	25	2
Pct 7903	Election Day	7903	1	819	144	17.58	92	8	3	2	3	5	6	3	0	22	0
Pct 7903	VBM	7903	1	819	244	29.79	169	3	2	4	6	13	7	12	0	27	1
Pct 7904	Election Day	7904	1	846	137	16.19	103	3	0	0	1	9	2	5	0	14	0
Pct 7904	VBM	7904	1	846	248	29.31	179	7	5	0	3	17	5	14	0	18	0
Pct 7905	Election Day	7905	1	821	199	24.24	142	5	2	7	2	5	10	4	1	21	0
Pct 7905	VBM	7905	1	821	275	33.5	198	2	4	6	0	14	12	9	0	30	0
Pct 7906	Election Day	7906	1	769	164	21.33	117	4	0	3	2	9	2	1	1	25	0
Pct 7906	VBM	7906	1	769	214	27.83	169	5	3	2	2	3	4	4	0	20	2
Pct 7907	Election Day	7907	1	926	201	21.71	146	4	2	0	1	11	7	2	0	28	0
Pct 7907	VBM	7907	1	926	286	30.89	227	7	0	0	5	7	3	6	1	30	0
Pct 7908	Election Day	7908	1	936	191	20.41	126	2	1	3	8	6	6	10	1	28	0
Pct 7908	VBM	7908	1	936	267	28.53	179	3	4	3	4	14	11	14	0	34	1
Pct 7909	Election Day	7909	1	726	190	26.17	138	2	2	5	1	8	7	4	0	23	0
Pct 7909	VBM	7909	1	726	221	30.44	181	2	0	5	0	7	3	2	0	20	1
Pct 7911	Election Day	7911	1	849	192	22.61	136	2	1	2	2	7	9	5	0	28	0
Pct 7911	VBM	7911	1	849	250	29.45	184	4	0	1	3	11	7	9	1	30	0
Pct 7912	Election Day	7912	1	1036	215	20.75	153	5	3	3	3	9	6	1	0	32	0
Pct 7912	VBM	7912	1	1036	314	30.31	224	3	8	6	3	18	12	6	0	34	0
Pct 7913	Election Day	7913	1	887	240	27.06	191	1	2	3	3	7	3	4	0	26	0
Pct 7913	VBM	7913	1	887	244	27.51	193	2	1	3	5	5	7	10	0	18	0
Pct 7914	Election Day	7914	1	833	208	24.97	152	2	3	5	3	8	6	4	0	24	1
Pct 7914	VBM	7914	1	833	253	30.37	200	5	2	2	6	6	5	7	0	16	4
Pct 7915	Election Day	7915	1	802	213	26.56	146	5	0	3	8	5	11	6	0	27	2
Pct 7915	VBM	7915	1	802	222	27.68	171	2	2	4	2	5	7	1	0	27	1
Pct 7916	Election Day	7916	1	887	215	24.24	163	3	3	4	3	10	8	2	0	19	0
Pct 7916	VBM	7916	1	887	289	32.58	235	4	3	1	6	4	4	10	0	22	0
Pct 7917	Election Day	7917	1	983	254	25.84	176	4	5	1	2	15	7	10	0	33	1
Pct 7917	VBM	7917	1	983	287	29.2	230	3	5	5	2	10	11	4	2	14	1
Pct 7918	Election Day	7918	1	790	191	24.18	135	0	2	6	2	11	6	3	1	25	0
Pct 7918	VBM	7918	1	790	234	29.62	183	1	1	2	2	10	5	5	1	23	1
Pct 7919	Election Day	7919	1	857	217	25.32	160	5	1	1	3	6	8	6	1	26	0
Pct 7919	VBM	7919	1	857	241	28.12	188	7	2	1	4	4	5	7	0	23	0
Pct 7921	Election Day	7921	1	883	151	17.1	100	3	6	2	1	9	6	4	2	18	0
Pct 7921	VBM	7921	1	883	210	23.78	139	3	1	3	10	10	9	10	0	24	1
Pct 7922	Election Day	7922	1	797	182	22.84	142	2	4	4	1	8	4	1	0	14	2
Pct 7922	VBM	7922	1	797	241	30.24	190	0	2	0	0	3	13	15	0	18	0
Pct 7923	Election Day	7923	1	863	202	23.41	149	4	3	2	2	14	5	1	1	21	0
Pct 7923	VBM	7923	1	863	241	27.93	182	2	1	6	3	6	4	10	0	27	0
Pct 7924	Election Day	7924	1	806	172	21.34	133	4	1	3	2	8	8	1	0	12	0
Pct 7924	VBM	7924	1	806	247	30.65	187	3	3	3	4	8	7	14	0	17	1
Pct 7925	Election Day	7925	1	570	114	20	87	4	0	0	0	5	3	1	2	11	1
Pct 7925	VBM	7925	1	570	191	33.51	151	2	2	2	4	7	5	3	0	15	0
Pct 7926	Election Day	7926	1	768	177	23.05	135	2	1	4	1	5	7	0	1	20	1
Pct 7926	VBM	7926	1	768	296	38.54	209	5	8	2	5	13	7	14	0	33	0
Pct 7927	Election Day	7927	1	733	187	25.51	138	5	1	5	1	4	9	3	1	20	0
Pct 7927	VBM	7927	1	733	289	39.43	231	2	0	5	1	19	4	2	0	25	0
Pct 7928	Election Day	7928	1	899	253	28.14	198	4	6	3	0	10	6	7	0	19	0
Pct 7928	VBM	7928	1	899	297	33.04	239	1	1	1	3	8	8	8	0	28	0
Pct 7929	Election Day	7929	1	840	200	23.81	162	0	0	3	3	0	7	2	0	23	0
Pct 7929	VBM	7929	1	840	367	43.69	296	3	1	2	5	5	17	8	0	30	0
Pct 7931	Election Day	7931	1	732	189	25.82	150	4	3	2	1	5	3	3	0	17	1
Pct 7931	VBM	7931	1	732	317	43.31	250	4	1	1	0	7	6	9	2	37	0
Pct 7932	Election Day	7932	1	551	112	20.33	85	1	1	2	1	3	5	4	0	10	0
Pct 7932	VBM	7932	1	551	225	40.83	177	4	2	1	1	3	2	7	0	28	0
Pct 7933 MB	Election Day	7933	1	8	0	0	0	0	0	0	0	0	0	0	0	0	0
Pct 7933 MB	VBM	7933	1	8	4	50	3	0	0	0	0	0	0	0	0	1	0
Pct 7934	Election Day	7934	1	885	195	22.03	143	5	5	3	2	8	2	3	0	24	0
Pct 7934	VBM	7934	1	885	328	37.06	254	3	3	2	2	9	7	7	2	38	1
Pct 7935	Election Day	7935	1	938	283	30.17	208	4	4	4	3	13	8	5	0	34	0
Pct 7935	VBM	7935	1	938	370	39.45	288	4	9	4	0	11	5	15	0	34	0
Pct 7936	Election Day	7936	1	832	246	29.57	187	2	2	5	2	12	5	4	0	27	0
Pct 7936	VBM	7936	1	832	326	39.18	255	5	2	2	3	12	10	6	0	31	0
Pct 7937	Election Day	7937	1	874	223	25.51	171	0	3	4	4	6	2	4	0	29	0
Pct 7937	VBM	7937	1	874	309	35.35	243	6	1	1	0	8	8	8	1	33	0
Pct 7938	Election Day	7938	1	774	162	20.93	113	3	1	0	4	4	7	6	0	24	0
Pct 7938	VBM	7938	1	774	247	31.91	195	4	1	0	7	5	6	7	0	22	0
Pct 7939	Election Day	7939	1	667	186	27.89	137	6	2	0	0	5	7	3	2	24	0
Pct 7939	VBM	7939	1	667	230	34.48	168	5	4	2	2	8	5	7	1	26	2
Pct 7941	Election Day	7941	1	728	167	22.94	129	2	2	0	3	3	6	3	1	18	0
Pct 7941	VBM	7941	1	728	236	32.42	177	8	1	0	0	11	7	4	0	28	0
Pct 7942	Election Day	7942	1	893	166	18.59	103	4	3	3	6	8	6	5	0	28	0
Pct 7942	VBM	7942	1	893	286	32.03	195	8	7	5	3	9	11	14	1	33	0
Pct 7943	Election Day	7943	1	887	192	21.65	132	1	2	2	6	8	5	15	0	20	1
Pct 7943	VBM	7943	1	887	319	35.96	216	7	6	3	8	15	11	21	0	32	0
Pct 7944	Election Day	7944	1	769	201	26.14	160	3	2	2	5	8	2	1	0	18	0
Pct 7944	VBM	7944	1	769	235	30.56	175	2	1	1	2	10	6	12	0	26	0
Pct 7945	Election Day	7945	1	897	118	13.15	89	1	2	2	1	4	4	3	0	12	0
Pct 7945	VBM	7945	1	897	294	32.78	221	2	3	2	3	8	8	12	0	35	0
Pct 7946	Election Day	7946	1	909	134	14.74	90	2	1	3	2	4	6	9	0	17	0
Pct 7946	VBM	7946	1	909	348	38.28	201	2	5	4	7	10	16	46	2	54	1
Pct 7947	Election Day	7947	1	894	128	14.32	77	2	3	0	7	4	7	6	1	21	0
Pct 7947	VBM	7947	1	894	327	36.58	161	4	6	10	12	10	19	31	0	73	1
Pct 7948	Election Day	7948	1	900	165	18.33	100	2	1	5	6	5	11	9	1	24	1
Pct 7948	VBM	7948	1	900	313	34.78	191	2	1	3	15	10	9	32	0	49	1
Pct 7949	Election Day	7949	1	552	78	14.13	38	6	1	1	2	1	6	9	1	13	0
Pct 7949	VBM	7949	1	552	224	40.58	139	2	4	1	9	4	5	21	0	39	0
Pct 7951	Election Day	7951	1	830	97	11.69	60	2	0	2	0	3	4	10	0	16	0
Pct 7951	VBM	7951	1	830	341	41.08	187	4	11	4	16	11	9	54	2	40	3
Pct 7952	Election Day	7952	1	823	100	12.15	51	2	2	1	2	7	8	13	1	13	0
Pct 7952	VBM	7952	1	823	288	34.99	180	5	4	1	6	9	16	20	0	45	2
Pct 7953	Election Day	7953	1	795	103	12.96	70	3	1	1	2	6	1	5	0	14	0
Pct 7953	VBM	7953	1	795	294	36.98	153	7	5	3	14	11	11	40	0	50	0
Pct 7954 MB	Election Day	7954	1	0	0	0	0	0	0	0	0	0	0	0	0	0	0
Pct 7954 MB	VBM	7954	1	0	0	0	0	0	0	0	0	0	0	0	0	0	0
Pct 7955	Election Day	7955	1	854	116	13.58	79	3	1	3	4	2	5	7	0	12	0
Pct 7955	VBM	7955	1	854	320	37.47	175	5	8	1	5	10	11	48	1	55	1
Pct 7956	Election Day	7956	1	779	101	12.97	45	4	1	2	3	4	3	7	0	32	0
Pct 7956	VBM	7956	1	779	247	31.71	119	7	2	1	10	15	15	35	3	39	1
Pct 7957	Election Day	7957	1	623	97	15.57	60	0	2	0	4	8	6	5	0	12	0
Pct 7957	VBM	7957	1	623	217	34.83	145	10	2	0	1	3	5	24	1	26	0
Pct 7958 MB	Election Day	7958	1	263	13	4.94	6	0	0	1	0	0	0	2	0	4	0
Pct 7958 MB	VBM	7958	1	263	104	39.54	58	2	0	2	1	4	6	16	2	13	0
Pct 7959	Election Day	7959	1	695	110	15.83	73	5	1	3	1	2	9	2	0	14	0
Pct 7959	VBM	7959	1	695	190	27.34	138	4	1	1	1	14	6	2	1	21	1
Pct 9001 MB	Election Day	9001	1	257	8	3.11	4	0	0	0	0	0	1	2	0	1	0
Pct 9001 MB	VBM	9001	1	257	101	39.3	62	3	2	0	2	5	9	5	0	13	0
Pct 9101	Election Day	9101	1	833	190	22.81	107	3	0	5	2	14	10	18	0	31	0
Pct 9101	VBM	9101	1	833	323	38.78	180	9	7	2	3	17	20	28	0	56	1
Pct 9102	Election Day	9102	1	950	182	19.16	100	4	1	5	6	7	15	17	1	26	0
Pct 9102	VBM	9102	1	950	335	35.26	202	1	0	3	12	10	12	43	1	51	0
Pct 9103	Election Day	9103	1	924	174	18.83	98	3	1	1	2	13	11	14	0	30	1
Pct 9103	VBM	9103	1	924	302	32.68	167	9	3	2	7	8	18	35	3	50	0
Pct 9104	Election Day	9104	1	937	176	18.78	102	5	8	1	8	6	13	9	1	23	0
Pct 9104	VBM	9104	1	937	332	35.43	200	9	5	6	13	12	19	27	0	40	1
Pct 9105	Election Day	9105	1	888	191	21.51	120	4	2	2	6	9	7	10	1	29	1
Pct 9105	VBM	9105	1	888	339	38.18	219	8	1	3	1	16	11	36	1	43	0
Pct 9106	Election Day	9106	1	907	213	23.48	137	4	1	3	8	9	12	17	0	22	0
Pct 9106	VBM	9106	1	907	334	36.82	212	4	1	3	6	14	13	31	0	50	0
Pct 9107	Election Day	9107	1	806	164	20.35	102	2	2	0	2	4	13	15	0	24	0
Pct 9107	VBM	9107	1	806	246	30.52	137	2	4	6	3	12	16	34	1	30	1
Pct 9108	Election Day	9108	1	761	185	24.31	116	5	1	2	5	11	12	14	0	19	0
Pct 9108	VBM	9108	1	761	220	28.91	142	5	5	4	2	8	9	15	0	30	0
Pct 9109	Election Day	9109	1	848	205	24.17	124	5	2	3	4	6	8	17	0	36	0
Pct 9109	VBM	9109	1	848	285	33.61	191	4	2	2	4	12	6	20	0	44	0
Pct 9111	Election Day	9111	1	756	150	19.84	85	6	0	2	6	7	8	11	0	24	1
Pct 9111	VBM	9111	1	756	226	29.89	148	5	2	2	2	9	8	19	0	30	1
Pct 9112	Election Day	9112	1	918	211	22.98	139	4	2	3	3	15	7	10	1	27	0
Pct 9112	VBM	9112	1	918	295	32.14	199	6	2	4	5	11	17	16	1	32	2
Pct 9113	Election Day	9113	1	959	231	24.09	147	7	2	6	9	3	4	18	1	34	0
Pct 9113	VBM	9113	1	959	351	36.6	235	3	1	4	10	9	11	31	0	47	0
Pct 9114	Election Day	9114	1	820	170	20.73	102	7	1	0	3	8	7	11	0	30	1
Pct 9114	VBM	9114	1	820	273	33.29	166	6	5	6	7	9	14	15	0	43	2
Pct 9115	Election Day	9115	1	873	172	19.7	101	2	2	7	7	15	11	7	0	20	0
Pct 9115	VBM	9115	1	873	287	32.88	190	3	5	7	7	7	15	19	0	34	0
Pct 9116	Election Day	9116	1	903	193	21.37	121	4	6	6	1	13	8	8	2	24	0
Pct 9116	VBM	9116	1	903	314	34.77	203	7	0	1	5	9	15	30	2	41	1
Pct 9117	Election Day	9117	1	756	180	23.81	126	8	1	4	0	9	9	11	0	12	0
Pct 9117	VBM	9117	1	756	285	37.7	173	8	2	1	3	12	18	24	0	44	0
Pct 9118	Election Day	9118	1	923	184	19.93	110	4	2	6	5	5	6	10	0	36	0
Pct 9118	VBM	9118	1	923	268	29.04	153	1	2	3	6	10	17	32	0	44	0
Pct 9119	Election Day	9119	1	856	152	17.76	91	3	1	2	0	10	6	10	0	29	0
Pct 9119	VBM	9119	1	856	323	37.73	195	4	7	3	9	8	19	30	1	47	0
Pct 9121	Election Day	9121	1	890	188	21.12	98	5	6	4	5	6	8	21	0	35	0
Pct 9121	VBM	9121	1	890	274	30.79	168	0	4	1	5	11	17	25	2	41	0
Pct 9122	Election Day	9122	1	913	131	14.35	82	1	0	1	0	9	6	11	0	21	0
Pct 9122	VBM	9122	1	913	292	31.98	164	4	5	1	4	7	11	50	0	45	1
Pct 9123	Election Day	9123	1	829	175	21.11	106	1	3	7	5	10	8	15	0	20	0
Pct 9123	VBM	9123	1	829	270	32.57	147	6	8	3	5	12	11	38	1	39	0
Pct 9124	Election Day	9124	1	832	150	18.03	83	5	4	4	3	6	10	10	0	25	0
Pct 9124	VBM	9124	1	832	290	34.86	165	10	4	2	5	13	7	31	1	52	0
Pct 9125	Election Day	9125	1	822	159	19.34	91	4	2	1	2	11	6	13	1	28	0
Pct 9125	VBM	9125	1	822	299	36.37	173	8	7	1	6	9	18	31	1	45	0
Pct 9126	Election Day	9126	1	945	186	19.68	113	4	4	3	6	6	9	13	0	28	0
Pct 9126	VBM	9126	1	945	350	37.04	197	5	8	0	12	8	13	37	0	70	0
Pct 9127	Election Day	9127	1	908	209	23.02	134	4	2	3	2	12	4	17	0	31	0
Pct 9127	VBM	9127	1	908	315	34.69	196	3	6	9	8	5	20	19	1	48	0
Pct 9128	Election Day	9128	1	805	188	23.35	111	6	3	3	7	11	6	13	0	27	1
Pct 9128	VBM	9128	1	805	296	36.77	173	5	1	4	11	7	13	45	0	37	0
Pct 9129	Election Day	9129	1	713	173	24.26	114	3	2	3	3	8	6	12	0	22	0
Pct 9129	VBM	9129	1	713	225	31.56	131	8	2	2	3	8	14	20	0	37	0
Pct 9131	Election Day	9131	1	740	151	20.41	93	7	0	3	2	9	11	8	0	18	0
Pct 9131	VBM	9131	1	740	274	37.03	173	5	4	2	5	12	18	27	1	27	0
Pct 9132	Election Day	9132	1	827	167	20.19	108	3	2	3	2	6	7	6	1	29	0
Pct 9132	VBM	9132	1	827	251	30.35	153	3	9	1	5	7	19	11	1	41	1
Pct 9133	Election Day	9133	1	1007	188	18.67	137	2	3	3	2	8	13	3	0	17	0
Pct 9133	VBM	9133	1	1007	388	38.53	255	4	12	5	5	12	20	22	1	52	0
Pct 9134	Election Day	9134	1	893	132	14.78	85	4	2	1	1	5	14	5	0	15	0
Pct 9134	VBM	9134	1	893	297	33.26	191	6	2	1	5	8	18	24	1	40	1
Pct 9135	Election Day	9135	1	778	149	19.15	72	5	5	6	4	9	7	18	0	23	0
Pct 9135	VBM	9135	1	778	269	34.58	160	4	3	6	4	10	8	39	0	35	0
Pct 9136	Election Day	9136	1	894	191	21.36	112	4	4	2	3	14	20	11	1	19	1
Pct 9136	VBM	9136	1	894	289	32.33	171	4	2	2	7	9	17	16	0	61	0
Pct 9137	Election Day	9137	1	946	201	21.25	101	8	7	3	6	10	14	23	0	29	0
Pct 9137	VBM	9137	1	946	323	34.14	192	9	3	2	4	7	14	29	2	61	0
Pct 9138	Election Day	9138	1	892	155	17.38	79	4	1	0	7	7	15	13	0	29	0
Pct 9138	VBM	9138	1	892	323	36.21	201	7	3	5	3	6	11	41	1	45	0
Pct 9139	Election Day	9139	1	912	163	17.87	97	2	1	1	4	8	10	21	0	19	0
Pct 9139	VBM	9139	1	912	356	39.04	180	10	8	1	13	8	13	67	1	55	0
Pct 9141	Election Day	9141	1	904	168	18.58	102	2	1	5	5	6	3	15	0	29	0
Pct 9141	VBM	9141	1	904	328	36.28	208	9	4	3	8	11	11	28	0	46	0
Pct 9142	Election Day	9142	1	921	219	23.78	134	6	3	7	8	11	17	9	2	22	0
Pct 9142	VBM	9142	1	921	288	31.27	181	5	6	1	2	9	21	20	0	43	0
Pct 9143	Election Day	9143	1	887	196	22.1	125	5	2	0	2	10	12	7	0	33	0
Pct 9143	VBM	9143	1	887	315	35.51	177	6	7	3	3	15	14	41	1	47	1
Pct 9144	Election Day	9144	1	931	221	23.74	144	1	4	2	5	11	4	19	1	30	0
Pct 9144	VBM	9144	1	931	322	34.59	183	6	2	6	7	19	12	37	0	50	0
Pct 9145	Election Day	9145	1	837	197	23.54	121	7	3	2	5	4	12	14	0	29	0
Pct 9145	VBM	9145	1	837	282	33.69	186	4	2	2	3	7	9	28	1	40	0
Pct 9146	Election Day	9146	1	866	206	23.79	129	4	2	5	4	14	13	5	0	30	0
Pct 9146	VBM	9146	1	866	297	34.3	207	4	2	2	2	16	7	25	2	30	0
Pct 9147	Election Day	9147	1	920	227	24.67	146	10	3	2	1	12	7	11	0	35	0
Pct 9147	VBM	9147	1	920	318	34.57	191	6	5	6	10	13	19	15	0	53	0
Pct 9148	Election Day	9148	1	946	226	23.89	147	1	6	5	3	11	13	9	1	30	0
Pct 9148	VBM	9148	1	946	322	34.04	218	4	3	0	3	19	11	21	0	43	0
Pct 9149	Election Day	9149	1	884	196	22.17	118	6	3	4	3	19	10	9	1	23	0
Pct 9149	VBM	9149	1	884	296	33.48	208	5	0	2	8	8	6	20	0	39	0
Pct 9151	Election Day	9151	1	806	152	18.86	98	1	3	3	2	6	7	11	0	21	0
Pct 9151	VBM	9151	1	806	267	33.13	180	2	2	2	5	2	12	21	1	40	0
Pct 9152	Election Day	9152	1	712	67	9.41	45	3	0	1	2	4	4	2	0	6	0
Pct 9152	VBM	9152	1	712	138	19.38	87	3	3	2	0	6	5	17	0	15	0
Pct 9201	Election Day	9201	1	953	201	21.09	147	2	5	2	6	7	11	9	0	12	0
Pct 9201	VBM	9201	1	953	229	24.03	149	10	3	1	3	11	16	13	0	23	0
Pct 9202	Election Day	9202	1	908	184	20.26	124	4	2	0	4	8	11	8	0	23	0
Pct 9202	VBM	9202	1	908	218	24.01	147	5	2	1	4	8	11	12	0	28	0
Pct 9203	Election Day	9203	1	968	145	14.98	81	4	0	2	9	2	6	19	0	22	0
Pct 9203	VBM	9203	1	968	300	30.99	163	2	2	0	11	7	9	62	1	43	0
Pct 9204	Election Day	9204	1	809	147	18.17	70	9	1	1	9	7	5	18	1	26	0
Pct 9204	VBM	9204	1	809	223	27.56	119	5	1	0	10	7	8	49	0	24	0
Pct 9205	Election Day	9205	1	694	113	16.28	64	0	1	1	2	6	6	15	1	17	0
Pct 9205	VBM	9205	1	694	201	28.96	120	4	0	0	0	7	10	20	0	40	0
Pct 9206	Election Day	9206	1	887	135	15.22	73	3	4	2	7	1	4	25	0	16	0
Pct 9206	VBM	9206	1	887	294	33.15	163	3	1	0	13	5	8	65	0	36	0
Pct 9207	Election Day	9207	1	913	148	16.21	81	0	1	0	7	4	6	29	0	20	0
Pct 9207	VBM	9207	1	913	249	27.27	150	3	3	2	7	6	5	41	0	32	0
Pct 9208	Election Day	9208	1	936	147	15.71	89	5	1	0	4	4	6	20	0	18	0
Pct 9208	VBM	9208	1	936	240	25.64	134	9	4	1	7	4	10	36	0	35	0
Pct 9209	Election Day	9209	1	675	121	17.93	65	1	1	1	2	5	8	18	0	20	0
Pct 9209	VBM	9209	1	675	188	27.85	120	2	0	0	7	3	2	31	0	23	0
Pct 9211	Election Day	9211	1	834	130	15.59	74	7	0	0	1	4	9	11	0	24	0
Pct 9211	VBM	9211	1	834	212	25.42	124	6	2	1	7	4	9	31	0	28	0
Pct 9212	Election Day	9212	1	764	121	15.84	69	1	0	0	3	6	10	11	0	21	0
Pct 9212	VBM	9212	1	764	205	26.83	115	3	1	0	6	13	9	29	1	27	1
Pct 9213	Election Day	9213	1	890	140	15.73	83	4	1	3	0	3	12	9	0	25	0
Pct 9213	VBM	9213	1	890	260	29.21	155	8	2	0	5	9	8	32	0	41	0
Pct 9214	Election Day	9214	1	581	92	15.83	45	2	0	0	3	2	2	11	0	26	1
Pct 9214	VBM	9214	1	581	203	34.94	115	2	2	1	7	5	7	40	0	24	0
Pct 9215	Election Day	9215	1	626	130	20.77	59	3	1	0	7	6	5	21	0	28	0
Pct 9215	VBM	9215	1	626	170	27.16	112	1	0	1	1	5	4	22	0	24	0
Pct 9216	Election Day	9216	1	798	134	16.79	75	4	1	0	4	4	7	11	0	28	0
Pct 9216	VBM	9216	1	798	206	25.81	124	3	1	0	5	2	5	33	0	33	0
Pct 9217	Election Day	9217	1	684	123	17.98	55	10	2	2	4	3	12	16	0	19	0
Pct 9217	VBM	9217	1	684	187	27.34	99	7	4	2	4	6	6	30	0	29	0
Pct 9218	Election Day	9218	1	797	119	14.93	65	3	3	0	4	3	8	11	1	21	0
Pct 9218	VBM	9218	1	797	225	28.23	130	7	2	2	2	4	8	30	0	40	0
Pct 9219	Election Day	9219	1	733	146	19.92	92	6	1	0	3	4	7	14	0	19	0
Pct 9219	VBM	9219	1	733	187	25.51	127	3	1	3	2	3	4	19	0	25	0
Pct 9221	Election Day	9221	1	641	121	18.88	68	3	1	1	4	2	5	13	1	23	0
Pct 9221	VBM	9221	1	641	278	43.37	170	6	1	1	11	6	7	38	0	38	0
Pct 9222	Election Day	9222	1	842	139	16.51	86	6	0	0	2	3	3	13	0	26	0
Pct 9222	VBM	9222	1	842	268	31.83	168	2	2	0	7	2	2	41	0	44	0
Pct 9223	Election Day	9223	1	606	88	14.52	51	1	0	1	3	2	4	12	1	13	0
Pct 9223	VBM	9223	1	606	202	33.33	123	2	1	0	2	4	5	29	0	36	0
Pct 9224	Election Day	9224	1	912	171	18.75	87	5	0	0	3	5	8	34	0	29	0
Pct 9224	VBM	9224	1	912	308	33.77	171	12	1	0	7	11	8	53	1	44	0
Pct 9225	Election Day	9225	1	898	161	17.93	102	3	1	2	7	7	8	14	0	17	0
Pct 9225	VBM	9225	1	898	243	27.06	151	5	0	0	8	9	6	29	0	35	0
Pct 9226	Election Day	9226	1	905	143	15.8	89	3	2	0	3	3	6	23	0	13	1
Pct 9226	VBM	9226	1	905	312	34.48	188	8	1	1	4	7	9	37	1	55	1
Pct 9227	Election Day	9227	1	729	140	19.2	89	6	2	1	5	6	9	7	0	15	0
Pct 9227	VBM	9227	1	729	304	41.7	176	7	3	0	5	5	11	47	0	50	0
Pct 9228	Election Day	9228	1	726	175	24.1	104	1	1	1	3	1	9	20	0	35	0
Pct 9228	VBM	9228	1	726	277	38.15	158	6	2	3	7	5	6	52	0	38	0
Pct 9229	Election Day	9229	1	596	130	21.81	81	2	3	0	3	2	8	11	1	19	0
Pct 9229	VBM	9229	1	596	219	36.74	143	2	2	1	2	5	4	29	0	31	0
Pct 9231	Election Day	9231	1	919	221	24.05	151	5	3	3	1	8	11	12	0	27	0
Pct 9231	VBM	9231	1	919	294	31.99	194	2	1	3	1	17	9	23	1	42	1
Pct 9232	Election Day	9232	1	701	151	21.54	93	3	2	2	5	3	6	12	0	25	0
Pct 9232	VBM	9232	1	701	274	39.09	177	1	1	5	5	7	7	38	0	33	0
Pct 9233	Election Day	9233	1	774	139	17.96	84	1	1	1	1	4	5	14	0	28	0
Pct 9233	VBM	9233	1	774	308	39.79	178	5	0	1	4	7	8	46	0	58	1
Pct 9234	Election Day	9234	1	731	131	17.92	77	3	2	1	1	4	7	10	0	26	0
Pct 9234	VBM	9234	1	731	281	38.44	178	5	1	0	5	7	8	34	1	41	1
Pct 9235	Election Day	9235	1	842	174	20.67	103	3	1	2	1	4	8	24	0	28	0
Pct 9235	VBM	9235	1	842	298	35.39	166	8	4	2	6	7	7	53	0	45	0
Pct 9236	Election Day	9236	1	658	130	19.76	77	3	2	0	5	1	3	16	0	23	0
Pct 9236	VBM	9236	1	658	207	31.46	146	5	3	2	4	0	4	17	0	26	0
Pct 9237	Election Day	9237	1	880	145	16.48	100	1	0	2	3	4	7	7	0	21	0
Pct 9237	VBM	9237	1	880	331	37.61	199	6	0	0	9	3	10	45	0	59	0
Pct 9238	Election Day	9238	1	792	130	16.41	81	0	0	2	3	5	4	9	0	26	0
Pct 9238	VBM	9238	1	792	271	34.22	162	2	2	0	2	3	5	46	0	48	1
Pct 9239	Election Day	9239	1	835	117	14.01	74	1	0	2	5	5	3	8	1	18	0
Pct 9239	VBM	9239	1	835	318	38.08	207	3	1	0	6	4	4	49	0	44	0
Pct 9241	Election Day	9241	1	961	158	16.44	112	3	1	0	4	4	2	14	1	17	0
Pct 9241	VBM	9241	1	961	322	33.51	214	7	1	3	3	6	3	54	0	31	0
Pct 9242	Election Day	9242	1	940	154	16.38	88	2	4	2	7	6	5	15	0	25	0
Pct 9242	VBM	9242	1	940	300	31.91	218	7	1	1	1	2	5	24	0	41	0
Pct 9243	Election Day	9243	1	572	135	23.6	92	3	0	0	2	2	3	10	0	23	0
Pct 9243	VBM	9243	1	572	188	32.87	132	1	1	0	1	6	4	16	1	26	0
Pct 9244	Election Day	9244	1	880	149	16.93	103	1	1	1	1	7	12	4	0	19	0
Pct 9244	VBM	9244	1	880	269	30.57	192	3	1	0	4	5	9	9	0	46	0
Pct 9245	Election Day	9245	1	706	128	18.13	81	3	0	1	2	3	8	9	0	21	0
Pct 9245	VBM	9245	1	706	226	32.01	151	0	0	0	2	2	7	24	0	40	0
Pct 9246	Election Day	9246	1	910	139	15.27	97	2	2	1	1	5	0	9	0	22	0
Pct 9246	VBM	9246	1	910	299	32.86	184	2	1	1	4	7	8	33	0	58	1
Pct 9247	Election Day	9247	1	936	151	16.13	91	4	2	2	3	6	11	13	0	19	0
Pct 9247	VBM	9247	1	936	303	32.37	204	7	3	1	4	7	14	29	1	33	0
Pct 9248	Election Day	9248	1	898	181	20.16	120	7	0	2	1	8	12	9	0	22	0
Pct 9248	VBM	9248	1	898	282	31.4	182	5	2	0	1	5	13	27	0	46	1
Pct 9249	Election Day	9249	1	910	187	20.55	112	4	0	0	1	13	8	16	0	33	0
Pct 9249	VBM	9249	1	910	314	34.51	202	5	1	0	2	12	7	35	1	48	1
Pct 9251	Election Day	9251	1	946	204	21.56	131	2	3	1	4	7	7	17	0	32	0
Pct 9251	VBM	9251	1	946	342	36.15	243	7	3	0	3	7	9	25	0	45	0
Pct 9252	Election Day	9252	1	913	140	15.33	93	4	2	2	2	2	7	8	0	19	1
Pct 9252	VBM	9252	1	913	352	38.55	230	6	1	3	5	10	7	41	0	48	1
Pct 9253	Election Day	9253	1	751	138	18.38	85	4	1	2	2	2	8	9	0	25	0
Pct 9253	VBM	9253	1	751	272	36.22	166	8	1	0	5	8	13	27	0	40	4
Pct 9254	Election Day	9254	1	889	168	18.9	121	0	2	0	0	4	6	8	0	27	0
Pct 9254	VBM	9254	1	889	318	35.77	231	3	0	3	1	11	8	26	0	34	1
Pct 9255	Election Day	9255	1	545	126	23.12	82	3	3	1	1	4	9	6	0	17	0
Pct 9255	VBM	9255	1	545	128	23.49	86	4	1	0	2	3	4	7	0	21	0
Pct 9256	Election Day	9256	1	433	77	17.78	54	1	1	2	0	1	4	1	0	13	0
Pct 9256	VBM	9256	1	433	103	23.79	72	2	1	2	1	5	2	5	0	13	0
Pct 9257 MB	Election Day	9257	1	312	9	2.88	6	0	0	0	0	0	1	0	0	2	0
Pct 9257 MB	VBM	9257	1	312	150	48.08	114	2	2	0	1	8	5	8	1	9	0
Pct 9258	Election Day	9258	1	699	127	18.17	84	2	1	1	1	8	9	6	0	15	0
Pct 9258	VBM	9258	1	699	244	34.91	165	3	6	0	4	6	10	19	0	31	0
Pct 9401	Election Day	9401	1	970	194	20	119	2	4	3	0	17	10	8	0	31	0
Pct 9401	VBM	9401	1	970	293	30.21	184	7	6	3	3	16	14	17	2	41	0
Pct 9402	Election Day	9402	1	931	197	21.16	123	6	3	5	2	14	6	13	0	25	0
Pct 9402	VBM	9402	1	931	307	32.98	187	5	2	0	2	14	9	31	0	56	1
Pct 9403	Election Day	9403	1	853	167	19.58	103	4	1	2	3	11	7	11	0	25	0
Pct 9403	VBM	9403	1	853	286	33.53	165	4	5	4	7	8	21	32	1	39	0
Pct 9404	Election Day	9404	1	889	153	17.21	80	5	2	2	7	9	12	9	0	27	0
Pct 9404	VBM	9404	1	889	320	36	167	8	1	1	10	10	25	38	0	60	0
Pct 9405	Election Day	9405	1	757	160	21.14	89	4	2	2	6	2	10	16	0	29	0
Pct 9405	VBM	9405	1	757	245	32.36	144	3	10	1	6	5	9	27	0	40	0
Pct 9406	Election Day	9406	1	815	179	21.96	88	4	2	5	4	10	11	27	0	27	1
Pct 9406	VBM	9406	1	815	277	33.99	170	5	8	1	3	12	15	33	0	29	1
Pct 9407	Election Day	9407	1	861	191	22.18	118	4	2	1	5	14	11	11	0	25	0
Pct 9407	VBM	9407	1	861	284	32.98	162	2	1	4	10	12	13	45	0	34	1
Pct 9408	Election Day	9408	1	837	187	22.34	111	1	4	3	4	10	10	10	0	34	0
Pct 9408	VBM	9408	1	837	246	29.39	166	6	8	3	1	11	6	13	0	32	0
Pct 9409	Election Day	9409	1	565	140	24.78	90	7	2	7	4	5	11	5	0	9	0
Pct 9409	VBM	9409	1	565	170	30.09	103	4	1	0	2	8	5	11	1	35	0
Pct 9411	Election Day	9411	1	936	175	18.7	114	9	3	2	1	8	7	8	0	23	0
Pct 9411	VBM	9411	1	936	261	27.88	178	4	2	4	8	13	6	17	1	28	0
Pct 9412	Election Day	9412	1	843	164	19.45	100	5	2	3	4	7	12	14	3	14	0
Pct 9412	VBM	9412	1	843	285	33.81	152	8	1	1	7	12	24	29	0	51	0
Pct 9413	Election Day	9413	1	858	172	20.05	93	7	5	3	5	10	6	15	1	27	0
Pct 9413	VBM	9413	1	858	310	36.13	183	4	6	4	7	8	16	33	0	49	0
Pct 9414	Election Day	9414	1	862	159	18.45	75	9	3	4	6	7	8	11	1	34	1
Pct 9414	VBM	9414	1	862	307	35.61	183	2	3	2	8	11	15	24	2	56	1
Pct 9415	Election Day	9415	1	755	121	16.03	73	1	2	3	4	9	4	7	0	18	0
Pct 9415	VBM	9415	1	755	284	37.62	164	5	6	6	5	10	8	31	0	49	0
Pct 9416	Election Day	9416	1	962	198	20.58	118	10	1	2	3	10	12	15	0	27	0
Pct 9416	VBM	9416	1	962	316	32.85	165	6	3	6	4	9	25	24	1	73	0
Pct 9417	Election Day	9417	1	714	117	16.39	55	3	2	1	5	7	7	13	0	24	0
Pct 9417	VBM	9417	1	714	286	40.06	153	7	16	4	13	2	6	38	2	45	0
Pct 9418	Election Day	9418	1	753	157	20.85	87	2	8	0	4	6	11	14	0	25	0
Pct 9418	VBM	9418	1	753	269	35.72	133	8	2	2	6	8	10	29	4	66	1
Pct 9419	Election Day	9419	1	893	167	18.7	91	3	4	2	6	1	5	20	0	34	1
Pct 9419	VBM	9419	1	893	326	36.51	168	11	4	1	9	11	15	59	0	48	0
Pct 9421	Election Day	9421	1	878	150	17.08	82	3	1	3	2	3	5	17	1	33	0
Pct 9421	VBM	9421	1	878	316	35.99	190	7	2	2	4	7	13	43	3	45	0
Pct 9422	Election Day	9422	1	1010	200	19.8	108	2	2	3	7	14	11	18	0	35	0
Pct 9422	VBM	9422	1	1010	358	35.45	194	7	7	7	14	10	14	51	2	52	0
Pct 9423	Election Day	9423	1	853	147	17.23	88	1	5	4	3	7	6	14	0	19	0
Pct 9423	VBM	9423	1	853	292	34.23	179	6	3	4	8	4	12	28	3	45	0
Pct 9424	Election Day	9424	1	910	146	16.04	79	2	3	4	8	11	6	10	0	23	0
Pct 9424	VBM	9424	1	910	331	36.37	193	9	5	0	5	11	17	40	1	50	0
Pct 9425	Election Day	9425	1	903	136	15.06	78	2	4	7	2	4	3	10	0	26	0
Pct 9425	VBM	9425	1	903	313	34.66	167	2	5	0	12	8	23	39	0	57	0
Pct 9426	Election Day	9426	1	801	143	17.85	72	1	1	4	5	7	7	24	0	22	0
Pct 9426	VBM	9426	1	801	283	35.33	127	5	4	2	11	5	13	46	2	68	0
Pct 9427	Election Day	9427	1	889	129	14.51	67	3	2	0	3	3	1	22	0	28	0
Pct 9427	VBM	9427	1	889	333	37.46	156	6	12	4	11	14	9	54	1	66	0
Pct 9428	Election Day	9428	1	892	122	13.68	53	6	2	6	2	7	11	10	1	24	0
Pct 9428	VBM	9428	1	892	346	38.79	189	6	7	9	7	9	15	38	1	64	1
Pct 9429	Election Day	9429	1	866	173	19.98	83	2	1	5	9	14	7	21	0	31	0
Pct 9429	VBM	9429	1	866	308	35.57	159	5	4	7	9	11	20	40	0	53	0
Pct 9431	Election Day	9431	1	954	152	15.93	87	3	4	4	5	6	10	16	0	17	0
Pct 9431	VBM	9431	1	954	352	36.9	195	8	6	3	13	12	11	41	1	61	1
Pct 9432	Election Day	9432	1	901	155	17.2	82	4	2	1	4	7	11	17	0	27	0
Pct 9432	VBM	9432	1	901	307	34.07	175	1	1	4	3	9	10	38	3	63	0
Pct 9433	Election Day	9433	1	912	155	17	70	6	3	3	7	5	7	20	0	34	0
Pct 9433	VBM	9433	1	912	317	34.76	157	4	2	7	11	8	19	46	0	63	0
Pct 9434	Election Day	9434	1	963	188	19.52	94	8	2	2	11	9	11	15	0	36	0
Pct 9434	VBM	9434	1	963	349	36.24	199	9	7	3	5	5	19	52	1	49	0
Pct 9435	Election Day	9435	1	934	195	20.88	99	8	3	5	4	12	11	26	2	25	0
Pct 9435	VBM	9435	1	934	320	34.26	168	6	4	3	2	10	14	43	0	70	0
Pct 9436	Election Day	9436	1	941	161	17.11	86	5	1	3	9	7	8	17	0	25	0
Pct 9436	VBM	9436	1	941	337	35.81	181	6	5	3	7	10	10	42	0	73	0
Pct 9437	Election Day	9437	1	873	170	19.47	95	3	4	1	4	8	13	19	0	23	0
Pct 9437	VBM	9437	1	873	324	37.11	164	4	14	2	5	11	13	62	0	49	0
Pct 9438	Election Day	9438	1	918	129	14.05	70	5	2	1	6	7	9	13	1	15	0
Pct 9438	VBM	9438	1	918	336	36.6	161	6	8	2	7	15	23	51	0	63	0
Pct 9439	Election Day	9439	1	827	126	15.24	74	2	4	2	1	6	7	11	1	18	0
Pct 9439	VBM	9439	1	827	314	37.97	149	4	4	1	14	10	22	43	1	66	0
Pct 9441	Election Day	9441	1	939	205	21.83	115	7	6	8	3	5	16	17	0	26	2
Pct 9441	VBM	9441	1	939	337	35.89	184	6	8	3	9	17	15	42	1	50	2
Pct 9442	Election Day	9442	1	970	200	20.62	121	4	1	6	4	10	8	20	0	26	0
Pct 9442	VBM	9442	1	970	325	33.51	159	11	6	4	5	18	11	47	1	63	0
Pct 9443	Election Day	9443	1	886	138	15.58	80	5	2	0	5	9	9	5	0	23	0
Pct 9443	VBM	9443	1	886	304	34.31	167	8	7	3	8	18	14	25	1	52	1
Pct 9444	Election Day	9444	1	901	118	13.1	56	7	3	2	1	7	7	16	1	18	0
Pct 9444	VBM	9444	1	901	312	34.63	166	2	3	3	8	14	14	50	0	52	0
Pct 9445	Election Day	9445	1	945	154	16.3	85	1	2	3	4	6	6	18	0	29	0
Pct 9445	VBM	9445	1	945	342	36.19	183	8	9	5	14	10	10	42	0	61	0
Pct 9446	Election Day	9446	1	1043	164	15.72	94	2	3	1	7	9	12	11	0	25	0
Pct 9446	VBM	9446	1	1043	417	39.98	210	12	7	2	14	23	18	57	1	73	0
Pct 9447	Election Day	9447	1	891	171	19.19	112	4	4	1	5	7	8	11	0	19	0
Pct 9447	VBM	9447	1	891	327	36.7	199	7	5	0	10	8	14	31	1	52	0
Pct 9448	Election Day	9448	1	877	159	18.13	90	4	2	1	6	9	5	16	1	25	0
Pct 9448	VBM	9448	1	877	307	35.01	166	10	11	1	6	8	13	32	0	60	0
Pct 9449	Election Day	9449	1	784	97	12.37	49	3	3	1	5	2	10	7	0	17	0
Pct 9449	VBM	9449	1	784	302	38.52	156	3	12	5	11	3	14	34	0	64	0
Pct 9451	Election Day	9451	1	414	57	13.77	36	0	1	0	4	4	1	3	0	6	2
Pct 9451	VBM	9451	1	414	154	37.2	77	3	1	1	6	4	2	34	2	24	0
Pct 9452	Election Day	9452	1	799	175	21.9	89	4	2	2	11	8	5	26	0	28	0
Pct 9452	VBM	9452	1	799	281	35.17	140	6	6	1	7	10	11	43	0	57	0
Pct 9453	Election Day	9453	1	488	90	18.44	56	2	0	0	5	2	4	10	0	11	0
Pct 9453	VBM	9453	1	488	175	35.86	90	3	3	3	4	5	16	23	0	28	0
Pct 9501 MB	Election Day	9501	1	149	5	3.36	3	0	0	0	0	0	0	0	0	2	0
Pct 9501 MB	VBM	9501	1	149	71	47.65	46	1	0	1	4	1	0	5	0	13	0
Pct 9502 MB	Election Day	9502	1	233	10	4.29	4	2	0	0	0	1	1	0	0	2	0
Pct 9502 MB	VBM	9502	1	233	116	49.79	84	1	0	0	0	9	5	8	0	9	0
Pct 9503/9504	Election Day	9503	1	725	128	17.66	78	3	2	2	1	5	8	2	0	27	0
Pct 9503/9504	VBM	9503	1	725	184	25.38	128	4	1	0	2	6	10	8	0	24	1
Pct 9505	Election Day	9505	1	756	147	19.44	85	2	1	1	6	10	5	8	0	29	0
Pct 9505	VBM	9505	1	756	274	36.24	168	3	2	1	4	16	21	13	0	46	0
Pct 9506	Election Day	9506	1	771	134	17.38	87	3	3	1	5	5	10	6	1	12	1
Pct 9506	VBM	9506	1	771	217	28.15	147	4	1	2	0	9	12	6	0	35	1
Pct 9507	Election Day	9507	1	733	170	23.19	115	3	2	2	1	8	8	4	1	26	0
Pct 9507	VBM	9507	1	733	218	29.74	154	7	6	0	2	9	10	3	0	27	0
Pct 9508	Election Day	9508	1	784	180	22.96	134	4	1	3	2	10	13	0	0	13	0
Pct 9508	VBM	9508	1	784	258	32.91	201	4	1	4	1	10	8	2	0	27	0
Pct 9509	Election Day	9509	1	719	165	22.95	111	2	2	2	3	10	8	7	1	19	0
Pct 9509	VBM	9509	1	719	239	33.24	184	3	2	0	2	6	11	2	0	28	1
Pct 9511	Election Day	9511	1	600	147	24.5	98	4	0	4	2	13	2	6	0	18	0
Pct 9511	VBM	9511	1	600	177	29.5	121	3	1	0	2	10	9	9	1	21	0
Pct 9512	Election Day	9512	1	771	161	20.88	123	1	2	0	0	6	7	4	0	18	0
Pct 9512	VBM	9512	1	771	251	32.56	190	9	2	1	2	5	6	10	0	26	0
Pct 9513	Election Day	9513	1	864	200	23.15	124	9	4	1	3	8	17	5	1	28	0
Pct 9513	VBM	9513	1	864	261	30.21	180	4	3	1	1	19	13	9	0	31	0
Pct 9514/9522	Election Day	9514	1	869	229	26.35	161	4	2	7	2	10	13	10	0	20	0
Pct 9514/9522	VBM	9514	1	869	257	29.57	187	3	1	3	2	10	5	7	0	38	1
Pct 9515	Election Day	9515	1	685	159	23.21	111	7	4	2	3	5	8	3	1	15	0
Pct 9515	VBM	9515	1	685	243	35.47	165	4	3	0	1	7	7	20	0	36	0
Pct 9516	Election Day	9516	1	864	206	23.84	127	4	3	4	5	8	6	12	0	37	0
Pct 9516	VBM	9516	1	864	269	31.13	173	8	5	4	2	12	8	18	1	38	0
Pct 9517	Election Day	9517	1	768	197	25.65	129	8	4	3	1	11	6	7	0	28	0
Pct 9517	VBM	9517	1	768	235	30.6	175	2	0	1	3	8	8	12	0	26	0
Pct 9518	Election Day	9518	1	783	180	22.99	120	2	2	4	1	8	15	5	0	23	0
Pct 9518	VBM	9518	1	783	242	30.91	173	2	4	2	3	10	11	13	0	24	0
Pct 9519	Election Day	9519	1	850	217	25.53	153	3	2	1	3	6	8	9	0	32	0
Pct 9519	VBM	9519	1	850	294	34.59	230	6	4	2	2	13	3	8	0	26	0
Pct 9521	Election Day	9521	1	893	254	28.44	177	11	0	4	4	16	8	4	2	28	0
Pct 9521	VBM	9521	1	893	290	32.47	227	5	2	1	1	9	9	9	0	27	0
Pct 9701	Election Day	9701	1	665	156	23.46	112	2	2	3	3	7	8	4	0	15	0
Pct 9701	VBM	9701	1	665	235	35.34	151	2	3	5	4	5	5	23	0	37	0
Pct 9702	Election Day	9702	1	710	194	27.32	130	3	2	4	2	9	11	6	1	26	0
Pct 9702	VBM	9702	1	710	231	32.54	151	4	1	3	2	7	3	16	0	44	0
Pct 9703	Election Day	9703	1	931	182	19.55	95	4	2	3	3	8	18	17	0	32	0
Pct 9703	VBM	9703	1	931	373	40.06	206	6	6	5	5	18	18	37	0	72	0
Pct 9704	Election Day	9704	1	942	191	20.28	134	2	1	2	6	11	5	9	0	21	0
Pct 9704	VBM	9704	1	942	354	37.58	237	9	3	2	7	16	6	23	0	51	0
Pct 9705	Election Day	9705	1	879	208	23.66	153	3	1	1	5	5	5	9	0	26	0
Pct 9705	VBM	9705	1	879	309	35.15	234	2	1	2	2	8	9	17	0	34	0
Pct 9706 MB	Election Day	9706	1	51	2	3.92	1	0	0	0	0	0	0	0	0	1	0
Pct 9706 MB	VBM	9706	1	51	32	62.75	24	0	0	1	0	3	1	0	0	3	0
Pct 9707	Election Day	9707	1	799	121	15.14	72	2	2	2	5	2	5	17	0	14	0
Pct 9707	VBM	9707	1	799	355	44.43	206	11	3	0	14	5	15	38	0	62	1
Pct 9708	Election Day	9708	1	919	193	21	127	3	1	4	2	10	9	9	0	28	0
Pct 9708	VBM	9708	1	919	324	35.26	210	6	4	2	6	7	11	17	1	60	0
Pct 9709	Election Day	9709	1	998	196	19.64	113	4	3	1	4	9	10	13	0	39	0
Pct 9709	VBM	9709	1	998	355	35.57	230	4	2	3	6	6	9	36	0	59	0
Pct 9711	Election Day	9711	1	625	167	26.72	104	6	1	1	3	7	5	17	1	22	0
Pct 9711	VBM	9711	1	625	254	40.64	172	9	5	1	6	7	9	20	0	24	1
Pct 9712	Election Day	9712	1	651	134	20.58	84	4	3	1	4	5	9	12	0	12	0
Pct 9712	VBM	9712	1	651	288	44.24	190	5	4	0	2	11	9	31	0	35	1
Pct 9713	Election Day	9713	1	930	161	17.31	79	5	0	2	5	7	2	16	1	44	0
Pct 9713	VBM	9713	1	930	362	38.92	216	8	4	3	8	9	16	48	1	49	0
Pct 9714	Election Day	9714	1	911	154	16.9	97	3	0	2	7	5	1	19	0	20	0
Pct 9714	VBM	9714	1	911	367	40.29	226	4	4	3	4	8	7	55	0	55	1
Pct 9715	Election Day	9715	1	566	162	28.62	111	3	1	3	5	6	3	13	0	17	0
Pct 9715	VBM	9715	1	566	218	38.52	130	2	1	0	1	6	8	44	0	26	0
Pct 9716	Election Day	9716	1	928	198	21.34	114	9	4	2	6	9	6	17	0	31	0
Pct 9716	VBM	9716	1	928	368	39.66	214	7	3	9	10	7	12	37	0	69	0
Pct 9717	Election Day	9717	1	967	206	21.3	123	2	5	2	11	3	5	19	1	34	1
Pct 9717	VBM	9717	1	967	371	38.37	252	6	6	2	9	9	11	37	0	39	0
Pct 9718	Election Day	9718	1	843	183	21.71	113	7	2	2	4	4	7	20	0	24	0
Pct 9718	VBM	9718	1	843	385	45.67	227	12	3	6	8	14	11	51	1	52	0
Pct 9719	Election Day	9719	1	863	186	21.55	117	6	1	1	8	6	14	10	0	23	0
Pct 9719	VBM	9719	1	863	389	45.08	245	3	1	3	8	14	10	58	1	46	0
Pct 9721	Election Day	9721	1	653	182	27.87	112	4	3	1	7	4	4	20	1	25	1
Pct 9721	VBM	9721	1	653	250	38.28	150	3	1	0	1	6	8	33	1	47	0
Pct 9722	Election Day	9722	1	593	86	14.5	53	2	0	1	3	4	1	9	0	13	0
Pct 9722	VBM	9722	1	593	269	45.36	150	2	4	1	9	14	9	50	0	30	0
Pct 9723	Election Day	9723	1	458	74	16.16	42	0	1	0	2	2	4	9	0	14	0
Pct 9723	VBM	9723	1	458	198	43.23	102	5	0	0	3	2	7	36	1	42	0
Pct 9724	Election Day	9724	1	950	144	15.16	77	1	0	1	6	5	4	25	1	24	0
Pct 9724	VBM	9724	1	950	386	40.63	186	8	6	3	14	13	6	82	1	67	0
Pct 9725	Election Day	9725	1	941	118	12.54	51	3	0	2	5	6	6	25	0	20	0
Pct 9725	VBM	9725	1	941	350	37.19	174	1	3	4	13	13	11	71	0	60	0
Pct 9726	Election Day	9726	1	685	83	12.12	47	0	1	2	1	5	5	11	0	11	0
Pct 9726	VBM	9726	1	685	137	20	83	3	1	0	2	7	3	27	0	11	0
Pct 9727	Election Day	9727	1	435	60	13.79	34	1	0	0	2	2	2	10	0	9	0
Pct 9727	VBM	9727	1	435	205	47.13	97	3	2	3	8	9	2	52	0	29	0
Pct 9728	Election Day	9728	1	906	204	22.52	126	2	5	1	8	5	8	27	0	22	0
Pct 9728	VBM	9728	1	906	378	41.72	213	13	3	3	8	6	14	74	0	44	0
Pct 9729	Election Day	9729	1	782	161	20.59	80	5	0	1	6	4	7	29	0	29	0
Pct 9729	VBM	9729	1	782	304	38.87	179	4	1	2	6	5	7	52	0	48	0
Pct 9731	Election Day	9731	1	529	138	26.09	81	5	1	0	2	5	5	24	0	15	0
Pct 9731	VBM	9731	1	529	189	35.73	115	2	0	2	3	4	8	29	1	25	0
Pct 9732 MB	Election Day	9732	1	73	3	4.11	2	0	0	0	0	0	1	0	0	0	0
Pct 9732 MB	VBM	9732	1	73	43	58.9	33	0	0	1	1	0	2	4	0	2	0
Pct 9733 MB	Election Day	9733	1	224	4	1.79	2	0	1	0	0	0	1	0	0	0	0
Pct 9733 MB	VBM	9733	1	224	146	65.18	115	2	0	2	3	3	4	10	0	7	0
Pct 9734	Election Day	9734	1	577	122	21.14	79	3	0	0	4	4	1	15	0	16	0
Pct 9734	VBM	9734	1	577	261	45.23	178	1	1	1	8	3	6	34	0	29	0
Pct 9735	Election Day	9735	1	782	167	21.36	96	3	0	1	5	3	9	15	1	33	1
Pct 9735	VBM	9735	1	782	344	43.99	214	9	3	1	4	9	12	52	0	40	0
Pct 9736	Election Day	9736	1	699	145	20.74	83	7	1	1	6	8	9	12	0	18	0
Pct 9736	VBM	9736	1	699	305	43.63	215	5	1	1	7	11	8	22	0	34	1
Pct 9737	Election Day	9737	1	792	175	22.1	123	5	2	2	3	4	4	14	0	18	0
Pct 9737	VBM	9737	1	792	343	43.31	224	5	3	0	7	11	14	41	0	38	0
Pct 9738	Election Day	9738	1	830	99	11.93	53	2	2	1	1	5	8	16	0	11	0
Pct 9738	VBM	9738	1	830	263	31.69	169	5	5	2	6	5	14	29	1	26	1
Pct 9739	Election Day	9739	1	826	126	15.25	69	6	5	7	6	0	10	11	0	11	1
Pct 9739	VBM	9739	1	826	193	23.37	130	4	2	3	7	9	8	17	0	13	0
Pct 9741	Election Day	9741	1	1022	19	1.86	13	0	0	1	0	2	0	1	0	2	0
Pct 9741	VBM	9741	1	1022	24	2.35	21	1	0	0	0	1	0	0	0	1	0
Pct 9742	Election Day	9742	1	647	134	20.71	74	3	3	3	6	3	7	19	0	16	0
Pct 9742	VBM	9742	1	647	187	28.9	99	3	3	2	7	0	6	34	0	33	0
Pct 9743	Election Day	9743	1	1093	172	15.74	100	5	3	2	4	8	15	11	0	24	0
Pct 9743	VBM	9743	1	1093	317	29	194	4	11	4	6	11	20	32	1	34	0
Pct 9744	Election Day	9744	1	902	141	15.63	82	6	3	6	3	6	4	18	0	12	1
Pct 9744	VBM	9744	1	902	234	25.94	127	3	4	2	11	8	16	34	0	28	1
Pct 9745	Election Day	9745	1	934	141	15.1	77	7	2	3	4	9	7	12	1	19	0
Pct 9745	VBM	9745	1	934	205	21.95	122	4	4	1	7	9	18	21	0	19	0
Pct 9746	Election Day	9746	1	867	192	22.15	100	3	2	1	8	8	5	36	1	28	0
Pct 9746	VBM	9746	1	867	334	38.52	199	7	1	3	8	8	10	49	0	46	3
Pct 9747	Election Day	9747	1	940	198	21.06	125	6	3	2	3	13	8	12	0	26	0
Pct 9747	VBM	9747	1	940	323	34.36	206	4	3	2	10	10	14	27	0	47	0
Pct 9748	Election Day	9748	1	913	164	17.96	97	4	1	0	4	6	9	15	1	27	0
Pct 9748	VBM	9748	1	913	342	37.46	201	4	3	5	7	15	10	49	-1	48	1
Pct 9749	Election Day	9749	1	893	143	16.01	66	6	4	4	3	5	19	10	0	26	0
Pct 9749	VBM	9749	1	893	266	29.79	159	3	3	5	12	15	13	15	2	37	2
Pct 9751	Election Day	9751	1	977	157	16.07	88	2	2	3	3	9	11	17	1	21	0
Pct 9751	VBM	9751	1	977	384	39.3	247	5	2	6	12	11	17	36	1	47	0
Pct 9752	Election Day	9752	1	692	143	20.66	86	12	1	0	8	2	8	8	0	18	0
Pct 9752	VBM	9752	1	692	305	44.08	196	5	3	4	6	8	11	31	0	41	0
Pct 9753	Election Day	9753	1	735	148	20.14	97	1	0	0	6	9	9	3	1	22	0
Pct 9753	VBM	9753	1	735	266	36.19	168	3	4	3	7	11	21	16	1	31	1
Pct 9754	Election Day	9754	1	701	169	24.11	117	1	2	6	5	11	2	8	0	17	0
Pct 9754	VBM	9754	1	701	296	42.23	217	6	1	2	4	8	14	17	0	27	0
Pct 9755	Election Day	9755	1	553	120	21.7	87	6	2	2	2	4	4	4	0	9	0
Pct 9755	VBM	9755	1	553	201	36.35	133	3	1	1	7	9	8	25	0	13	1
Pct 9756	Election Day	9756	1	908	126	13.88	74	6	5	2	4	4	6	4	0	21	0
Pct 9756	VBM	9756	1	908	297	32.71	166	3	4	4	9	8	21	41	1	40	0
Pct 9801	Election Day	9801	1	399	76	19.05	43	4	0	0	8	1	4	6	0	10	0
Pct 9801	VBM	9801	1	399	148	37.09	96	2	6	2	3	9	9	8	0	13	0
Pct 9900 MB	Election Day	9900	1	0	0	0	0	0	0	0	0	0	0	0	0	0	0
Pct 9900 MB	VBM	9900	1	0	0	0	0	0	0	0	0	0	0	0	0	0	0
Pct 9901 MB	Election Day	9901	1	0	0	0	0	0	0	0	0	0	0	0	0	0	0
Pct 9901 MB	VBM	9901	1	0	0	0	0	0	0	0	0	0	0	0	0	0	0
Pct 9902 MB	Election Day	9902	1	0	0	0	0	0	0	0	0	0	0	0	0	0	0
Pct 9902 MB	VBM	9902	1	0	0	0	0	0	0	0	0	0	0	0	0	0	0
