PrecinctName	ReportingType	PrecinctID	Precincts	Registration	Ballots Cast	Turnout (%)	PHIL TING	KEITH BOGDON	DAVID ERNST	WRITE-IN	Under Vote	Over Vote
Pct 1101	Election Day	1101	1	544	83	15.26	59	9	3	0	12	0
Pct 1101	VBM	1101	1	544	198	36.4	151	19	4	1	23	0
Pct 1102	Election Day	1102	1	964	188	19.5	141	14	5	1	29	0
Pct 1102	VBM	1102	1	964	337	34.96	234	42	21	0	39	0
Pct 1103	Election Day	1103	1	914	163	17.83	109	14	10	1	29	0
Pct 1103	VBM	1103	1	914	348	38.07	246	57	8	2	34	0
Pct 1104/1105	Election Day	1104	1	953	167	17.52	107	23	9	0	28	0
Pct 1104/1105	VBM	1104	1	953	292	30.64	213	24	11	1	41	2
Pct 1106	Election Day	1106	1	740	113	15.27	79	13	5	0	16	0
Pct 1106	VBM	1106	1	740	231	31.22	164	40	7	0	20	0
Pct 1107	Election Day	1107	1	721	101	14.01	76	7	5	2	11	0
Pct 1107	VBM	1107	1	721	240	33.29	169	35	4	3	24	0
Pct 1108	Election Day	1108	1	882	156	17.69	109	10	3	3	32	0
Pct 1108	VBM	1108	1	882	328	37.19	257	25	8	0	35	0
Pct 1109	Election Day	1109	1	758	124	16.36	86	10	8	1	19	0
Pct 1109	VBM	1109	1	758	265	34.96	188	37	6	2	31	1
Pct 1111	Election Day	1111	1	938	132	14.07	93	10	8	1	21	0
Pct 1111	VBM	1111	1	938	330	35.18	218	51	11	3	43	1
Pct 1112	Election Day	1112	1	702	96	13.68	63	8	4	2	19	0
Pct 1112	VBM	1112	1	702	221	31.48	163	22	7	2	26	0
Pct 1113	Election Day	1113	1	701	82	11.7	57	6	5	1	13	0
Pct 1113	VBM	1113	1	701	272	38.8	180	38	19	0	32	1
Pct 1114	Election Day	1114	1	915	139	15.19	87	13	11	1	27	0
Pct 1114	VBM	1114	1	915	280	30.6	190	41	21	1	27	0
Pct 1115	Election Day	1115	1	835	97	11.62	78	4	5	0	11	0
Pct 1115	VBM	1115	1	835	279	33.41	178	41	15	1	43	0
Pct 1116	Election Day	1116	1	842	141	16.75	100	6	4	2	29	0
Pct 1116	VBM	1116	1	842	275	32.66	182	27	7	2	56	0
Pct 1117	Election Day	1117	1	827	138	16.69	90	8	11	2	30	0
Pct 1117	VBM	1117	1	827	240	29.02	177	22	16	1	23	0
Pct 1118	Election Day	1118	1	974	158	16.22	116	11	12	3	16	0
Pct 1118	VBM	1118	1	974	335	34.39	226	39	17	0	53	0
Pct 1119	Election Day	1119	1	745	97	13.02	67	7	2	1	19	1
Pct 1119	VBM	1119	1	745	274	36.78	192	47	8	1	26	0
Pct 1121	Election Day	1121	1	653	104	15.93	62	15	8	0	20	0
Pct 1121	VBM	1121	1	653	221	33.84	142	28	14	0	35	0
Pct 1122	Election Day	1122	1	607	69	11.37	51	8	0	2	8	0
Pct 1122	VBM	1122	1	607	213	35.09	134	35	6	0	38	0
Pct 1123	Election Day	1123	1	876	118	13.47	87	8	4	1	18	0
Pct 1123	VBM	1123	1	876	254	29	179	31	15	0	28	0
Pct 1124	Election Day	1124	1	773	109	14.1	71	11	2	1	24	0
Pct 1124	VBM	1124	1	773	200	25.87	159	17	3	0	22	0
Pct 1125	Election Day	1125	1	987	80	8.11	42	9	6	1	23	0
Pct 1125	VBM	1125	1	987	329	33.33	222	49	18	2	38	1
Pct 1126	Election Day	1126	1	900	92	10.22	65	7	2	3	17	0
Pct 1126	VBM	1126	1	900	292	32.44	222	31	13	4	21	0
Pct 1127	Election Day	1127	1	875	141	16.11	88	17	10	3	24	0
Pct 1127	VBM	1127	1	875	277	31.66	182	42	9	1	42	0
Pct 1128	Election Day	1128	1	813	104	12.79	66	14	6	0	17	1
Pct 1128	VBM	1128	1	813	246	30.26	160	43	15	4	24	0
Pct 1129	Election Day	1129	1	924	120	12.99	82	14	5	1	18	0
Pct 1129	VBM	1129	1	924	274	29.65	192	44	7	1	28	0
Pct 1131	Election Day	1131	1	783	85	10.86	54	11	5	1	14	0
Pct 1131	VBM	1131	1	783	288	36.78	206	43	13	1	24	0
Pct 1132	Election Day	1132	1	910	112	12.31	66	8	8	0	30	0
Pct 1132	VBM	1132	1	910	324	35.6	221	48	14	0	40	1
Pct 1133	Election Day	1133	1	826	99	11.99	62	12	6	0	19	0
Pct 1133	VBM	1133	1	826	292	35.35	204	36	15	4	35	0
Pct 1134	Election Day	1134	1	727	126	17.33	86	7	7	1	25	0
Pct 1134	VBM	1134	1	727	241	33.15	173	26	8	1	33	0
Pct 1135	Election Day	1135	1	511	71	13.89	53	5	1	0	12	0
Pct 1135	VBM	1135	1	511	217	42.47	153	26	11	1	26	0
Pct 1136	Election Day	1136	1	807	97	12.02	62	10	5	2	18	0
Pct 1136	VBM	1136	1	807	287	35.56	198	39	10	2	37	0
Pct 9001 MB	Election Day	9001	1	257	8	3.11	2	2	0	0	4	0
Pct 9001 MB	VBM	9001	1	257	101	39.3	81	6	6	0	6	0
Pct 9101	Election Day	9101	1	833	190	22.81	123	22	5	0	40	0
Pct 9101	VBM	9101	1	833	323	38.78	216	51	11	2	43	0
Pct 9102	Election Day	9102	1	950	182	19.16	109	27	6	0	41	0
Pct 9102	VBM	9102	1	950	335	35.26	246	41	10	1	33	0
Pct 9103	Election Day	9103	1	924	174	18.83	124	16	5	1	28	0
Pct 9103	VBM	9103	1	924	302	32.68	204	48	8	4	38	0
Pct 9104	Election Day	9104	1	937	176	18.78	103	20	7	0	46	0
Pct 9104	VBM	9104	1	937	332	35.43	228	45	8	3	48	0
Pct 9105	Election Day	9105	1	888	191	21.51	124	14	7	1	44	0
Pct 9105	VBM	9105	1	888	339	38.18	230	43	8	2	56	1
Pct 9106	Election Day	9106	1	907	213	23.48	150	23	3	0	36	0
Pct 9106	VBM	9106	1	907	334	36.82	230	43	3	0	53	1
Pct 9107	Election Day	9107	1	806	164	20.35	115	14	2	1	32	0
Pct 9107	VBM	9107	1	806	246	30.52	161	36	6	1	41	0
Pct 9108	Election Day	9108	1	761	185	24.31	124	19	10	4	29	0
Pct 9108	VBM	9108	1	761	220	28.91	163	16	7	0	35	0
Pct 9109	Election Day	9109	1	848	205	24.17	144	20	3	2	37	0
Pct 9109	VBM	9109	1	848	285	33.61	212	18	5	0	46	0
Pct 9111	Election Day	9111	1	756	150	19.84	101	17	4	0	28	0
Pct 9111	VBM	9111	1	756	226	29.89	149	34	9	0	35	0
Pct 9112	Election Day	9112	1	918	211	22.98	152	12	8	2	37	0
Pct 9112	VBM	9112	1	918	295	32.14	213	22	5	1	54	0
Pct 9113	Election Day	9113	1	959	231	24.09	148	21	11	2	49	0
Pct 9113	VBM	9113	1	959	351	36.6	252	39	5	2	52	0
Pct 9114	Election Day	9114	1	820	170	20.73	112	11	5	1	40	1
Pct 9114	VBM	9114	1	820	273	33.29	179	22	13	2	56	0
Pct 9115	Election Day	9115	1	873	172	19.7	130	11	6	1	24	0
Pct 9115	VBM	9115	1	873	287	32.88	189	25	11	0	60	0
Pct 9116	Election Day	9116	1	903	193	21.37	128	15	8	4	36	0
Pct 9116	VBM	9116	1	903	314	34.77	200	39	9	1	61	0
Pct 9117	Election Day	9117	1	756	180	23.81	125	16	8	0	29	0
Pct 9117	VBM	9117	1	756	285	37.7	203	29	9	1	42	0
Pct 9118	Election Day	9118	1	923	184	19.93	119	20	5	1	39	0
Pct 9118	VBM	9118	1	923	268	29.04	183	31	8	3	43	0
Pct 9119	Election Day	9119	1	856	152	17.76	97	12	6	2	37	0
Pct 9119	VBM	9119	1	856	323	37.73	228	40	11	1	43	0
Pct 9121	Election Day	9121	1	890	188	21.12	114	28	4	2	40	0
Pct 9121	VBM	9121	1	890	274	30.79	200	30	7	2	35	0
Pct 9122	Election Day	9122	1	913	131	14.35	82	10	2	0	37	0
Pct 9122	VBM	9122	1	913	292	31.98	193	47	5	0	46	0
Pct 9123	Election Day	9123	1	829	175	21.11	118	23	2	1	31	0
Pct 9123	VBM	9123	1	829	270	32.57	190	37	11	3	28	0
Pct 9124	Election Day	9124	1	832	150	18.03	100	15	7	0	28	0
Pct 9124	VBM	9124	1	832	290	34.86	192	45	2	1	49	0
Pct 9125	Election Day	9125	1	822	159	19.34	117	10	3	2	26	0
Pct 9125	VBM	9125	1	822	299	36.37	215	27	12	1	47	0
Pct 9126	Election Day	9126	1	945	186	19.68	117	24	6	0	39	0
Pct 9126	VBM	9126	1	945	350	37.04	232	52	7	1	58	0
Pct 9127	Election Day	9127	1	908	209	23.02	137	21	4	0	47	0
Pct 9127	VBM	9127	1	908	315	34.69	231	28	8	0	49	0
Pct 9128	Election Day	9128	1	805	188	23.35	117	18	12	1	40	0
Pct 9128	VBM	9128	1	805	296	36.77	205	42	7	1	41	0
Pct 9129	Election Day	9129	1	713	173	24.26	127	13	2	0	31	0
Pct 9129	VBM	9129	1	713	225	31.56	168	20	7	2	25	0
Pct 9131	Election Day	9131	1	740	151	20.41	111	9	9	1	21	0
Pct 9131	VBM	9131	1	740	274	37.03	186	35	8	2	41	0
Pct 9132	Election Day	9132	1	827	167	20.19	114	6	4	3	40	0
Pct 9132	VBM	9132	1	827	251	30.35	178	18	5	2	48	0
Pct 9133	Election Day	9133	1	1007	188	18.67	144	7	3	0	34	0
Pct 9133	VBM	9133	1	1007	388	38.53	267	32	13	2	73	0
Pct 9134	Election Day	9134	1	893	132	14.78	93	7	6	2	24	0
Pct 9134	VBM	9134	1	893	297	33.26	209	29	11	1	44	0
Pct 9135	Election Day	9135	1	778	149	19.15	87	25	6	2	29	0
Pct 9135	VBM	9135	1	778	269	34.58	166	46	14	0	42	0
Pct 9136	Election Day	9136	1	894	191	21.36	139	12	6	1	33	0
Pct 9136	VBM	9136	1	894	289	32.33	192	28	4	0	61	0
Pct 9137	Election Day	9137	1	946	201	21.25	127	31	15	1	27	0
Pct 9137	VBM	9137	1	946	323	34.14	200	34	20	1	65	0
Pct 9138	Election Day	9138	1	892	155	17.38	102	15	3	0	36	0
Pct 9138	VBM	9138	1	892	323	36.21	240	39	12	0	34	0
Pct 9139	Election Day	9139	1	912	163	17.87	107	21	7	1	28	0
Pct 9139	VBM	9139	1	912	356	39.04	234	64	13	0	44	0
Pct 9141	Election Day	9141	1	904	168	18.58	120	17	3	1	25	0
Pct 9141	VBM	9141	1	904	328	36.28	238	35	8	2	46	0
Pct 9142	Election Day	9142	1	921	219	23.78	154	15	6	5	38	0
Pct 9142	VBM	9142	1	921	288	31.27	221	24	6	1	37	0
Pct 9143	Election Day	9143	1	887	196	22.1	138	16	6	1	35	0
Pct 9143	VBM	9143	1	887	315	35.51	206	48	4	3	51	0
Pct 9144	Election Day	9144	1	931	221	23.74	148	21	4	0	47	0
Pct 9144	VBM	9144	1	931	322	34.59	223	43	5	3	50	0
Pct 9145	Election Day	9145	1	837	197	23.54	127	18	5	1	46	0
Pct 9145	VBM	9145	1	837	282	33.69	208	26	9	2	37	0
Pct 9146	Election Day	9146	1	866	206	23.79	157	11	5	1	32	0
Pct 9146	VBM	9146	1	866	297	34.3	197	30	10	1	60	0
Pct 9147	Election Day	9147	1	920	227	24.67	155	11	11	2	47	0
Pct 9147	VBM	9147	1	920	318	34.57	222	23	7	0	68	0
Pct 9148	Election Day	9148	1	946	226	23.89	166	11	8	2	39	0
Pct 9148	VBM	9148	1	946	322	34.04	231	34	7	1	46	0
Pct 9149	Election Day	9149	1	884	196	22.17	135	12	6	1	42	0
Pct 9149	VBM	9149	1	884	296	33.48	206	25	6	2	58	0
Pct 9151	Election Day	9151	1	806	152	18.86	104	18	2	0	29	0
Pct 9151	VBM	9151	1	806	267	33.13	184	29	6	1	48	0
Pct 9152	Election Day	9152	1	712	67	9.41	41	6	5	0	14	0
Pct 9152	VBM	9152	1	712	138	19.38	99	12	3	0	23	0
Pct 9201	Election Day	9201	1	953	201	21.09	150	15	6	1	29	0
Pct 9201	VBM	9201	1	953	229	24.03	153	24	8	1	41	0
Pct 9202	Election Day	9202	1	908	184	20.26	133	17	5	0	30	0
Pct 9202	VBM	9202	1	908	218	24.01	151	24	6	2	35	0
Pct 9203	Election Day	9203	1	968	145	14.98	77	26	3	0	39	0
Pct 9203	VBM	9203	1	968	300	30.99	180	70	4	1	41	0
Pct 9204	Election Day	9204	1	809	147	18.17	79	31	5	0	32	0
Pct 9204	VBM	9204	1	809	223	27.56	130	59	5	0	32	0
Pct 9205	Election Day	9205	1	694	113	16.28	65	16	4	0	28	0
Pct 9205	VBM	9205	1	694	201	28.96	133	26	3	0	37	0
Pct 9206	Election Day	9206	1	887	135	15.22	75	32	6	0	23	0
Pct 9206	VBM	9206	1	887	294	33.15	168	75	6	1	44	0
Pct 9207	Election Day	9207	1	913	148	16.21	79	34	7	0	28	0
Pct 9207	VBM	9207	1	913	249	27.27	148	56	5	0	39	0
Pct 9208	Election Day	9208	1	936	147	15.71	89	24	6	1	27	0
Pct 9208	VBM	9208	1	936	240	25.64	138	48	6	0	49	0
Pct 9209	Election Day	9209	1	675	121	17.93	74	23	1	0	24	0
Pct 9209	VBM	9209	1	675	188	27.85	119	37	1	2	29	0
Pct 9211	Election Day	9211	1	834	130	15.59	82	20	1	1	26	0
Pct 9211	VBM	9211	1	834	212	25.42	117	45	9	0	40	0
Pct 9212	Election Day	9212	1	764	121	15.84	83	13	3	0	22	0
Pct 9212	VBM	9212	1	764	205	26.83	120	38	2	1	41	0
Pct 9213	Election Day	9213	1	890	140	15.73	99	14	4	0	23	0
Pct 9213	VBM	9213	1	890	260	29.21	164	38	6	0	50	0
Pct 9214	Election Day	9214	1	581	92	15.83	53	15	2	0	22	0
Pct 9214	VBM	9214	1	581	203	34.94	123	35	7	0	36	0
Pct 9215	Election Day	9215	1	626	130	20.77	72	25	0	0	33	0
Pct 9215	VBM	9215	1	626	170	27.16	117	29	2	1	22	0
Pct 9216	Election Day	9216	1	798	134	16.79	88	16	3	2	26	0
Pct 9216	VBM	9216	1	798	206	25.81	126	37	0	2	41	0
Pct 9217	Election Day	9217	1	684	123	17.98	74	22	4	0	23	0
Pct 9217	VBM	9217	1	684	187	27.34	104	40	8	0	32	0
Pct 9218	Election Day	9218	1	797	119	14.93	79	14	5	0	21	0
Pct 9218	VBM	9218	1	797	225	28.23	132	38	4	1	48	0
Pct 9219	Election Day	9219	1	733	146	19.92	97	19	3	0	27	0
Pct 9219	VBM	9219	1	733	187	25.51	137	22	3	0	25	0
Pct 9221	Election Day	9221	1	641	121	18.88	71	14	2	0	34	0
Pct 9221	VBM	9221	1	641	278	43.37	171	66	4	0	36	0
Pct 9222	Election Day	9222	1	842	139	16.51	84	18	2	1	35	0
Pct 9222	VBM	9222	1	842	268	31.83	156	56	2	0	51	0
Pct 9223	Election Day	9223	1	606	88	14.52	49	17	1	0	20	0
Pct 9223	VBM	9223	1	606	202	33.33	123	36	3	0	39	0
Pct 9224	Election Day	9224	1	912	171	18.75	96	32	6	2	29	0
Pct 9224	VBM	9224	1	912	308	33.77	179	68	4	0	50	0
Pct 9225	Election Day	9225	1	898	161	17.93	107	24	3	0	27	0
Pct 9225	VBM	9225	1	898	243	27.06	146	36	7	1	53	0
Pct 9226	Election Day	9226	1	905	143	15.8	78	26	0	2	38	0
Pct 9226	VBM	9226	1	905	312	34.48	194	52	7	2	57	0
Pct 9227	Election Day	9227	1	729	140	19.2	97	13	5	1	24	0
Pct 9227	VBM	9227	1	729	304	41.7	197	57	1	1	49	0
Pct 9228	Election Day	9228	1	726	175	24.1	108	27	2	0	35	0
Pct 9228	VBM	9228	1	726	277	38.15	160	57	1	0	55	0
Pct 9229	Election Day	9229	1	596	130	21.81	86	16	2	1	26	0
Pct 9229	VBM	9229	1	596	219	36.74	147	39	0	0	34	0
Pct 9231	Election Day	9231	1	919	221	24.05	150	17	2	1	53	0
Pct 9231	VBM	9231	1	919	294	31.99	203	35	7	1	50	0
Pct 9232	Election Day	9232	1	701	151	21.54	104	14	4	0	29	0
Pct 9232	VBM	9232	1	701	274	39.09	177	45	3	0	48	0
Pct 9233	Election Day	9233	1	774	139	17.96	79	19	1	0	40	0
Pct 9233	VBM	9233	1	774	308	39.79	190	56	5	0	55	0
Pct 9234	Election Day	9234	1	731	131	17.92	80	18	0	0	34	0
Pct 9234	VBM	9234	1	731	281	38.44	183	44	5	2	44	0
Pct 9235	Election Day	9235	1	842	174	20.67	103	31	5	0	34	0
Pct 9235	VBM	9235	1	842	298	35.39	191	59	5	0	44	0
Pct 9236	Election Day	9236	1	658	130	19.76	76	21	1	0	32	0
Pct 9236	VBM	9236	1	658	207	31.46	153	19	4	0	28	0
Pct 9237	Election Day	9237	1	880	145	16.48	93	15	3	1	33	0
Pct 9237	VBM	9237	1	880	331	37.61	212	55	5	1	59	0
Pct 9238	Election Day	9238	1	792	130	16.41	79	16	3	0	32	0
Pct 9238	VBM	9238	1	792	271	34.22	163	62	1	0	46	0
Pct 9239	Election Day	9239	1	835	117	14.01	68	17	3	1	28	0
Pct 9239	VBM	9239	1	835	318	38.08	196	56	3	2	61	0
Pct 9241	Election Day	9241	1	961	158	16.44	109	16	2	0	30	0
Pct 9241	VBM	9241	1	961	322	33.51	209	61	5	1	44	0
Pct 9242	Election Day	9242	1	940	154	16.38	95	21	3	0	35	0
Pct 9242	VBM	9242	1	940	300	31.91	213	38	4	2	40	0
Pct 9243	Election Day	9243	1	572	135	23.6	90	13	0	1	31	0
Pct 9243	VBM	9243	1	572	188	32.87	138	15	4	0	30	0
Pct 9244	Election Day	9244	1	880	149	16.93	103	6	5	1	33	0
Pct 9244	VBM	9244	1	880	269	30.57	190	19	1	0	60	0
Pct 9245	Election Day	9245	1	706	128	18.13	82	10	3	1	32	0
Pct 9245	VBM	9245	1	706	226	32.01	155	24	4	0	41	0
Pct 9246	Election Day	9246	1	910	139	15.27	91	13	4	0	31	0
Pct 9246	VBM	9246	1	910	299	32.86	194	33	5	1	67	0
Pct 9247	Election Day	9247	1	936	151	16.13	99	16	4	0	33	0
Pct 9247	VBM	9247	1	936	303	32.37	219	31	5	0	47	0
Pct 9248	Election Day	9248	1	898	181	20.16	119	10	6	1	45	0
Pct 9248	VBM	9248	1	898	282	31.4	177	33	4	0	62	0
Pct 9249	Election Day	9249	1	910	187	20.55	120	21	6	0	39	0
Pct 9249	VBM	9249	1	910	314	34.51	215	39	3	2	52	0
Pct 9251	Election Day	9251	1	946	204	21.56	138	27	3	0	36	0
Pct 9251	VBM	9251	1	946	342	36.15	247	39	4	0	53	0
Pct 9252	Election Day	9252	1	913	140	15.33	103	10	3	1	24	0
Pct 9252	VBM	9252	1	913	352	38.55	231	50	9	3	58	0
Pct 9253	Election Day	9253	1	751	138	18.38	87	14	2	0	31	0
Pct 9253	VBM	9253	1	751	272	36.22	181	31	6	0	53	1
Pct 9254	Election Day	9254	1	889	168	18.9	120	9	6	0	33	0
Pct 9254	VBM	9254	1	889	318	35.77	234	25	4	4	53	0
Pct 9255	Election Day	9255	1	545	126	23.12	98	7	5	0	16	0
Pct 9255	VBM	9255	1	545	128	23.49	90	11	8	0	18	0
Pct 9256	Election Day	9256	1	433	77	17.78	54	2	1	1	19	0
Pct 9256	VBM	9256	1	433	103	23.79	69	6	2	1	26	0
Pct 9257 MB	Election Day	9257	1	312	9	2.88	4	0	0	1	4	0
Pct 9257 MB	VBM	9257	1	312	150	48.08	103	11	5	3	29	0
Pct 9258	Election Day	9258	1	699	127	18.17	92	8	5	0	22	0
Pct 9258	VBM	9258	1	699	244	34.91	177	26	8	0	35	0
Pct 9401	Election Day	9401	1	970	194	20	134	7	8	2	44	0
Pct 9401	VBM	9401	1	970	293	30.21	203	25	5	1	61	0
Pct 9402	Election Day	9402	1	931	197	21.16	124	13	10	3	47	0
Pct 9402	VBM	9402	1	931	307	32.98	222	30	10	0	44	0
Pct 9403	Election Day	9403	1	853	167	19.58	108	12	9	1	37	0
Pct 9403	VBM	9403	1	853	286	33.53	191	42	9	1	41	0
Pct 9404	Election Day	9404	1	889	153	17.21	95	17	6	0	35	0
Pct 9404	VBM	9404	1	889	320	36	219	44	9	1	44	0
Pct 9405	Election Day	9405	1	757	160	21.14	104	20	5	0	32	0
Pct 9405	VBM	9405	1	757	245	32.36	166	36	7	0	35	0
Pct 9406	Election Day	9406	1	815	179	21.96	109	29	5	1	35	0
Pct 9406	VBM	9406	1	815	277	33.99	196	32	8	3	37	0
Pct 9407	Election Day	9407	1	861	191	22.18	132	21	2	0	35	0
Pct 9407	VBM	9407	1	861	284	32.98	190	42	7	1	45	0
Pct 9408	Election Day	9408	1	837	187	22.34	133	9	3	1	40	0
Pct 9408	VBM	9408	1	837	246	29.39	175	17	14	0	42	0
Pct 9409	Election Day	9409	1	565	140	24.78	109	9	3	0	19	0
Pct 9409	VBM	9409	1	565	170	30.09	115	22	6	0	25	0
Pct 9411	Election Day	9411	1	936	175	18.7	120	14	7	2	33	0
Pct 9411	VBM	9411	1	936	261	27.88	166	28	23	1	42	0
Pct 9412	Election Day	9412	1	843	164	19.45	117	13	10	2	22	0
Pct 9412	VBM	9412	1	843	285	33.81	166	38	10	2	69	0
Pct 9413	Election Day	9413	1	858	172	20.05	105	18	11	1	38	0
Pct 9413	VBM	9413	1	858	310	36.13	206	39	8	1	52	1
Pct 9414	Election Day	9414	1	862	159	18.45	88	21	4	1	44	0
Pct 9414	VBM	9414	1	862	307	35.61	212	38	10	2	44	0
Pct 9415	Election Day	9415	1	755	121	16.03	79	14	8	0	20	0
Pct 9415	VBM	9415	1	755	284	37.62	194	39	5	0	48	0
Pct 9416	Election Day	9416	1	962	198	20.58	139	17	7	2	33	0
Pct 9416	VBM	9416	1	962	316	32.85	211	31	14	2	55	0
Pct 9417	Election Day	9417	1	714	117	16.39	75	15	5	0	23	0
Pct 9417	VBM	9417	1	714	286	40.06	188	45	9	0	36	0
Pct 9418	Election Day	9418	1	753	157	20.85	107	15	4	0	30	0
Pct 9418	VBM	9418	1	753	269	35.72	185	31	4	1	48	0
Pct 9419	Election Day	9419	1	893	167	18.7	101	20	7	0	39	0
Pct 9419	VBM	9419	1	893	326	36.51	213	64	7	0	41	0
Pct 9421	Election Day	9421	1	878	150	17.08	97	17	4	1	32	0
Pct 9421	VBM	9421	1	878	316	35.99	218	46	8	1	44	0
Pct 9422	Election Day	9422	1	1010	200	19.8	132	22	7	1	39	0
Pct 9422	VBM	9422	1	1010	358	35.45	233	64	14	1	46	0
Pct 9423	Election Day	9423	1	853	147	17.23	101	15	4	2	25	0
Pct 9423	VBM	9423	1	853	292	34.23	218	31	7	0	37	0
Pct 9424	Election Day	9424	1	910	146	16.04	90	18	4	1	32	0
Pct 9424	VBM	9424	1	910	331	36.37	249	36	8	0	39	0
Pct 9425	Election Day	9425	1	903	136	15.06	89	12	4	1	29	0
Pct 9425	VBM	9425	1	903	313	34.66	214	45	5	0	46	0
Pct 9426	Election Day	9426	1	801	143	17.85	79	30	5	0	30	0
Pct 9426	VBM	9426	1	801	283	35.33	176	43	8	1	54	0
Pct 9427	Election Day	9427	1	889	129	14.51	81	23	4	0	22	0
Pct 9427	VBM	9427	1	889	333	37.46	202	58	10	2	60	0
Pct 9428	Election Day	9428	1	892	122	13.68	66	18	1	1	37	0
Pct 9428	VBM	9428	1	892	346	38.79	251	39	5	3	49	0
Pct 9429	Election Day	9429	1	866	173	19.98	103	25	5	0	40	0
Pct 9429	VBM	9429	1	866	308	35.57	207	49	5	1	46	0
Pct 9431	Election Day	9431	1	954	152	15.93	104	18	7	0	24	0
Pct 9431	VBM	9431	1	954	352	36.9	236	55	10	0	46	1
Pct 9432	Election Day	9432	1	901	155	17.2	107	18	6	0	24	0
Pct 9432	VBM	9432	1	901	307	34.07	218	26	12	3	47	1
Pct 9433	Election Day	9433	1	912	155	17	95	25	6	1	28	0
Pct 9433	VBM	9433	1	912	317	34.76	199	56	4	0	60	0
Pct 9434	Election Day	9434	1	963	188	19.52	115	21	8	0	44	0
Pct 9434	VBM	9434	1	963	349	36.24	252	50	7	0	41	0
Pct 9435	Election Day	9435	1	934	195	20.88	119	31	8	1	36	0
Pct 9435	VBM	9435	1	934	320	34.26	214	41	6	2	55	0
Pct 9436	Election Day	9436	1	941	161	17.11	104	26	6	3	22	0
Pct 9436	VBM	9436	1	941	337	35.81	239	46	7	1	44	0
Pct 9437	Election Day	9437	1	873	170	19.47	107	17	7	1	38	0
Pct 9437	VBM	9437	1	873	324	37.11	193	67	10	0	53	0
Pct 9438	Election Day	9438	1	918	129	14.05	83	15	7	1	22	0
Pct 9438	VBM	9438	1	918	336	36.6	224	51	12	1	49	0
Pct 9439	Election Day	9439	1	827	126	15.24	86	14	3	0	23	0
Pct 9439	VBM	9439	1	827	314	37.97	216	46	6	1	46	0
Pct 9441	Election Day	9441	1	939	205	21.83	134	17	10	4	41	0
Pct 9441	VBM	9441	1	939	337	35.89	222	45	10	0	61	0
Pct 9442	Election Day	9442	1	970	200	20.62	144	26	4	0	26	0
Pct 9442	VBM	9442	1	970	325	33.51	214	53	13	2	43	0
Pct 9443	Election Day	9443	1	886	138	15.58	84	13	12	0	29	0
Pct 9443	VBM	9443	1	886	304	34.31	220	32	4	0	46	0
Pct 9444	Election Day	9444	1	901	118	13.1	67	19	4	1	27	1
Pct 9444	VBM	9444	1	901	312	34.63	195	62	2	0	54	0
Pct 9445	Election Day	9445	1	945	154	16.3	101	26	5	1	21	0
Pct 9445	VBM	9445	1	945	342	36.19	234	52	5	1	50	0
Pct 9446	Election Day	9446	1	1043	164	15.72	108	20	2	0	32	0
Pct 9446	VBM	9446	1	1043	417	39.98	257	75	13	0	75	0
Pct 9447	Election Day	9447	1	891	171	19.19	118	16	2	1	33	0
Pct 9447	VBM	9447	1	891	327	36.7	230	41	11	0	44	0
Pct 9448	Election Day	9448	1	877	159	18.13	96	15	7	2	39	0
Pct 9448	VBM	9448	1	877	307	35.01	200	40	9	1	59	0
Pct 9449	Election Day	9449	1	784	97	12.37	69	14	3	0	12	0
Pct 9449	VBM	9449	1	784	302	38.52	203	44	11	0	40	0
Pct 9451	Election Day	9451	1	414	57	13.77	43	7	1	1	5	0
Pct 9451	VBM	9451	1	414	154	37.2	93	36	5	0	17	0
Pct 9452	Election Day	9452	1	799	175	21.9	105	31	7	1	30	0
Pct 9452	VBM	9452	1	799	281	35.17	187	42	6	0	46	0
Pct 9453	Election Day	9453	1	488	90	18.44	60	16	3	0	11	0
Pct 9453	VBM	9453	1	488	175	35.86	130	29	3	0	13	0
Pct 9501 MB	Election Day	9501	1	149	5	3.36	3	0	1	0	1	0
Pct 9501 MB	VBM	9501	1	149	71	47.65	48	6	1	1	17	0
Pct 9502 MB	Election Day	9502	1	233	10	4.29	4	1	0	0	5	0
Pct 9502 MB	VBM	9502	1	233	116	49.79	89	8	2	1	16	0
Pct 9503/9504	Election Day	9503	1	725	128	17.66	90	3	8	0	29	0
Pct 9503/9504	VBM	9503	1	725	184	25.38	128	14	3	0	38	1
Pct 9505	Election Day	9505	1	756	147	19.44	97	12	7	1	32	0
Pct 9505	VBM	9505	1	756	274	36.24	187	20	8	1	58	0
Pct 9506	Election Day	9506	1	771	134	17.38	98	5	6	1	24	0
Pct 9506	VBM	9506	1	771	217	28.15	167	14	4	0	31	0
Pct 9507	Election Day	9507	1	733	170	23.19	122	5	5	2	35	0
Pct 9507	VBM	9507	1	733	218	29.74	160	3	7	1	49	0
Pct 9508	Election Day	9508	1	784	180	22.96	130	4	6	2	38	0
Pct 9508	VBM	9508	1	784	258	32.91	194	5	8	2	46	0
Pct 9509	Election Day	9509	1	719	165	22.95	121	7	2	0	35	0
Pct 9509	VBM	9509	1	719	239	33.24	190	4	7	0	39	0
Pct 9511	Election Day	9511	1	600	147	24.5	95	10	8	1	33	0
Pct 9511	VBM	9511	1	600	177	29.5	122	12	7	1	33	0
Pct 9512	Election Day	9512	1	771	161	20.88	100	6	6	2	47	0
Pct 9512	VBM	9512	1	771	251	32.56	184	15	13	0	44	0
Pct 9513	Election Day	9513	1	864	200	23.15	128	11	8	2	51	0
Pct 9513	VBM	9513	1	864	261	30.21	180	10	9	1	55	1
Pct 9514/9522	Election Day	9514	1	869	229	26.35	161	17	9	0	42	0
Pct 9514/9522	VBM	9514	1	869	257	29.57	185	13	6	1	51	0
Pct 9515	Election Day	9515	1	685	159	23.21	114	10	8	0	27	0
Pct 9515	VBM	9515	1	685	243	35.47	173	16	10	0	44	0
Pct 9516	Election Day	9516	1	864	206	23.84	134	18	6	2	46	0
Pct 9516	VBM	9516	1	864	269	31.13	192	22	9	1	44	0
Pct 9517	Election Day	9517	1	768	197	25.65	127	12	9	0	49	0
Pct 9517	VBM	9517	1	768	235	30.6	157	18	7	0	52	0
Pct 9518	Election Day	9518	1	783	180	22.99	133	4	6	0	36	0
Pct 9518	VBM	9518	1	783	242	30.91	181	20	6	2	33	0
Pct 9519	Election Day	9519	1	850	217	25.53	159	13	2	1	42	0
Pct 9519	VBM	9519	1	850	294	34.59	216	19	8	0	52	0
Pct 9521	Election Day	9521	1	893	254	28.44	189	8	6	3	48	0
Pct 9521	VBM	9521	1	893	290	32.47	211	17	10	1	48	0
Pct 9701	Election Day	9701	1	665	156	23.46	111	8	3	1	33	0
Pct 9701	VBM	9701	1	665	235	35.34	158	20	3	1	53	0
Pct 9702	Election Day	9702	1	710	194	27.32	142	13	3	1	35	0
Pct 9702	VBM	9702	1	710	231	32.54	163	20	4	0	44	0
Pct 9703	Election Day	9703	1	931	182	19.55	130	21	9	0	21	0
Pct 9703	VBM	9703	1	931	373	40.06	262	46	15	0	49	0
Pct 9704	Election Day	9704	1	942	191	20.28	142	15	5	0	29	0
Pct 9704	VBM	9704	1	942	354	37.58	262	32	9	1	51	0
Pct 9705	Election Day	9705	1	879	208	23.66	144	16	7	1	39	0
Pct 9705	VBM	9705	1	879	309	35.15	245	17	3	0	44	0
Pct 9706 MB	Election Day	9706	1	51	2	3.92	1	0	0	0	1	0
Pct 9706 MB	VBM	9706	1	51	32	62.75	22	2	1	0	7	0
Pct 9707	Election Day	9707	1	799	121	15.14	81	20	2	0	18	0
Pct 9707	VBM	9707	1	799	355	44.43	250	52	7	1	49	0
Pct 9708	Election Day	9708	1	919	193	21	132	14	10	2	34	0
Pct 9708	VBM	9708	1	919	324	35.26	230	31	6	1	54	0
Pct 9709	Election Day	9709	1	998	196	19.64	130	21	6	0	38	0
Pct 9709	VBM	9709	1	998	355	35.57	234	55	8	0	57	0
Pct 9711	Election Day	9711	1	625	167	26.72	115	17	0	3	32	0
Pct 9711	VBM	9711	1	625	254	40.64	185	36	8	0	25	0
Pct 9712	Election Day	9712	1	651	134	20.58	98	18	1	2	16	0
Pct 9712	VBM	9712	1	651	288	44.24	209	42	3	1	32	0
Pct 9713	Election Day	9713	1	930	161	17.31	104	23	5	1	28	0
Pct 9713	VBM	9713	1	930	362	38.92	255	55	9	1	41	0
Pct 9714	Election Day	9714	1	911	154	16.9	106	27	2	0	19	0
Pct 9714	VBM	9714	1	911	367	40.29	259	66	8	0	32	0
Pct 9715	Election Day	9715	1	566	162	28.62	124	19	1	2	16	0
Pct 9715	VBM	9715	1	566	218	38.52	157	37	1	0	22	0
Pct 9716	Election Day	9716	1	928	198	21.34	127	26	4	2	40	0
Pct 9716	VBM	9716	1	928	368	39.66	263	38	11	1	51	0
Pct 9717	Election Day	9717	1	967	206	21.3	135	24	8	0	40	0
Pct 9717	VBM	9717	1	967	371	38.37	273	42	5	2	43	0
Pct 9718	Election Day	9718	1	843	183	21.71	127	29	5	0	24	0
Pct 9718	VBM	9718	1	843	385	45.67	269	63	18	0	32	0
Pct 9719	Election Day	9719	1	863	186	21.55	126	24	4	0	32	0
Pct 9719	VBM	9719	1	863	389	45.08	270	62	9	3	44	0
Pct 9721	Election Day	9721	1	653	182	27.87	122	28	6	2	25	0
Pct 9721	VBM	9721	1	653	250	38.28	163	38	3	2	43	0
Pct 9722	Election Day	9722	1	593	86	14.5	62	14	1	0	9	0
Pct 9722	VBM	9722	1	593	269	45.36	183	57	7	1	24	0
Pct 9723	Election Day	9723	1	458	74	16.16	47	12	3	0	12	0
Pct 9723	VBM	9723	1	458	198	43.23	130	45	2	1	19	0
Pct 9724	Election Day	9724	1	950	144	15.16	95	31	4	0	14	0
Pct 9724	VBM	9724	1	950	386	40.63	250	88	9	0	40	0
Pct 9725	Election Day	9725	1	941	118	12.54	65	30	4	0	20	0
Pct 9725	VBM	9725	1	941	350	37.19	220	78	5	0	47	0
Pct 9726	Election Day	9726	1	685	83	12.12	56	17	3	0	7	0
Pct 9726	VBM	9726	1	685	137	20	90	32	2	1	12	0
Pct 9727	Election Day	9727	1	435	60	13.79	36	15	1	0	7	0
Pct 9727	VBM	9727	1	435	205	47.13	118	54	4	0	27	0
Pct 9728	Election Day	9728	1	906	204	22.52	137	42	7	0	18	0
Pct 9728	VBM	9728	1	906	378	41.72	249	77	7	3	44	0
Pct 9729	Election Day	9729	1	782	161	20.59	103	34	1	0	22	0
Pct 9729	VBM	9729	1	782	304	38.87	197	66	1	1	39	0
Pct 9731	Election Day	9731	1	529	138	26.09	91	25	1	1	20	0
Pct 9731	VBM	9731	1	529	189	35.73	132	36	2	0	18	1
Pct 9732 MB	Election Day	9732	1	73	3	4.11	1	0	1	0	1	0
Pct 9732 MB	VBM	9732	1	73	43	58.9	31	4	1	0	6	0
Pct 9733 MB	Election Day	9733	1	224	4	1.79	2	1	0	0	0	0
Pct 9733 MB	VBM	9733	1	224	146	65.18	116	14	4	0	12	0
Pct 9734	Election Day	9734	1	577	122	21.14	81	20	1	0	20	0
Pct 9734	VBM	9734	1	577	261	45.23	189	46	1	0	24	0
Pct 9735	Election Day	9735	1	782	167	21.36	117	19	4	2	23	1
Pct 9735	VBM	9735	1	782	344	43.99	233	68	9	0	34	0
Pct 9736	Election Day	9736	1	699	145	20.74	102	24	7	0	12	0
Pct 9736	VBM	9736	1	699	305	43.63	241	29	5	1	28	0
Pct 9737	Election Day	9737	1	792	175	22.1	137	20	2	0	17	0
Pct 9737	VBM	9737	1	792	343	43.31	259	41	7	2	37	0
Pct 9738	Election Day	9738	1	830	99	11.93	69	15	2	0	13	0
Pct 9738	VBM	9738	1	830	263	31.69	186	38	4	2	28	1
Pct 9739	Election Day	9739	1	826	126	15.25	90	12	5	1	17	1
Pct 9739	VBM	9739	1	826	193	23.37	139	26	6	0	25	0
Pct 9741	Election Day	9741	1	1022	19	1.86	12	0	2	0	5	0
Pct 9741	VBM	9741	1	1022	24	2.35	21	0	1	0	2	0
Pct 9742	Election Day	9742	1	647	134	20.71	88	31	3	0	12	0
Pct 9742	VBM	9742	1	647	187	28.9	126	38	2	1	19	0
Pct 9743	Election Day	9743	1	1093	172	15.74	117	17	10	1	27	0
Pct 9743	VBM	9743	1	1093	317	29	240	34	13	1	25	2
Pct 9744	Election Day	9744	1	902	141	15.63	95	22	7	0	17	0
Pct 9744	VBM	9744	1	902	234	25.94	147	43	16	0	27	0
Pct 9745	Election Day	9745	1	934	141	15.1	84	18	9	0	30	0
Pct 9745	VBM	9745	1	934	205	21.95	150	26	10	2	17	1
Pct 9746	Election Day	9746	1	867	192	22.15	121	38	4	1	28	0
Pct 9746	VBM	9746	1	867	334	38.52	231	59	7	0	35	0
Pct 9747	Election Day	9747	1	940	198	21.06	145	16	11	0	26	0
Pct 9747	VBM	9747	1	940	323	34.36	212	41	20	0	50	0
Pct 9748	Election Day	9748	1	913	164	17.96	115	19	4	2	24	0
Pct 9748	VBM	9748	1	913	342	37.46	231	47	17	3	40	1
Pct 9749	Election Day	9749	1	893	143	16.01	90	15	13	2	24	0
Pct 9749	VBM	9749	1	893	266	29.79	196	23	16	0	31	0
Pct 9751	Election Day	9751	1	977	157	16.07	115	16	4	2	21	0
Pct 9751	VBM	9751	1	977	384	39.3	270	45	13	1	53	0
Pct 9752	Election Day	9752	1	692	143	20.66	99	20	0	0	24	0
Pct 9752	VBM	9752	1	692	305	44.08	216	44	7	0	36	0
Pct 9753	Election Day	9753	1	735	148	20.14	102	11	6	1	28	0
Pct 9753	VBM	9753	1	735	266	36.19	195	24	13	0	35	0
Pct 9754	Election Day	9754	1	701	169	24.11	127	14	2	1	25	0
Pct 9754	VBM	9754	1	701	296	42.23	224	22	6	1	42	0
Pct 9755	Election Day	9755	1	553	120	21.7	95	10	2	1	13	0
Pct 9755	VBM	9755	1	553	201	36.35	158	22	5	0	16	0
Pct 9756	Election Day	9756	1	908	126	13.88	96	11	5	0	15	0
Pct 9756	VBM	9756	1	908	297	32.71	193	51	12	0	35	0
Pct 9801	Election Day	9801	1	399	76	19.05	54	10	2	0	10	0
Pct 9801	VBM	9801	1	399	148	37.09	108	8	13	2	17	0
