PrecinctName	ReportingType	PrecinctID	Precincts	Registration	Ballots Cast	Turnout (%)	Yes	No	Under Vote	Over Vote
Pct 1101	Election Day	1101	1	544	83	15.26	68	11	5	0
Pct 1101	VBM	1101	1	544	198	36.4	146	41	10	0
Pct 1102	Election Day	1102	1	964	188	19.5	137	36	14	0
Pct 1102	VBM	1102	1	964	337	34.96	254	64	21	0
Pct 1103	Election Day	1103	1	914	163	17.83	129	21	13	0
Pct 1103	VBM	1103	1	914	348	38.07	270	51	27	0
Pct 1104/1105	Election Day	1104	1	953	167	17.52	121	30	16	0
Pct 1104/1105	VBM	1104	1	953	292	30.64	227	43	21	0
Pct 1106	Election Day	1106	1	740	113	15.27	90	12	11	0
Pct 1106	VBM	1106	1	740	231	31.22	188	23	20	1
Pct 1107	Election Day	1107	1	721	101	14.01	76	15	10	0
Pct 1107	VBM	1107	1	721	240	33.29	174	35	30	0
Pct 1108	Election Day	1108	1	882	156	17.69	109	20	27	0
Pct 1108	VBM	1108	1	882	328	37.19	259	38	30	0
Pct 1109	Election Day	1109	1	758	124	16.36	98	15	14	0
Pct 1109	VBM	1109	1	758	265	34.96	195	35	32	0
Pct 1111	Election Day	1111	1	938	132	14.07	100	19	15	0
Pct 1111	VBM	1111	1	938	330	35.18	242	56	26	1
Pct 1112	Election Day	1112	1	702	96	13.68	64	19	11	0
Pct 1112	VBM	1112	1	702	221	31.48	155	32	34	0
Pct 1113	Election Day	1113	1	701	82	11.7	64	11	8	0
Pct 1113	VBM	1113	1	701	272	38.8	196	39	37	0
Pct 1114	Election Day	1114	1	915	139	15.19	96	27	16	0
Pct 1114	VBM	1114	1	915	280	30.6	215	46	18	0
Pct 1115	Election Day	1115	1	835	97	11.62	73	13	11	0
Pct 1115	VBM	1115	1	835	279	33.41	201	41	38	0
Pct 1116	Election Day	1116	1	842	141	16.75	95	21	26	0
Pct 1116	VBM	1116	1	842	275	32.66	203	39	33	0
Pct 1117	Election Day	1117	1	827	138	16.69	91	29	19	0
Pct 1117	VBM	1117	1	827	240	29.02	181	41	18	0
Pct 1118	Election Day	1118	1	974	158	16.22	110	26	20	0
Pct 1118	VBM	1118	1	974	335	34.39	250	47	36	0
Pct 1119	Election Day	1119	1	745	97	13.02	73	13	12	0
Pct 1119	VBM	1119	1	745	274	36.78	210	41	24	0
Pct 1121	Election Day	1121	1	653	104	15.93	74	20	10	0
Pct 1121	VBM	1121	1	653	221	33.84	161	37	22	0
Pct 1122	Election Day	1122	1	607	69	11.37	47	9	13	0
Pct 1122	VBM	1122	1	607	213	35.09	148	36	30	0
Pct 1123	Election Day	1123	1	876	118	13.47	80	27	12	0
Pct 1123	VBM	1123	1	876	254	29	188	50	18	0
Pct 1124	Election Day	1124	1	773	109	14.1	72	21	16	0
Pct 1124	VBM	1124	1	773	200	25.87	140	37	24	0
Pct 1125	Election Day	1125	1	987	80	8.11	52	24	6	0
Pct 1125	VBM	1125	1	987	329	33.33	206	80	47	0
Pct 1126	Election Day	1126	1	900	92	10.22	68	14	11	0
Pct 1126	VBM	1126	1	900	292	32.44	233	37	23	0
Pct 1127	Election Day	1127	1	875	141	16.11	99	27	16	0
Pct 1127	VBM	1127	1	875	277	31.66	200	51	27	0
Pct 1128	Election Day	1128	1	813	104	12.79	75	26	3	0
Pct 1128	VBM	1128	1	813	246	30.26	161	50	36	0
Pct 1129	Election Day	1129	1	924	120	12.99	82	27	11	0
Pct 1129	VBM	1129	1	924	274	29.65	206	41	25	0
Pct 1131	Election Day	1131	1	783	85	10.86	62	14	9	0
Pct 1131	VBM	1131	1	783	288	36.78	205	53	30	0
Pct 1132	Election Day	1132	1	910	112	12.31	82	13	17	0
Pct 1132	VBM	1132	1	910	324	35.6	242	46	39	0
Pct 1133	Election Day	1133	1	826	99	11.99	76	14	9	0
Pct 1133	VBM	1133	1	826	292	35.35	231	39	24	0
Pct 1134	Election Day	1134	1	727	126	17.33	98	17	11	0
Pct 1134	VBM	1134	1	727	241	33.15	173	44	25	0
Pct 1135	Election Day	1135	1	511	71	13.89	55	8	9	0
Pct 1135	VBM	1135	1	511	217	42.47	145	47	23	0
Pct 1136	Election Day	1136	1	807	97	12.02	63	25	9	0
Pct 1136	VBM	1136	1	807	287	35.56	212	48	26	0
Pct 1141	Election Day	1141	1	998	149	14.93	101	29	18	0
Pct 1141	VBM	1141	1	998	368	36.87	289	58	21	0
Pct 1142	Election Day	1142	1	822	120	14.6	93	15	12	0
Pct 1142	VBM	1142	1	822	266	32.36	212	37	17	0
Pct 1143	Election Day	1143	1	989	147	14.86	112	24	10	0
Pct 1143	VBM	1143	1	989	311	31.45	230	47	32	0
Pct 1144	Election Day	1144	1	870	148	17.01	121	21	8	0
Pct 1144	VBM	1144	1	870	264	30.34	185	50	30	0
Pct 1145	Election Day	1145	1	879	136	15.47	96	16	23	0
Pct 1145	VBM	1145	1	879	370	42.09	299	48	24	1
Pct 1146	Election Day	1146	1	971	124	12.77	94	20	10	0
Pct 1146	VBM	1146	1	971	326	33.57	241	54	32	0
Pct 1147	Election Day	1147	1	853	166	19.46	134	14	16	0
Pct 1147	VBM	1147	1	853	279	32.71	222	35	21	0
Pct 1148	Election Day	1148	1	918	121	13.18	82	24	15	0
Pct 1148	VBM	1148	1	918	314	34.2	244	47	23	0
Pct 1149	Election Day	1149	1	873	148	16.95	119	19	12	0
Pct 1149	VBM	1149	1	873	285	32.65	214	40	30	0
Pct 1151 MB	Election Day	1151	1	0	0	0	0	0	0	0
Pct 1151 MB	VBM	1151	1	0	0	0	0	0	0	0
Pct 1152	Election Day	1152	1	838	125	14.92	94	19	14	0
Pct 1152	VBM	1152	1	838	286	34.13	204	60	22	0
Pct 1153	Election Day	1153	1	909	139	15.29	96	27	16	0
Pct 1153	VBM	1153	1	909	306	33.66	246	36	22	0
Pct 1154 MB	Election Day	1154	1	0	0	0	0	0	0	0
Pct 1154 MB	VBM	1154	1	0	0	0	0	0	0	0
Pct 7001	Election Day	7001	1	735	119	16.19	96	13	11	0
Pct 7001	VBM	7001	1	735	266	36.19	208	29	27	0
Pct 7002	Election Day	7002	1	641	132	20.59	109	14	9	0
Pct 7002	VBM	7002	1	641	173	26.99	147	14	11	0
Pct 7003	Election Day	7003	1	864	188	21.76	162	19	7	0
Pct 7003	VBM	7003	1	864	340	39.35	295	20	25	0
Pct 7004	Election Day	7004	1	835	175	20.96	142	15	18	0
Pct 7004	VBM	7004	1	835	306	36.65	266	21	20	0
Pct 7005	Election Day	7005	1	812	180	22.17	150	14	15	0
Pct 7005	VBM	7005	1	812	295	36.33	266	14	14	0
Pct 7006	Election Day	7006	1	884	213	24.1	174	23	15	0
Pct 7006	VBM	7006	1	884	290	32.81	244	24	24	0
Pct 7007	Election Day	7007	1	916	233	25.44	189	31	15	0
Pct 7007	VBM	7007	1	916	323	35.26	279	22	23	0
Pct 7008	Election Day	7008	1	861	187	21.72	152	14	21	0
Pct 7008	VBM	7008	1	861	345	40.07	289	30	25	0
Pct 7009	Election Day	7009	1	864	133	15.39	106	12	16	0
Pct 7009	VBM	7009	1	864	312	36.11	269	24	19	1
Pct 7011	Election Day	7011	1	976	141	14.45	112	16	13	0
Pct 7011	VBM	7011	1	976	205	21	162	27	16	0
Pct 7012	Election Day	7012	1	1061	224	21.11	184	21	19	0
Pct 7012	VBM	7012	1	1061	383	36.1	310	39	33	0
Pct 7013	Election Day	7013	1	805	132	16.4	105	14	13	0
Pct 7013	VBM	7013	1	805	251	31.18	215	24	14	0
Pct 7014	Election Day	7014	1	1213	188	15.5	170	13	8	0
Pct 7014	VBM	7014	1	1213	434	35.78	363	43	29	0
Pct 7015 MB	Election Day	7015	1	93	0	0	0	0	0	0
Pct 7015 MB	VBM	7015	1	93	34	36.56	31	1	1	0
Pct 7016	Election Day	7016	1	891	112	12.57	71	25	16	0
Pct 7016	VBM	7016	1	891	221	24.8	153	38	31	0
Pct 7017	Election Day	7017	1	734	79	10.76	37	20	22	0
Pct 7017	VBM	7017	1	734	167	22.75	110	35	23	0
Pct 7018	Election Day	7018	1	908	88	9.69	61	20	9	0
Pct 7018	VBM	7018	1	908	343	37.78	224	80	37	0
Pct 7019	Election Day	7019	1	864	111	12.85	77	18	14	0
Pct 7019	VBM	7019	1	864	349	40.39	242	65	43	0
Pct 7021	Election Day	7021	1	927	129	13.92	81	31	16	0
Pct 7021	VBM	7021	1	927	220	23.73	165	29	29	0
Pct 7022	Election Day	7022	1	923	164	17.77	96	43	25	0
Pct 7022	VBM	7022	1	923	270	29.25	181	63	23	0
Pct 7023	Election Day	7023	1	906	131	14.46	77	26	27	0
Pct 7023	VBM	7023	1	906	301	33.22	214	61	30	0
Pct 7024	Election Day	7024	1	386	30	7.77	12	8	10	0
Pct 7024	VBM	7024	1	386	47	12.18	30	15	2	0
Pct 7025	Election Day	7025	1	448	66	14.73	37	21	6	0
Pct 7025	VBM	7025	1	448	78	17.41	56	17	4	0
Pct 7026	Election Day	7026	1	971	90	9.27	60	18	12	0
Pct 7026	VBM	7026	1	971	350	36.05	254	52	40	0
Pct 7027	Election Day	7027	1	845	136	16.09	80	24	33	0
Pct 7027	VBM	7027	1	845	271	32.07	198	44	27	0
Pct 7028	Election Day	7028	1	835	157	18.8	107	33	17	0
Pct 7028	VBM	7028	1	835	180	21.56	140	24	18	0
Pct 7029	Election Day	7029	1	855	115	13.45	59	40	16	0
Pct 7029	VBM	7029	1	855	166	19.42	122	31	12	0
Pct 7030	Election Day	7030	1	729	94	12.89	65	25	6	0
Pct 7030	VBM	7030	1	729	277	38	189	62	23	0
Pct 7031	Election Day	7031	1	611	50	8.18	31	11	8	0
Pct 7031	VBM	7031	1	611	224	36.66	167	29	25	0
Pct 7032	Election Day	7032	1	867	126	14.53	80	21	26	0
Pct 7032	VBM	7032	1	867	238	27.45	162	40	34	1
Pct 7033	Election Day	7033	1	765	135	17.65	84	33	18	0
Pct 7033	VBM	7033	1	765	181	23.66	126	33	23	0
Pct 7034	Election Day	7034	1	914	97	10.61	44	37	16	0
Pct 7034	VBM	7034	1	914	154	16.85	106	28	19	0
Pct 7035	Election Day	7035	1	553	73	13.2	46	18	9	0
Pct 7035	VBM	7035	1	553	170	30.74	127	30	13	0
Pct 7036	Election Day	7036	1	898	52	5.79	31	18	3	0
Pct 7036	VBM	7036	1	898	265	29.51	189	48	28	0
Pct 7037	Election Day	7037	1	730	73	10	37	20	17	0
Pct 7037	VBM	7037	1	730	64	8.77	42	11	8	0
Pct 7038	Election Day	7038	1	880	84	9.55	45	25	14	0
Pct 7038	VBM	7038	1	880	255	28.98	172	55	29	0
Pct 7039	Election Day	7039	1	768	111	14.45	83	24	5	0
Pct 7039	VBM	7039	1	768	225	29.3	163	36	25	0
Pct 7041 MB	Election Day	7041	1	60	0	0	0	0	0	0
Pct 7041 MB	VBM	7041	1	60	24	40	22	1	1	0
Pct 7042	Election Day	7042	1	632	75	11.87	51	15	9	0
Pct 7042	VBM	7042	1	632	191	30.22	126	35	28	0
Pct 7043	Election Day	7043	1	915	97	10.6	57	23	16	0
Pct 7043	VBM	7043	1	915	282	30.82	201	47	32	0
Pct 7044	Election Day	7044	1	805	86	10.68	49	20	18	0
Pct 7044	VBM	7044	1	805	125	15.53	77	31	18	0
Pct 7045	Election Day	7045	1	763	87	11.4	51	19	18	0
Pct 7045	VBM	7045	1	763	282	36.96	190	57	34	0
Pct 7046	Election Day	7046	1	385	54	14.03	36	13	5	0
Pct 7046	VBM	7046	1	385	136	35.32	98	29	9	0
Pct 7047	Election Day	7047	1	781	68	8.71	51	14	4	0
Pct 7047	VBM	7047	1	781	298	38.16	203	65	29	0
Pct 7048	Election Day	7048	1	815	94	11.53	58	25	11	0
Pct 7048	VBM	7048	1	815	248	30.43	156	58	35	0
Pct 7049	Election Day	7049	1	751	108	14.38	62	28	18	0
Pct 7049	VBM	7049	1	751	241	32.09	153	54	34	0
Pct 7051	Election Day	7051	1	839	70	8.34	43	16	13	0
Pct 7051	VBM	7051	1	839	302	36	216	53	31	0
Pct 7052	Election Day	7052	1	806	120	14.89	90	20	11	0
Pct 7052	VBM	7052	1	806	278	34.49	211	36	29	0
Pct 7053	Election Day	7053	1	548	44	8.03	26	8	10	0
Pct 7053	VBM	7053	1	548	205	37.41	146	30	28	0
Pct 7054	Election Day	7054	1	1024	141	13.77	91	37	10	0
Pct 7054	VBM	7054	1	1024	275	26.86	196	47	30	1
Pct 7055	Election Day	7055	1	699	83	11.87	64	8	14	0
Pct 7055	VBM	7055	1	699	256	36.62	189	45	23	0
Pct 7101 MB	Election Day	7101	1	141	2	1.42	2	0	0	0
Pct 7101 MB	VBM	7101	1	141	83	58.87	70	5	8	0
Pct 7201	Election Day	7201	1	900	147	16.33	115	11	19	0
Pct 7201	VBM	7201	1	900	333	37	260	39	35	0
Pct 7202	Election Day	7202	1	830	138	16.63	108	17	13	0
Pct 7202	VBM	7202	1	830	271	32.65	214	26	31	0
Pct 7203	Election Day	7203	1	867	174	20.07	135	24	16	0
Pct 7203	VBM	7203	1	867	243	28.03	191	27	22	0
Pct 7204	Election Day	7204	1	888	157	17.68	119	18	20	0
Pct 7204	VBM	7204	1	888	340	38.29	288	28	28	0
Pct 7205	Election Day	7205	1	847	183	21.61	150	20	13	0
Pct 7205	VBM	7205	1	847	309	36.48	249	42	15	0
Pct 7206	Election Day	7206	1	375	88	23.47	64	14	10	0
Pct 7206	VBM	7206	1	375	124	33.07	104	7	13	0
Pct 7207	Election Day	7207	1	744	119	15.99	91	12	17	0
Pct 7207	VBM	7207	1	744	231	31.05	186	22	23	0
Pct 7208	Election Day	7208	1	567	76	13.4	60	7	9	0
Pct 7208	VBM	7208	1	567	206	36.33	164	24	18	0
Pct 7209	Election Day	7209	1	586	69	11.77	54	8	7	0
Pct 7209	VBM	7209	1	586	326	55.63	269	32	24	0
Pct 7301	Election Day	7301	1	1002	150	14.97	102	28	20	0
Pct 7301	VBM	7301	1	1002	299	29.84	218	49	30	0
Pct 7302	Election Day	7302	1	806	121	15.01	88	14	19	0
Pct 7302	VBM	7302	1	806	352	43.67	282	34	33	0
Pct 7303	Election Day	7303	1	986	167	16.94	126	24	19	0
Pct 7303	VBM	7303	1	986	318	32.25	242	30	42	0
Pct 7304	Election Day	7304	1	972	203	20.88	165	21	17	0
Pct 7304	VBM	7304	1	972	330	33.95	262	39	27	0
Pct 7305	Election Day	7305	1	851	171	20.09	139	22	11	0
Pct 7305	VBM	7305	1	851	306	35.96	234	39	32	0
Pct 7306	Election Day	7306	1	1014	179	17.65	128	25	26	0
Pct 7306	VBM	7306	1	1014	302	29.78	227	40	33	0
Pct 7307	Election Day	7307	1	726	143	19.7	103	19	21	0
Pct 7307	VBM	7307	1	726	226	31.13	161	30	30	0
Pct 7308	Election Day	7308	1	598	133	22.24	108	15	10	0
Pct 7308	VBM	7308	1	598	204	34.11	167	23	13	0
Pct 7309	Election Day	7309	1	826	160	19.37	129	12	18	0
Pct 7309	VBM	7309	1	826	209	25.3	176	15	16	0
Pct 7311	Election Day	7311	1	901	175	19.42	148	15	12	0
Pct 7311	VBM	7311	1	901	266	29.52	224	24	17	0
Pct 7312	Election Day	7312	1	810	128	15.8	109	8	12	0
Pct 7312	VBM	7312	1	810	332	40.99	257	37	34	0
Pct 7313	Election Day	7313	1	925	135	14.59	106	8	20	0
Pct 7313	VBM	7313	1	925	315	34.05	248	40	28	0
Pct 7314	Election Day	7314	1	760	92	12.11	57	11	24	0
Pct 7314	VBM	7314	1	760	213	28.03	132	25	56	0
Pct 7315	Election Day	7315	1	725	119	16.41	97	10	12	0
Pct 7315	VBM	7315	1	725	178	24.55	148	19	9	0
Pct 7316	Election Day	7316	1	824	122	14.81	91	16	15	0
Pct 7316	VBM	7316	1	824	266	32.28	189	42	35	0
Pct 7317	Election Day	7317	1	886	117	13.21	92	13	12	0
Pct 7317	VBM	7317	1	886	340	38.37	274	32	32	0
Pct 7318	Election Day	7318	1	709	123	17.35	90	10	23	0
Pct 7318	VBM	7318	1	709	243	34.27	173	38	35	0
Pct 7319	Election Day	7319	1	1035	182	17.58	135	26	21	0
Pct 7319	VBM	7319	1	1035	296	28.6	216	41	39	0
Pct 7321	Election Day	7321	1	644	100	15.53	64	19	17	0
Pct 7321	VBM	7321	1	644	211	32.76	167	20	21	0
Pct 7322	Election Day	7322	1	859	60	6.98	36	10	13	1
Pct 7322	VBM	7322	1	859	304	35.39	190	46	72	0
Pct 7323	Election Day	7323	1	881	146	16.57	111	14	19	0
Pct 7323	VBM	7323	1	881	273	30.99	223	29	21	0
Pct 7324	Election Day	7324	1	687	125	18.2	95	14	16	0
Pct 7324	VBM	7324	1	687	198	28.82	153	18	30	0
Pct 7325	Election Day	7325	1	870	150	17.24	113	14	23	0
Pct 7325	VBM	7325	1	870	276	31.72	206	29	42	0
Pct 7326	Election Day	7326	1	853	150	17.58	112	19	19	0
Pct 7326	VBM	7326	1	853	256	30.01	194	32	29	0
Pct 7327	Election Day	7327	1	684	62	9.06	39	7	16	0
Pct 7327	VBM	7327	1	684	277	40.5	193	33	54	0
Pct 7328	Election Day	7328	1	950	70	7.37	43	10	17	0
Pct 7328	VBM	7328	1	950	391	41.16	237	46	108	1
Pct 7329	Election Day	7329	1	610	71	11.64	53	13	6	0
Pct 7329	VBM	7329	1	610	205	33.61	144	29	33	0
Pct 7331	Election Day	7331	1	860	130	15.12	99	17	14	0
Pct 7331	VBM	7331	1	860	357	41.51	280	51	29	0
Pct 7332	Election Day	7332	1	799	154	19.27	117	14	23	0
Pct 7332	VBM	7332	1	799	209	26.16	168	22	19	0
Pct 7333	Election Day	7333	1	974	174	17.86	137	18	19	0
Pct 7333	VBM	7333	1	974	323	33.16	242	45	33	0
Pct 7334	Election Day	7334	1	854	113	13.23	94	9	10	0
Pct 7334	VBM	7334	1	854	275	32.2	208	36	31	0
Pct 7335	Election Day	7335	1	936	144	15.38	115	12	17	0
Pct 7335	VBM	7335	1	936	354	37.82	289	44	23	0
Pct 7336	Election Day	7336	1	920	155	16.85	123	15	17	0
Pct 7336	VBM	7336	1	920	324	35.22	262	34	28	0
Pct 7337	Election Day	7337	1	825	115	13.94	80	24	12	0
Pct 7337	VBM	7337	1	825	305	36.97	231	35	37	0
Pct 7338	Election Day	7338	1	884	100	11.31	71	8	20	0
Pct 7338	VBM	7338	1	884	364	41.18	232	55	84	0
Pct 7339	Election Day	7339	1	618	111	17.96	85	14	13	0
Pct 7339	VBM	7339	1	618	181	29.29	136	27	19	0
Pct 7341	Election Day	7341	1	877	124	14.14	89	15	21	0
Pct 7341	VBM	7341	1	877	246	28.05	195	28	24	0
Pct 7342	Election Day	7342	1	911	234	25.69	184	23	25	0
Pct 7342	VBM	7342	1	911	251	27.55	199	38	14	0
Pct 7343	Election Day	7343	1	707	144	20.37	121	8	15	0
Pct 7343	VBM	7343	1	707	186	26.31	157	10	18	0
Pct 7344	Election Day	7344	1	1039	179	17.23	139	23	18	0
Pct 7344	VBM	7344	1	1039	334	32.15	270	36	30	0
Pct 7345	Election Day	7345	1	1077	183	16.99	147	23	13	0
Pct 7345	VBM	7345	1	1077	283	26.28	210	37	34	0
Pct 7346	Election Day	7346	1	877	168	19.16	122	24	21	0
Pct 7346	VBM	7346	1	877	221	25.2	176	28	18	0
Pct 7347	Election Day	7347	1	968	137	14.15	110	20	7	0
Pct 7347	VBM	7347	1	968	279	28.82	238	29	13	0
Pct 7348	Election Day	7348	1	832	139	16.71	109	21	10	0
Pct 7348	VBM	7348	1	832	202	24.28	157	28	14	0
Pct 7349	Election Day	7349	1	921	147	15.96	119	15	14	0
Pct 7349	VBM	7349	1	921	282	30.62	212	34	33	0
Pct 7501	Election Day	7501	1	554	118	21.3	98	13	8	0
Pct 7501	VBM	7501	1	554	168	30.32	127	20	21	0
Pct 7502	Election Day	7502	1	741	113	15.25	85	14	13	0
Pct 7502	VBM	7502	1	741	349	47.1	294	31	32	0
Pct 7503	Election Day	7503	1	727	132	18.16	100	16	16	0
Pct 7503	VBM	7503	1	727	226	31.09	194	13	20	0
Pct 7504	Election Day	7504	1	484	76	15.7	51	6	19	0
Pct 7504	VBM	7504	1	484	158	32.64	116	22	15	1
Pct 7505	Election Day	7505	1	871	131	15.04	101	18	12	0
Pct 7505	VBM	7505	1	871	417	47.88	336	36	43	1
Pct 7506	Election Day	7506	1	920	133	14.46	108	15	11	0
Pct 7506	VBM	7506	1	920	252	27.39	191	31	30	0
Pct 7507	Election Day	7507	1	919	158	17.19	104	28	28	0
Pct 7507	VBM	7507	1	919	255	27.75	191	31	29	0
Pct 7508	Election Day	7508	1	702	106	15.1	83	13	10	0
Pct 7508	VBM	7508	1	702	340	48.43	265	27	49	0
Pct 7509/7511	Election Day	7509	1	909	171	18.81	135	26	12	0
Pct 7509/7511	VBM	7509	1	909	319	35.09	258	30	29	1
Pct 7512	Election Day	7512	1	604	96	15.89	66	13	18	0
Pct 7512	VBM	7512	1	604	196	32.45	149	27	17	0
Pct 7513	Election Day	7513	1	790	142	17.97	99	25	20	0
Pct 7513	VBM	7513	1	790	208	26.33	152	25	29	0
Pct 7514	Election Day	7514	1	863	95	11.01	54	21	23	0
Pct 7514	VBM	7514	1	863	235	27.23	143	48	43	0
Pct 7515	Election Day	7515	1	845	150	17.75	99	31	20	0
Pct 7515	VBM	7515	1	845	289	34.2	200	47	39	0
Pct 7516	Election Day	7516	1	886	145	16.37	115	12	18	0
Pct 7516	VBM	7516	1	886	378	42.66	306	39	36	0
Pct 7517	Election Day	7517	1	863	228	26.42	190	16	23	0
Pct 7517	VBM	7517	1	863	251	29.08	207	23	23	0
Pct 7518	Election Day	7518	1	939	235	25.03	199	23	13	0
Pct 7518	VBM	7518	1	939	298	31.74	249	24	26	0
Pct 7519	Election Day	7519	1	726	179	24.66	151	16	12	0
Pct 7519	VBM	7519	1	726	185	25.48	147	19	18	1
Pct 7521	Election Day	7521	1	802	211	26.31	169	20	21	0
Pct 7521	VBM	7521	1	802	215	26.81	186	11	19	0
Pct 7522	Election Day	7522	1	743	175	23.55	151	15	10	0
Pct 7522	VBM	7522	1	743	240	32.3	198	17	25	0
Pct 7523	Election Day	7523	1	737	208	28.22	173	18	16	1
Pct 7523	VBM	7523	1	737	223	30.26	194	18	14	0
Pct 7524	Election Day	7524	1	646	143	22.14	109	13	18	0
Pct 7524	VBM	7524	1	646	165	25.54	130	18	15	0
Pct 7525	Election Day	7525	1	779	145	18.61	96	25	25	0
Pct 7525	VBM	7525	1	779	214	27.47	166	27	20	0
Pct 7526	Election Day	7526	1	947	197	20.8	165	17	13	1
Pct 7526	VBM	7526	1	947	313	33.05	255	32	23	0
Pct 7527/7528	Election Day	7527	1	729	162	22.22	127	16	21	0
Pct 7527/7528	VBM	7527	1	729	237	32.51	195	18	23	0
Pct 7529	Election Day	7529	1	925	214	23.14	182	18	14	0
Pct 7529	VBM	7529	1	925	300	32.43	242	39	18	0
Pct 7531	Election Day	7531	1	847	179	21.13	141	21	18	0
Pct 7531	VBM	7531	1	847	263	31.05	215	22	24	0
Pct 7532	Election Day	7532	1	823	172	20.9	131	15	25	0
Pct 7532	VBM	7532	1	823	226	27.46	183	26	16	0
Pct 7533	Election Day	7533	1	951	268	28.18	219	27	23	0
Pct 7533	VBM	7533	1	951	297	31.23	263	19	14	0
Pct 7534	Election Day	7534	1	883	241	27.29	202	24	15	0
Pct 7534	VBM	7534	1	883	240	27.18	218	12	10	0
Pct 7535	Election Day	7535	1	743	201	27.05	172	15	14	0
Pct 7535	VBM	7535	1	743	251	33.78	208	28	16	0
Pct 7536	Election Day	7536	1	856	206	24.07	174	13	20	0
Pct 7536	VBM	7536	1	856	279	32.59	245	19	17	0
Pct 7537	Election Day	7537	1	734	187	25.48	159	15	13	0
Pct 7537	VBM	7537	1	734	225	30.65	189	21	13	0
Pct 7538	Election Day	7538	1	757	223	29.46	184	23	16	0
Pct 7538	VBM	7538	1	757	256	33.82	231	13	14	0
Pct 7539	Election Day	7539	1	884	250	28.28	206	16	26	0
Pct 7539	VBM	7539	1	884	286	32.35	246	18	25	0
Pct 7541	Election Day	7541	1	791	215	27.18	171	13	31	0
Pct 7541	VBM	7541	1	791	245	30.97	219	16	10	0
Pct 7542	Election Day	7542	1	787	183	23.25	152	16	16	0
Pct 7542	VBM	7542	1	787	247	31.39	213	26	11	0
Pct 7543	Election Day	7543	1	910	187	20.55	148	10	27	0
Pct 7543	VBM	7543	1	910	332	36.48	272	30	29	0
Pct 7544	Election Day	7544	1	877	186	21.21	156	16	14	0
Pct 7544	VBM	7544	1	877	331	37.74	279	28	26	0
Pct 7545	Election Day	7545	1	877	179	20.41	148	18	13	0
Pct 7545	VBM	7545	1	877	291	33.18	240	26	26	0
Pct 7546	Election Day	7546	1	913	219	23.99	174	28	17	0
Pct 7546	VBM	7546	1	913	310	33.95	280	12	16	0
Pct 7547	Election Day	7547	1	987	244	24.72	195	17	34	0
Pct 7547	VBM	7547	1	987	322	32.62	274	20	22	0
Pct 7548	Election Day	7548	1	1054	236	22.39	194	28	15	0
Pct 7548	VBM	7548	1	1054	345	32.73	301	24	18	0
Pct 7549	Election Day	7549	1	785	165	21.02	131	15	20	0
Pct 7549	VBM	7549	1	785	281	35.8	222	25	31	0
Pct 7551	Election Day	7551	1	705	199	28.23	159	18	22	0
Pct 7551	VBM	7551	1	705	240	34.04	212	17	13	0
Pct 7552	Election Day	7552	1	718	191	26.6	160	16	15	0
Pct 7552	VBM	7552	1	718	232	32.31	206	13	15	0
Pct 7553 MB	Election Day	7553	1	171	5	2.92	3	0	2	0
Pct 7553 MB	VBM	7553	1	171	87	50.88	75	6	6	0
Pct 7554	Election Day	7554	1	785	179	22.8	140	21	19	0
Pct 7554	VBM	7554	1	785	323	41.15	274	20	29	0
Pct 7555	Election Day	7555	1	847	242	28.57	199	22	21	0
Pct 7555	VBM	7555	1	847	304	35.89	248	29	25	0
Pct 7556/7557	Election Day	7556	1	961	223	23.2	178	26	20	0
Pct 7556/7557	VBM	7556	1	961	422	43.91	359	31	32	0
Pct 7601	Election Day	7601	1	744	128	17.2	102	16	14	0
Pct 7601	VBM	7601	1	744	185	24.87	134	26	19	0
Pct 7602	Election Day	7602	1	880	147	16.7	107	22	18	0
Pct 7602	VBM	7602	1	880	243	27.61	182	40	22	0
Pct 7603	Election Day	7603	1	826	152	18.4	116	17	19	1
Pct 7603	VBM	7603	1	826	215	26.03	159	33	24	0
Pct 7604	Election Day	7604	1	906	133	14.68	102	19	12	0
Pct 7604	VBM	7604	1	906	233	25.72	188	29	16	0
Pct 7605	Election Day	7605	1	651	77	11.83	53	9	15	0
Pct 7605	VBM	7605	1	651	155	23.81	100	24	30	0
Pct 7606	Election Day	7606	1	895	127	14.19	89	23	13	0
Pct 7606	VBM	7606	1	895	212	23.69	157	40	14	0
Pct 7607	Election Day	7607	1	955	120	12.57	90	15	14	1
Pct 7607	VBM	7607	1	955	265	27.75	222	34	12	0
Pct 7608	Election Day	7608	1	388	46	11.86	26	10	10	0
Pct 7608	VBM	7608	1	388	119	30.67	79	18	22	0
Pct 7609	Election Day	7609	1	916	101	11.03	57	21	22	0
Pct 7609	VBM	7609	1	916	297	32.42	182	50	64	0
Pct 7611	Election Day	7611	1	756	76	10.05	49	16	10	1
Pct 7611	VBM	7611	1	756	204	26.98	139	37	26	0
Pct 7612	Election Day	7612	1	574	76	13.24	54	10	10	0
Pct 7612	VBM	7612	1	574	210	36.59	155	28	26	0
Pct 7613	Election Day	7613	1	887	140	15.78	109	16	16	0
Pct 7613	VBM	7613	1	887	215	24.24	169	24	22	0
Pct 7614	Election Day	7614	1	1015	123	12.12	88	21	17	0
Pct 7614	VBM	7614	1	1015	238	23.45	173	44	20	0
Pct 7615	Election Day	7615	1	832	108	12.98	68	26	14	0
Pct 7615	VBM	7615	1	832	170	20.43	109	35	26	0
Pct 7616	Election Day	7616	1	951	129	13.56	94	24	10	0
Pct 7616	VBM	7616	1	951	331	34.81	280	33	19	0
Pct 7617	Election Day	7617	1	751	84	11.19	50	14	20	0
Pct 7617	VBM	7617	1	751	223	29.69	158	30	37	0
Pct 7618	Election Day	7618	1	866	123	14.2	91	17	15	0
Pct 7618	VBM	7618	1	866	272	31.41	219	29	22	0
Pct 7619	Election Day	7619	1	993	154	15.51	117	20	18	0
Pct 7619	VBM	7619	1	993	308	31.02	246	37	28	0
Pct 7621	Election Day	7621	1	1132	163	14.4	128	20	16	0
Pct 7621	VBM	7621	1	1132	346	30.57	280	37	26	0
Pct 7622	Election Day	7622	1	964	99	10.27	73	18	7	0
Pct 7622	VBM	7622	1	964	193	20.02	138	28	29	0
Pct 7623	Election Day	7623	1	712	122	17.13	92	16	14	0
Pct 7623	VBM	7623	1	712	196	27.53	150	31	14	0
Pct 7624	Election Day	7624	1	905	104	11.49	74	15	16	0
Pct 7624	VBM	7624	1	905	195	21.55	141	29	23	0
Pct 7625	Election Day	7625	1	821	73	8.89	48	7	18	0
Pct 7625	VBM	7625	1	821	415	50.55	290	43	81	0
Pct 7626	Election Day	7626	1	1081	128	11.84	94	20	13	0
Pct 7626	VBM	7626	1	1081	361	33.4	299	35	27	0
Pct 7627	Election Day	7627	1	1075	116	10.79	94	11	11	0
Pct 7627	VBM	7627	1	1075	319	29.67	242	44	35	1
Pct 7628	Election Day	7628	1	906	156	17.22	132	15	9	0
Pct 7628	VBM	7628	1	906	267	29.47	204	37	25	0
Pct 7629	Election Day	7629	1	805	108	13.42	89	12	7	0
Pct 7629	VBM	7629	1	805	206	25.59	169	20	16	0
Pct 7631	Election Day	7631	1	1085	146	13.46	115	20	11	0
Pct 7631	VBM	7631	1	1085	339	31.24	275	36	25	0
Pct 7632	Election Day	7632	1	965	167	17.31	127	21	19	0
Pct 7632	VBM	7632	1	965	286	29.64	239	32	15	0
Pct 7633	Election Day	7633	1	702	90	12.82	67	16	7	0
Pct 7633	VBM	7633	1	702	253	36.04	188	33	33	0
Pct 7634	Election Day	7634	1	859	120	13.97	82	18	19	0
Pct 7634	VBM	7634	1	859	291	33.88	210	39	41	1
Pct 7635	Election Day	7635	1	782	89	11.38	65	13	10	0
Pct 7635	VBM	7635	1	782	242	30.95	195	32	14	0
Pct 7636	Election Day	7636	1	920	134	14.57	102	18	15	0
Pct 7636	VBM	7636	1	920	251	27.28	212	25	16	0
Pct 7637	Election Day	7637	1	732	89	12.16	65	16	9	0
Pct 7637	VBM	7637	1	732	249	34.02	201	32	16	0
Pct 7638	Election Day	7638	1	1365	129	9.45	110	12	9	0
Pct 7638	VBM	7638	1	1365	492	36.04	398	58	36	0
Pct 7639	Election Day	7639	1	962	110	11.43	79	16	15	0
Pct 7639	VBM	7639	1	962	319	33.16	248	45	27	0
Pct 7641	Election Day	7641	1	931	114	12.24	84	17	13	0
Pct 7641	VBM	7641	1	931	374	40.17	291	49	34	0
Pct 7642	Election Day	7642	1	909	84	9.24	60	14	10	0
Pct 7642	VBM	7642	1	909	268	29.48	185	31	53	0
Pct 7643	Election Day	7643	1	871	99	11.37	54	21	21	0
Pct 7643	VBM	7643	1	871	355	40.76	279	43	31	0
Pct 7644	Election Day	7644	1	1082	156	14.42	118	24	17	0
Pct 7644	VBM	7644	1	1082	291	26.89	214	35	41	0
Pct 7645	Election Day	7645	1	631	63	9.98	41	13	9	0
Pct 7645	VBM	7645	1	631	241	38.19	207	19	16	0
Pct 7646	Election Day	7646	1	1035	110	10.63	88	10	12	0
Pct 7646	VBM	7646	1	1035	326	31.5	268	33	24	0
Pct 7647	Election Day	7647	1	1027	107	10.42	74	23	10	0
Pct 7647	VBM	7647	1	1027	185	18.01	135	39	12	0
Pct 7648 MB	Election Day	7648	1	2	0	0	0	0	0	0
Pct 7648 MB	VBM	7648	1	2	0	0	0	0	0	0
Pct 7649	Election Day	7649	1	877	97	11.06	73	16	7	0
Pct 7649	VBM	7649	1	877	234	26.68	172	31	30	0
Pct 7651	Election Day	7651	1	555	48	8.65	35	8	5	0
Pct 7651	VBM	7651	1	555	155	27.93	126	23	6	0
Pct 7652	Election Day	7652	1	580	68	11.72	58	7	4	0
Pct 7652	VBM	7652	1	580	163	28.1	125	20	19	0
Pct 7653	Election Day	7653	1	1092	137	12.55	106	16	13	0
Pct 7653	VBM	7653	1	1092	321	29.4	265	33	21	0
Pct 7701	Election Day	7701	1	1012	225	22.23	175	29	21	0
Pct 7701	VBM	7701	1	1012	383	37.85	319	37	27	0
Pct 7702	Election Day	7702	1	704	117	16.62	96	13	8	0
Pct 7702	VBM	7702	1	704	302	42.9	253	29	21	0
Pct 7703 MB	Election Day	7703	1	172	0	0	0	0	0	0
Pct 7703 MB	VBM	7703	1	172	66	38.37	39	17	11	1
Pct 7704	Election Day	7704	1	977	208	21.29	154	37	17	0
Pct 7704	VBM	7704	1	977	396	40.53	303	58	29	0
Pct 7705	Election Day	7705	1	547	123	22.49	99	16	7	1
Pct 7705	VBM	7705	1	547	227	41.5	182	24	22	0
Pct 7706	Election Day	7706	1	821	189	23.02	151	23	15	0
Pct 7706	VBM	7706	1	821	341	41.53	278	30	33	0
Pct 7707	Election Day	7707	1	839	200	23.84	148	29	21	0
Pct 7707	VBM	7707	1	839	379	45.17	303	42	25	0
Pct 7708	Election Day	7708	1	860	181	21.05	153	14	14	0
Pct 7708	VBM	7708	1	860	400	46.51	328	39	33	0
Pct 7709	Election Day	7709	1	383	85	22.19	66	10	8	0
Pct 7709	VBM	7709	1	383	174	45.43	153	11	8	0
Pct 7711	Election Day	7711	1	772	162	20.98	139	11	12	0
Pct 7711	VBM	7711	1	772	344	44.56	285	38	24	0
Pct 7712	Election Day	7712	1	524	131	25	111	12	7	0
Pct 7712	VBM	7712	1	524	230	43.89	182	38	11	0
Pct 7801	Election Day	7801	1	970	230	23.71	191	20	19	0
Pct 7801	VBM	7801	1	970	424	43.71	366	36	22	0
Pct 7802	Election Day	7802	1	762	205	26.9	171	21	15	0
Pct 7802	VBM	7802	1	762	313	41.08	261	23	30	1
Pct 7803	Election Day	7803	1	823	143	17.38	120	5	17	0
Pct 7803	VBM	7803	1	823	412	50.06	358	31	24	0
Pct 7804	Election Day	7804	1	891	236	26.49	198	19	19	0
Pct 7804	VBM	7804	1	891	394	44.22	338	32	25	0
Pct 7805	Election Day	7805	1	785	176	22.42	156	11	8	0
Pct 7805	VBM	7805	1	785	348	44.33	286	36	27	0
Pct 7806	Election Day	7806	1	699	163	23.32	140	7	17	0
Pct 7806	VBM	7806	1	699	283	40.49	247	19	16	0
Pct 7807	Election Day	7807	1	796	228	28.64	185	21	20	0
Pct 7807	VBM	7807	1	796	273	34.3	231	21	20	0
Pct 7808	Election Day	7808	1	655	178	27.18	143	15	20	0
Pct 7808	VBM	7808	1	655	243	37.1	202	24	19	0
Pct 7809	Election Day	7809	1	742	160	21.56	131	9	21	0
Pct 7809	VBM	7809	1	742	267	35.98	223	26	16	0
Pct 7811	Election Day	7811	1	726	186	25.62	159	17	10	0
Pct 7811	VBM	7811	1	726	243	33.47	208	21	14	0
Pct 7812	Election Day	7812	1	843	207	24.56	166	25	16	0
Pct 7812	VBM	7812	1	843	292	34.64	246	22	26	0
Pct 7813	Election Day	7813	1	988	251	25.4	200	19	34	0
Pct 7813	VBM	7813	1	988	362	36.64	309	21	31	0
Pct 7814	Election Day	7814	1	892	173	19.39	132	26	15	0
Pct 7814	VBM	7814	1	892	223	25	178	27	16	1
Pct 7815	Election Day	7815	1	914	178	19.47	145	22	13	0
Pct 7815	VBM	7815	1	914	407	44.53	345	33	26	0
Pct 7816	Election Day	7816	1	858	202	23.54	161	23	17	0
Pct 7816	VBM	7816	1	858	390	45.45	328	30	32	0
Pct 7817	Election Day	7817	1	795	215	27.04	183	18	15	0
Pct 7817	VBM	7817	1	795	309	38.87	269	27	10	0
Pct 7818	Election Day	7818	1	823	172	20.9	142	13	18	0
Pct 7818	VBM	7818	1	823	335	40.7	277	31	29	0
Pct 7819	Election Day	7819	1	760	169	22.24	130	22	17	0
Pct 7819	VBM	7819	1	760	297	39.08	235	25	35	0
Pct 7821	Election Day	7821	1	947	229	24.18	190	25	14	0
Pct 7821	VBM	7821	1	947	439	46.36	380	30	26	0
Pct 7822	Election Day	7822	1	927	244	26.32	199	23	22	0
Pct 7822	VBM	7822	1	927	343	37	298	23	20	0
Pct 7823	Election Day	7823	1	857	237	27.65	205	19	14	0
Pct 7823	VBM	7823	1	857	347	40.49	290	29	28	0
Pct 7824	Election Day	7824	1	756	170	22.49	136	19	14	0
Pct 7824	VBM	7824	1	756	274	36.24	229	28	16	0
Pct 7825	Election Day	7825	1	580	160	27.59	126	20	14	0
Pct 7825	VBM	7825	1	580	215	37.07	180	17	19	0
Pct 7826	Election Day	7826	1	665	214	32.18	184	12	18	0
Pct 7826	VBM	7826	1	665	194	29.17	170	14	11	0
Pct 7827	Election Day	7827	1	828	199	24.03	153	21	25	0
Pct 7827	VBM	7827	1	828	252	30.43	204	27	21	0
Pct 7828	Election Day	7828	1	976	205	21	152	31	24	0
Pct 7828	VBM	7828	1	976	397	40.68	328	40	30	0
Pct 7829	Election Day	7829	1	882	199	22.56	174	14	11	0
Pct 7829	VBM	7829	1	882	391	44.33	330	36	25	0
Pct 7831	Election Day	7831	1	828	202	24.4	172	16	14	0
Pct 7831	VBM	7831	1	828	369	44.57	309	30	29	0
Pct 7832	Election Day	7832	1	781	162	20.74	133	17	13	0
Pct 7832	VBM	7832	1	781	343	43.92	304	19	21	0
Pct 7833	Election Day	7833	1	745	182	24.43	141	20	21	0
Pct 7833	VBM	7833	1	745	271	36.38	230	13	26	0
Pct 7834	Election Day	7834	1	836	225	26.91	187	19	20	0
Pct 7834	VBM	7834	1	836	288	34.45	247	21	20	0
Pct 7835	Election Day	7835	1	808	175	21.66	140	21	14	0
Pct 7835	VBM	7835	1	808	338	41.83	282	37	18	0
Pct 7836	Election Day	7836	1	979	199	20.33	166	17	16	0
Pct 7836	VBM	7836	1	979	421	43	352	46	21	0
Pct 7837	Election Day	7837	1	883	237	26.84	204	21	13	0
Pct 7837	VBM	7837	1	883	339	38.39	273	37	27	0
Pct 7838	Election Day	7838	1	891	210	23.57	165	26	17	0
Pct 7838	VBM	7838	1	891	413	46.35	341	44	27	0
Pct 7839	Election Day	7839	1	830	172	20.72	132	18	20	0
Pct 7839	VBM	7839	1	830	389	46.87	350	16	24	0
Pct 7841	Election Day	7841	1	898	240	26.73	198	27	15	0
Pct 7841	VBM	7841	1	898	353	39.31	311	23	19	0
Pct 7842	Election Day	7842	1	873	214	24.51	188	12	14	0
Pct 7842	VBM	7842	1	873	308	35.28	264	22	21	0
Pct 7843	Election Day	7843	1	751	182	24.23	151	16	16	0
Pct 7843	VBM	7843	1	751	267	35.55	238	19	11	0
Pct 7844	Election Day	7844	1	635	160	25.2	125	16	18	0
Pct 7844	VBM	7844	1	635	245	38.58	208	15	24	0
Pct 7845	Election Day	7845	1	803	202	25.16	170	14	18	0
Pct 7845	VBM	7845	1	803	314	39.1	270	25	19	0
Pct 7846	Election Day	7846	1	871	221	25.37	171	25	25	0
Pct 7846	VBM	7846	1	871	330	37.89	266	29	34	0
Pct 7847	Election Day	7847	1	878	207	23.58	169	25	14	0
Pct 7847	VBM	7847	1	878	358	40.77	288	27	42	0
Pct 7848	Election Day	7848	1	838	209	24.94	181	15	16	0
Pct 7848	VBM	7848	1	838	346	41.29	296	28	22	0
Pct 7849	Election Day	7849	1	904	237	26.22	193	14	30	0
Pct 7849	VBM	7849	1	904	353	39.05	298	29	28	0
Pct 7851	Election Day	7851	1	493	118	23.94	94	9	15	0
Pct 7851	VBM	7851	1	493	204	41.38	164	17	23	0
Pct 7852	Election Day	7852	1	634	104	16.4	86	11	8	0
Pct 7852	VBM	7852	1	634	303	47.79	239	43	21	0
Pct 7853	Election Day	7853	1	837	180	21.51	138	18	24	0
Pct 7853	VBM	7853	1	837	333	39.78	271	39	23	0
Pct 7854	Election Day	7854	1	874	216	24.71	176	19	22	0
Pct 7854	VBM	7854	1	874	346	39.59	290	29	24	1
Pct 7855	Election Day	7855	1	949	259	27.29	216	22	21	0
Pct 7855	VBM	7855	1	949	359	37.83	304	33	27	1
Pct 7856	Election Day	7856	1	790	204	25.82	168	19	16	0
Pct 7856	VBM	7856	1	790	312	39.49	262	29	22	0
Pct 7857	Election Day	7857	1	913	225	24.64	185	19	22	0
Pct 7857	VBM	7857	1	913	350	38.34	296	28	27	0
Pct 7858	Election Day	7858	1	743	192	25.84	160	14	16	0
Pct 7858	VBM	7858	1	743	252	33.92	216	22	14	0
Pct 7859	Election Day	7859	1	879	219	24.91	184	21	15	0
Pct 7859	VBM	7859	1	879	352	40.05	297	28	27	0
Pct 7861	Election Day	7861	1	835	184	22.04	158	13	13	0
Pct 7861	VBM	7861	1	835	367	43.95	318	26	24	0
Pct 7862	Election Day	7862	1	850	237	27.88	209	14	14	0
Pct 7862	VBM	7862	1	850	323	38	276	25	24	0
Pct 7863	Election Day	7863	1	870	237	27.24	202	22	13	0
Pct 7863	VBM	7863	1	870	302	34.71	265	12	26	1
Pct 7864	Election Day	7864	1	773	188	24.32	153	24	11	0
Pct 7864	VBM	7864	1	773	284	36.74	247	18	20	1
Pct 7865	Election Day	7865	1	808	178	22.03	151	15	11	0
Pct 7865	VBM	7865	1	808	310	38.37	241	36	33	1
Pct 7866	Election Day	7866	1	816	184	22.55	153	16	16	0
Pct 7866	VBM	7866	1	816	389	47.67	304	49	38	0
Pct 7867	Election Day	7867	1	932	209	22.42	171	14	24	0
Pct 7867	VBM	7867	1	932	385	41.31	318	38	28	0
Pct 7868	Election Day	7868	1	860	218	25.35	165	28	26	0
Pct 7868	VBM	7868	1	860	324	37.67	271	28	23	0
Pct 7869	Election Day	7869	1	842	219	26.01	182	15	22	0
Pct 7869	VBM	7869	1	842	376	44.66	326	25	26	0
Pct 7871	Election Day	7871	1	882	240	27.21	188	28	27	0
Pct 7871	VBM	7871	1	882	364	41.27	316	21	26	0
Pct 7872	Election Day	7872	1	864	242	28.01	200	22	21	0
Pct 7872	VBM	7872	1	864	369	42.71	316	32	21	0
Pct 7873	Election Day	7873	1	841	231	27.47	200	13	18	0
Pct 7873	VBM	7873	1	841	387	46.02	326	31	30	0
Pct 7874	Election Day	7874	1	453	85	18.76	65	16	4	0
Pct 7874	VBM	7874	1	453	174	38.41	142	18	13	0
Pct 7875	Election Day	7875	1	615	127	20.65	89	22	16	0
Pct 7875	VBM	7875	1	615	203	33.01	166	22	18	0
Pct 7876	Election Day	7876	1	491	101	20.57	73	14	14	0
Pct 7876	VBM	7876	1	491	148	30.14	124	11	14	0
Pct 7901	Election Day	7901	1	466	87	18.67	64	12	13	0
Pct 7901	VBM	7901	1	466	133	28.54	105	17	11	0
Pct 7902	Election Day	7902	1	921	188	20.41	154	26	8	0
Pct 7902	VBM	7902	1	921	259	28.12	216	19	25	0
Pct 7903	Election Day	7903	1	819	144	17.58	108	17	19	0
Pct 7903	VBM	7903	1	819	244	29.79	187	37	20	0
Pct 7904	Election Day	7904	1	846	137	16.19	111	16	9	0
Pct 7904	VBM	7904	1	846	248	29.31	210	24	17	0
Pct 7905	Election Day	7905	1	821	199	24.24	160	24	16	0
Pct 7905	VBM	7905	1	821	275	33.5	241	20	12	0
Pct 7906	Election Day	7906	1	769	164	21.33	129	15	20	0
Pct 7906	VBM	7906	1	769	214	27.83	179	25	12	1
Pct 7907	Election Day	7907	1	926	201	21.71	174	10	15	0
Pct 7907	VBM	7907	1	926	286	30.89	250	22	12	0
Pct 7908	Election Day	7908	1	936	191	20.41	153	20	18	0
Pct 7908	VBM	7908	1	936	267	28.53	212	31	25	0
Pct 7909	Election Day	7909	1	726	190	26.17	164	15	11	0
Pct 7909	VBM	7909	1	726	221	30.44	197	14	14	0
Pct 7911	Election Day	7911	1	849	192	22.61	151	23	17	0
Pct 7911	VBM	7911	1	849	250	29.45	206	30	18	0
Pct 7912	Election Day	7912	1	1036	215	20.75	174	21	19	1
Pct 7912	VBM	7912	1	1036	314	30.31	271	22	19	0
Pct 7913	Election Day	7913	1	887	240	27.06	207	21	19	0
Pct 7913	VBM	7913	1	887	244	27.51	203	23	17	0
Pct 7914	Election Day	7914	1	833	208	24.97	162	26	20	0
Pct 7914	VBM	7914	1	833	253	30.37	214	29	11	0
Pct 7915	Election Day	7915	1	802	213	26.56	175	16	21	1
Pct 7915	VBM	7915	1	802	222	27.68	184	26	13	0
Pct 7916	Election Day	7916	1	887	215	24.24	185	15	15	0
Pct 7916	VBM	7916	1	887	289	32.58	245	24	19	1
Pct 7917	Election Day	7917	1	983	254	25.84	206	27	22	0
Pct 7917	VBM	7917	1	983	287	29.2	241	34	12	0
Pct 7918	Election Day	7918	1	790	191	24.18	163	17	11	0
Pct 7918	VBM	7918	1	790	234	29.62	200	13	20	0
Pct 7919	Election Day	7919	1	857	217	25.32	189	19	9	0
Pct 7919	VBM	7919	1	857	241	28.12	210	19	12	0
Pct 7921	Election Day	7921	1	883	151	17.1	114	26	14	0
Pct 7921	VBM	7921	1	883	210	23.78	164	36	10	0
Pct 7922	Election Day	7922	1	797	182	22.84	150	19	12	0
Pct 7922	VBM	7922	1	797	241	30.24	209	21	12	0
Pct 7923	Election Day	7923	1	863	202	23.41	169	19	13	0
Pct 7923	VBM	7923	1	863	241	27.93	211	24	7	0
Pct 7924	Election Day	7924	1	806	172	21.34	145	17	9	0
Pct 7924	VBM	7924	1	806	247	30.65	208	26	13	0
Pct 7925	Election Day	7925	1	570	114	20	92	11	10	0
Pct 7925	VBM	7925	1	570	191	33.51	166	13	12	0
Pct 7926	Election Day	7926	1	768	177	23.05	146	19	12	0
Pct 7926	VBM	7926	1	768	296	38.54	252	25	17	0
Pct 7927	Election Day	7927	1	733	187	25.51	156	19	12	0
Pct 7927	VBM	7927	1	733	289	39.43	265	14	11	0
Pct 7928	Election Day	7928	1	899	253	28.14	217	13	23	0
Pct 7928	VBM	7928	1	899	297	33.04	265	16	17	0
Pct 7929	Election Day	7929	1	840	200	23.81	169	18	13	0
Pct 7929	VBM	7929	1	840	367	43.69	330	23	15	0
Pct 7931	Election Day	7931	1	732	189	25.82	169	9	11	0
Pct 7931	VBM	7931	1	732	317	43.31	281	22	15	0
Pct 7932	Election Day	7932	1	551	112	20.33	92	13	8	0
Pct 7932	VBM	7932	1	551	225	40.83	192	20	12	0
Pct 7933 MB	Election Day	7933	1	8	0	0	0	0	0	0
Pct 7933 MB	VBM	7933	1	8	4	50	4	0	0	0
Pct 7934	Election Day	7934	1	885	195	22.03	163	21	15	0
Pct 7934	VBM	7934	1	885	328	37.06	279	27	20	1
Pct 7935	Election Day	7935	1	938	283	30.17	232	25	25	0
Pct 7935	VBM	7935	1	938	370	39.45	315	26	28	0
Pct 7936	Election Day	7936	1	832	246	29.57	197	23	25	1
Pct 7936	VBM	7936	1	832	326	39.18	280	25	19	0
Pct 7937	Election Day	7937	1	874	223	25.51	187	22	14	0
Pct 7937	VBM	7937	1	874	309	35.35	275	17	18	0
Pct 7938	Election Day	7938	1	774	162	20.93	121	26	15	0
Pct 7938	VBM	7938	1	774	247	31.91	213	24	10	0
Pct 7939	Election Day	7939	1	667	186	27.89	157	15	13	0
Pct 7939	VBM	7939	1	667	230	34.48	203	14	15	0
Pct 7941	Election Day	7941	1	728	167	22.94	139	16	12	0
Pct 7941	VBM	7941	1	728	236	32.42	198	14	23	0
Pct 7942	Election Day	7942	1	893	166	18.59	123	25	17	0
Pct 7942	VBM	7942	1	893	286	32.03	241	21	24	0
Pct 7943	Election Day	7943	1	887	192	21.65	156	28	11	0
Pct 7943	VBM	7943	1	887	319	35.96	262	41	16	0
Pct 7944	Election Day	7944	1	769	201	26.14	180	13	10	0
Pct 7944	VBM	7944	1	769	235	30.56	207	16	13	0
Pct 7945	Election Day	7945	1	897	118	13.15	98	16	6	0
Pct 7945	VBM	7945	1	897	294	32.78	242	30	23	0
Pct 7946	Election Day	7946	1	909	134	14.74	97	22	14	0
Pct 7946	VBM	7946	1	909	348	38.28	258	53	33	0
Pct 7947	Election Day	7947	1	894	128	14.32	82	30	17	0
Pct 7947	VBM	7947	1	894	327	36.58	217	70	42	0
Pct 7948	Election Day	7948	1	900	165	18.33	129	23	13	0
Pct 7948	VBM	7948	1	900	313	34.78	224	55	36	0
Pct 7949	Election Day	7949	1	552	78	14.13	43	20	12	0
Pct 7949	VBM	7949	1	552	224	40.58	167	40	17	0
Pct 7951	Election Day	7951	1	830	97	11.69	72	16	9	0
Pct 7951	VBM	7951	1	830	341	41.08	262	56	26	0
Pct 7952	Election Day	7952	1	823	100	12.15	60	28	12	0
Pct 7952	VBM	7952	1	823	288	34.99	239	39	14	0
Pct 7953	Election Day	7953	1	795	103	12.96	79	18	10	0
Pct 7953	VBM	7953	1	795	294	36.98	209	55	32	0
Pct 7954 MB	Election Day	7954	1	0	0	0	0	0	0	0
Pct 7954 MB	VBM	7954	1	0	0	0	0	0	0	0
Pct 7955	Election Day	7955	1	854	116	13.58	83	21	11	0
Pct 7955	VBM	7955	1	854	320	37.47	236	52	33	0
Pct 7956	Election Day	7956	1	779	101	12.97	69	12	18	0
Pct 7956	VBM	7956	1	779	247	31.71	175	46	20	0
Pct 7957	Election Day	7957	1	623	97	15.57	66	19	11	0
Pct 7957	VBM	7957	1	623	217	34.83	156	40	21	0
Pct 7958 MB	Election Day	7958	1	263	13	4.94	9	3	1	0
Pct 7958 MB	VBM	7958	1	263	104	39.54	83	18	6	0
Pct 7959	Election Day	7959	1	695	110	15.83	91	15	6	0
Pct 7959	VBM	7959	1	695	190	27.34	152	25	11	0
Pct 9001 MB	Election Day	9001	1	257	8	3.11	6	2	1	0
Pct 9001 MB	VBM	9001	1	257	101	39.3	70	20	10	0
Pct 9101	Election Day	9101	1	833	190	22.81	133	33	25	0
Pct 9101	VBM	9101	1	833	323	38.78	254	41	30	0
Pct 9102	Election Day	9102	1	950	182	19.16	136	22	25	0
Pct 9102	VBM	9102	1	950	335	35.26	265	43	26	0
Pct 9103	Election Day	9103	1	924	174	18.83	126	30	18	0
Pct 9103	VBM	9103	1	924	302	32.68	243	39	21	0
Pct 9104	Election Day	9104	1	937	176	18.78	121	30	25	0
Pct 9104	VBM	9104	1	937	332	35.43	256	48	30	0
Pct 9105	Election Day	9105	1	888	191	21.51	145	22	24	0
Pct 9105	VBM	9105	1	888	339	38.18	290	28	22	0
Pct 9106	Election Day	9106	1	907	213	23.48	154	35	23	0
Pct 9106	VBM	9106	1	907	334	36.82	254	42	33	0
Pct 9107	Election Day	9107	1	806	164	20.35	127	22	15	0
Pct 9107	VBM	9107	1	806	246	30.52	195	25	23	0
Pct 9108	Election Day	9108	1	761	185	24.31	145	19	20	0
Pct 9108	VBM	9108	1	761	220	28.91	177	17	26	0
Pct 9109	Election Day	9109	1	848	205	24.17	151	40	15	0
Pct 9109	VBM	9109	1	848	285	33.61	220	39	24	1
Pct 9111	Election Day	9111	1	756	150	19.84	114	26	10	0
Pct 9111	VBM	9111	1	756	226	29.89	176	29	23	0
Pct 9112	Election Day	9112	1	918	211	22.98	172	25	14	0
Pct 9112	VBM	9112	1	918	295	32.14	251	25	20	0
Pct 9113	Election Day	9113	1	959	231	24.09	173	27	30	0
Pct 9113	VBM	9113	1	959	351	36.6	293	29	29	0
Pct 9114	Election Day	9114	1	820	170	20.73	129	21	20	0
Pct 9114	VBM	9114	1	820	273	33.29	215	30	28	0
Pct 9115	Election Day	9115	1	873	172	19.7	130	22	20	0
Pct 9115	VBM	9115	1	873	287	32.88	235	25	27	0
Pct 9116	Election Day	9116	1	903	193	21.37	140	30	21	0
Pct 9116	VBM	9116	1	903	314	34.77	254	34	25	0
Pct 9117	Election Day	9117	1	756	180	23.81	147	19	14	0
Pct 9117	VBM	9117	1	756	285	37.7	230	35	19	0
Pct 9118	Election Day	9118	1	923	184	19.93	140	29	15	0
Pct 9118	VBM	9118	1	923	268	29.04	207	43	20	0
Pct 9119	Election Day	9119	1	856	152	17.76	129	8	18	0
Pct 9119	VBM	9119	1	856	323	37.73	260	43	21	0
Pct 9121	Election Day	9121	1	890	188	21.12	146	25	17	0
Pct 9121	VBM	9121	1	890	274	30.79	204	40	31	0
Pct 9122	Election Day	9122	1	913	131	14.35	100	12	19	0
Pct 9122	VBM	9122	1	913	292	31.98	230	37	27	0
Pct 9123	Election Day	9123	1	829	175	21.11	132	31	12	0
Pct 9123	VBM	9123	1	829	270	32.57	229	20	20	0
Pct 9124	Election Day	9124	1	832	150	18.03	120	17	13	0
Pct 9124	VBM	9124	1	832	290	34.86	212	40	39	0
Pct 9125	Election Day	9125	1	822	159	19.34	128	21	12	0
Pct 9125	VBM	9125	1	822	299	36.37	240	37	27	0
Pct 9126	Election Day	9126	1	945	186	19.68	148	18	20	0
Pct 9126	VBM	9126	1	945	350	37.04	258	51	40	0
Pct 9127	Election Day	9127	1	908	209	23.02	167	18	24	0
Pct 9127	VBM	9127	1	908	315	34.69	249	35	34	0
Pct 9128	Election Day	9128	1	805	188	23.35	148	17	23	0
Pct 9128	VBM	9128	1	805	296	36.77	220	43	35	0
Pct 9129	Election Day	9129	1	713	173	24.26	134	30	9	0
Pct 9129	VBM	9129	1	713	225	31.56	173	27	25	0
Pct 9131	Election Day	9131	1	740	151	20.41	115	20	16	0
Pct 9131	VBM	9131	1	740	274	37.03	231	29	15	0
Pct 9132	Election Day	9132	1	827	167	20.19	123	22	22	0
Pct 9132	VBM	9132	1	827	251	30.35	198	32	22	0
Pct 9133	Election Day	9133	1	1007	188	18.67	153	20	15	0
Pct 9133	VBM	9133	1	1007	388	38.53	303	47	36	1
Pct 9134	Election Day	9134	1	893	132	14.78	107	14	13	0
Pct 9134	VBM	9134	1	893	297	33.26	236	31	26	0
Pct 9135	Election Day	9135	1	778	149	19.15	103	34	12	0
Pct 9135	VBM	9135	1	778	269	34.58	209	37	21	0
Pct 9136	Election Day	9136	1	894	191	21.36	152	24	15	0
Pct 9136	VBM	9136	1	894	289	32.33	229	25	33	0
Pct 9137	Election Day	9137	1	946	201	21.25	161	19	22	0
Pct 9137	VBM	9137	1	946	323	34.14	238	51	32	0
Pct 9138	Election Day	9138	1	892	155	17.38	119	23	13	0
Pct 9138	VBM	9138	1	892	323	36.21	265	35	26	0
Pct 9139	Election Day	9139	1	912	163	17.87	136	15	13	0
Pct 9139	VBM	9139	1	912	356	39.04	273	55	27	0
Pct 9141	Election Day	9141	1	904	168	18.58	130	24	15	0
Pct 9141	VBM	9141	1	904	328	36.28	257	41	31	0
Pct 9142	Election Day	9142	1	921	219	23.78	181	24	13	0
Pct 9142	VBM	9142	1	921	288	31.27	215	42	31	0
Pct 9143	Election Day	9143	1	887	196	22.1	143	27	25	0
Pct 9143	VBM	9143	1	887	315	35.51	248	38	30	0
Pct 9144	Election Day	9144	1	931	221	23.74	175	33	12	0
Pct 9144	VBM	9144	1	931	322	34.59	245	50	29	0
Pct 9145	Election Day	9145	1	837	197	23.54	163	16	17	0
Pct 9145	VBM	9145	1	837	282	33.69	230	33	19	0
Pct 9146	Election Day	9146	1	866	206	23.79	161	25	19	0
Pct 9146	VBM	9146	1	866	297	34.3	238	24	33	0
Pct 9147	Election Day	9147	1	920	227	24.67	183	25	18	0
Pct 9147	VBM	9147	1	920	318	34.57	273	22	27	0
Pct 9148	Election Day	9148	1	946	226	23.89	182	26	19	0
Pct 9148	VBM	9148	1	946	322	34.04	256	36	27	0
Pct 9149	Election Day	9149	1	884	196	22.17	156	18	22	0
Pct 9149	VBM	9149	1	884	296	33.48	242	23	28	0
Pct 9151	Election Day	9151	1	806	152	18.86	118	19	16	0
Pct 9151	VBM	9151	1	806	267	33.13	211	32	25	0
Pct 9152	Election Day	9152	1	712	67	9.41	57	7	2	0
Pct 9152	VBM	9152	1	712	138	19.38	117	7	12	0
Pct 9201	Election Day	9201	1	953	201	21.09	171	17	13	0
Pct 9201	VBM	9201	1	953	229	24.03	183	25	18	0
Pct 9202	Election Day	9202	1	908	184	20.26	140	30	15	0
Pct 9202	VBM	9202	1	908	218	24.01	182	20	16	0
Pct 9203	Election Day	9203	1	968	145	14.98	104	24	17	0
Pct 9203	VBM	9203	1	968	300	30.99	232	34	33	0
Pct 9204	Election Day	9204	1	809	147	18.17	102	23	21	0
Pct 9204	VBM	9204	1	809	223	27.56	183	30	12	0
Pct 9205	Election Day	9205	1	694	113	16.28	81	18	14	0
Pct 9205	VBM	9205	1	694	201	28.96	154	22	24	0
Pct 9206	Election Day	9206	1	887	135	15.22	103	15	19	0
Pct 9206	VBM	9206	1	887	294	33.15	246	24	24	0
Pct 9207	Election Day	9207	1	913	148	16.21	113	22	13	0
Pct 9207	VBM	9207	1	913	249	27.27	207	29	15	0
Pct 9208	Election Day	9208	1	936	147	15.71	108	20	19	0
Pct 9208	VBM	9208	1	936	240	25.64	191	31	20	0
Pct 9209	Election Day	9209	1	675	121	17.93	92	20	10	0
Pct 9209	VBM	9209	1	675	188	27.85	149	22	20	0
Pct 9211	Election Day	9211	1	834	130	15.59	102	16	12	0
Pct 9211	VBM	9211	1	834	212	25.42	165	26	22	0
Pct 9212	Election Day	9212	1	764	121	15.84	84	21	16	0
Pct 9212	VBM	9212	1	764	205	26.83	149	27	29	0
Pct 9213	Election Day	9213	1	890	140	15.73	107	20	13	0
Pct 9213	VBM	9213	1	890	260	29.21	204	33	22	0
Pct 9214	Election Day	9214	1	581	92	15.83	67	10	15	0
Pct 9214	VBM	9214	1	581	203	34.94	159	22	20	0
Pct 9215	Election Day	9215	1	626	130	20.77	93	18	19	0
Pct 9215	VBM	9215	1	626	170	27.16	144	13	11	0
Pct 9216	Election Day	9216	1	798	134	16.79	93	18	23	0
Pct 9216	VBM	9216	1	798	206	25.81	162	24	18	0
Pct 9217	Election Day	9217	1	684	123	17.98	86	23	14	0
Pct 9217	VBM	9217	1	684	187	27.34	139	32	16	0
Pct 9218	Election Day	9218	1	797	119	14.93	85	20	14	0
Pct 9218	VBM	9218	1	797	225	28.23	178	25	23	0
Pct 9219	Election Day	9219	1	733	146	19.92	112	17	17	0
Pct 9219	VBM	9219	1	733	187	25.51	144	20	21	1
Pct 9221	Election Day	9221	1	641	121	18.88	92	19	10	0
Pct 9221	VBM	9221	1	641	278	43.37	213	43	22	0
Pct 9222	Election Day	9222	1	842	139	16.51	118	8	13	0
Pct 9222	VBM	9222	1	842	268	31.83	222	29	16	0
Pct 9223	Election Day	9223	1	606	88	14.52	64	14	8	0
Pct 9223	VBM	9223	1	606	202	33.33	165	12	22	0
Pct 9224	Election Day	9224	1	912	171	18.75	133	26	10	0
Pct 9224	VBM	9224	1	912	308	33.77	246	40	23	0
Pct 9225	Election Day	9225	1	898	161	17.93	132	17	12	0
Pct 9225	VBM	9225	1	898	243	27.06	202	25	16	0
Pct 9226	Election Day	9226	1	905	143	15.8	110	19	15	0
Pct 9226	VBM	9226	1	905	312	34.48	250	33	31	0
Pct 9227	Election Day	9227	1	729	140	19.2	105	19	16	0
Pct 9227	VBM	9227	1	729	304	41.7	247	27	28	0
Pct 9228	Election Day	9228	1	726	175	24.1	137	18	20	0
Pct 9228	VBM	9228	1	726	277	38.15	224	28	24	0
Pct 9229	Election Day	9229	1	596	130	21.81	101	17	13	0
Pct 9229	VBM	9229	1	596	219	36.74	195	13	11	0
Pct 9231	Election Day	9231	1	919	221	24.05	176	23	22	0
Pct 9231	VBM	9231	1	919	294	31.99	241	29	24	0
Pct 9232	Election Day	9232	1	701	151	21.54	118	13	18	0
Pct 9232	VBM	9232	1	701	274	39.09	229	24	21	0
Pct 9233	Election Day	9233	1	774	139	17.96	94	22	23	0
Pct 9233	VBM	9233	1	774	308	39.79	228	42	38	0
Pct 9234	Election Day	9234	1	731	131	17.92	95	17	20	0
Pct 9234	VBM	9234	1	731	281	38.44	215	34	33	0
Pct 9235	Election Day	9235	1	842	174	20.67	132	11	30	0
Pct 9235	VBM	9235	1	842	298	35.39	235	32	30	1
Pct 9236	Election Day	9236	1	658	130	19.76	92	19	19	0
Pct 9236	VBM	9236	1	658	207	31.46	165	18	24	0
Pct 9237	Election Day	9237	1	880	145	16.48	104	24	17	0
Pct 9237	VBM	9237	1	880	331	37.61	267	36	29	0
Pct 9238	Election Day	9238	1	792	130	16.41	99	9	24	0
Pct 9238	VBM	9238	1	792	271	34.22	225	21	25	1
Pct 9239	Election Day	9239	1	835	117	14.01	89	14	14	0
Pct 9239	VBM	9239	1	835	318	38.08	271	25	26	0
Pct 9241	Election Day	9241	1	961	158	16.44	131	13	13	0
Pct 9241	VBM	9241	1	961	322	33.51	267	32	20	0
Pct 9242	Election Day	9242	1	940	154	16.38	107	26	20	0
Pct 9242	VBM	9242	1	940	300	31.91	244	27	29	0
Pct 9243	Election Day	9243	1	572	135	23.6	109	11	15	0
Pct 9243	VBM	9243	1	572	188	32.87	160	13	13	0
Pct 9244	Election Day	9244	1	880	149	16.93	121	10	17	0
Pct 9244	VBM	9244	1	880	269	30.57	215	26	30	0
Pct 9245	Election Day	9245	1	706	128	18.13	99	16	13	0
Pct 9245	VBM	9245	1	706	226	32.01	181	23	20	0
Pct 9246	Election Day	9246	1	910	139	15.27	109	22	8	0
Pct 9246	VBM	9246	1	910	299	32.86	229	39	31	0
Pct 9247	Election Day	9247	1	936	151	16.13	116	24	12	0
Pct 9247	VBM	9247	1	936	303	32.37	241	40	20	1
Pct 9248	Election Day	9248	1	898	181	20.16	145	17	19	0
Pct 9248	VBM	9248	1	898	282	31.4	224	27	31	0
Pct 9249	Election Day	9249	1	910	187	20.55	122	32	32	0
Pct 9249	VBM	9249	1	910	314	34.51	262	30	22	0
Pct 9251	Election Day	9251	1	946	204	21.56	161	24	20	0
Pct 9251	VBM	9251	1	946	342	36.15	283	32	27	0
Pct 9252	Election Day	9252	1	913	140	15.33	111	16	14	0
Pct 9252	VBM	9252	1	913	352	38.55	275	48	27	0
Pct 9253	Election Day	9253	1	751	138	18.38	99	15	22	0
Pct 9253	VBM	9253	1	751	272	36.22	207	36	30	0
Pct 9254	Election Day	9254	1	889	168	18.9	127	17	24	0
Pct 9254	VBM	9254	1	889	318	35.77	265	35	19	0
Pct 9255	Election Day	9255	1	545	126	23.12	98	13	15	0
Pct 9255	VBM	9255	1	545	128	23.49	114	9	4	0
Pct 9256	Election Day	9256	1	433	77	17.78	65	5	7	0
Pct 9256	VBM	9256	1	433	103	23.79	89	8	8	0
Pct 9257 MB	Election Day	9257	1	312	9	2.88	7	1	1	0
Pct 9257 MB	VBM	9257	1	312	150	48.08	125	17	8	0
Pct 9258	Election Day	9258	1	699	127	18.17	103	14	10	0
Pct 9258	VBM	9258	1	699	244	34.91	202	25	16	0
Pct 9401	Election Day	9401	1	970	194	20	157	19	18	0
Pct 9401	VBM	9401	1	970	293	30.21	241	27	26	0
Pct 9402	Election Day	9402	1	931	197	21.16	158	20	19	0
Pct 9402	VBM	9402	1	931	307	32.98	252	32	23	0
Pct 9403	Election Day	9403	1	853	167	19.58	123	25	20	0
Pct 9403	VBM	9403	1	853	286	33.53	230	30	24	0
Pct 9404	Election Day	9404	1	889	153	17.21	127	12	14	0
Pct 9404	VBM	9404	1	889	320	36	254	34	32	0
Pct 9405	Election Day	9405	1	757	160	21.14	113	29	19	0
Pct 9405	VBM	9405	1	757	245	32.36	195	26	24	0
Pct 9406	Election Day	9406	1	815	179	21.96	131	36	12	0
Pct 9406	VBM	9406	1	815	277	33.99	222	29	24	0
Pct 9407	Election Day	9407	1	861	191	22.18	144	22	25	0
Pct 9407	VBM	9407	1	861	284	32.98	238	21	27	0
Pct 9408	Election Day	9408	1	837	187	22.34	143	22	21	0
Pct 9408	VBM	9408	1	837	246	29.39	202	26	22	0
Pct 9409	Election Day	9409	1	565	140	24.78	112	15	13	0
Pct 9409	VBM	9409	1	565	170	30.09	129	18	23	0
Pct 9411	Election Day	9411	1	936	175	18.7	137	19	20	0
Pct 9411	VBM	9411	1	936	261	27.88	218	24	18	0
Pct 9412	Election Day	9412	1	843	164	19.45	134	24	6	0
Pct 9412	VBM	9412	1	843	285	33.81	213	46	27	0
Pct 9413	Election Day	9413	1	858	172	20.05	127	27	19	0
Pct 9413	VBM	9413	1	858	310	36.13	218	45	45	1
Pct 9414	Election Day	9414	1	862	159	18.45	107	27	24	0
Pct 9414	VBM	9414	1	862	307	35.61	238	45	26	0
Pct 9415	Election Day	9415	1	755	121	16.03	92	21	11	0
Pct 9415	VBM	9415	1	755	284	37.62	216	37	34	0
Pct 9416	Election Day	9416	1	962	198	20.58	164	18	16	0
Pct 9416	VBM	9416	1	962	316	32.85	241	36	40	1
Pct 9417	Election Day	9417	1	714	117	16.39	84	21	11	0
Pct 9417	VBM	9417	1	714	286	40.06	206	47	36	0
Pct 9418	Election Day	9418	1	753	157	20.85	112	20	25	0
Pct 9418	VBM	9418	1	753	269	35.72	204	39	29	0
Pct 9419	Election Day	9419	1	893	167	18.7	130	15	23	0
Pct 9419	VBM	9419	1	893	326	36.51	261	38	25	0
Pct 9421	Election Day	9421	1	878	150	17.08	106	22	23	0
Pct 9421	VBM	9421	1	878	316	35.99	245	44	28	0
Pct 9422	Election Day	9422	1	1010	200	19.8	146	34	19	0
Pct 9422	VBM	9422	1	1010	358	35.45	287	42	30	0
Pct 9423	Election Day	9423	1	853	147	17.23	114	20	13	0
Pct 9423	VBM	9423	1	853	292	34.23	221	38	36	0
Pct 9424	Election Day	9424	1	910	146	16.04	103	23	19	0
Pct 9424	VBM	9424	1	910	331	36.37	268	41	22	0
Pct 9425	Election Day	9425	1	903	136	15.06	98	18	18	0
Pct 9425	VBM	9425	1	903	313	34.66	236	41	35	1
Pct 9426	Election Day	9426	1	801	143	17.85	96	33	15	0
Pct 9426	VBM	9426	1	801	283	35.33	221	30	25	0
Pct 9427	Election Day	9427	1	889	129	14.51	97	19	13	0
Pct 9427	VBM	9427	1	889	333	37.46	254	54	24	0
Pct 9428	Election Day	9428	1	892	122	13.68	91	19	13	0
Pct 9428	VBM	9428	1	892	346	38.79	267	47	34	0
Pct 9429	Election Day	9429	1	866	173	19.98	120	34	19	0
Pct 9429	VBM	9429	1	866	308	35.57	240	49	20	0
Pct 9431	Election Day	9431	1	954	152	15.93	121	17	15	0
Pct 9431	VBM	9431	1	954	352	36.9	244	70	37	0
Pct 9432	Election Day	9432	1	901	155	17.2	120	16	19	0
Pct 9432	VBM	9432	1	901	307	34.07	217	50	39	0
Pct 9433	Election Day	9433	1	912	155	17	103	31	21	0
Pct 9433	VBM	9433	1	912	317	34.76	226	60	31	0
Pct 9434	Election Day	9434	1	963	188	19.52	139	23	27	0
Pct 9434	VBM	9434	1	963	349	36.24	261	53	38	0
Pct 9435	Election Day	9435	1	934	195	20.88	149	30	16	0
Pct 9435	VBM	9435	1	934	320	34.26	243	32	49	0
Pct 9436	Election Day	9436	1	941	161	17.11	114	24	23	0
Pct 9436	VBM	9436	1	941	337	35.81	251	52	38	0
Pct 9437	Election Day	9437	1	873	170	19.47	125	25	20	0
Pct 9437	VBM	9437	1	873	324	37.11	235	57	31	0
Pct 9438	Election Day	9438	1	918	129	14.05	99	16	13	0
Pct 9438	VBM	9438	1	918	336	36.6	237	63	37	0
Pct 9439	Election Day	9439	1	827	126	15.24	101	17	8	0
Pct 9439	VBM	9439	1	827	314	37.97	239	42	35	0
Pct 9441	Election Day	9441	1	939	205	21.83	158	21	27	0
Pct 9441	VBM	9441	1	939	337	35.89	259	46	33	0
Pct 9442	Election Day	9442	1	970	200	20.62	161	24	13	0
Pct 9442	VBM	9442	1	970	325	33.51	245	49	32	1
Pct 9443	Election Day	9443	1	886	138	15.58	90	31	17	0
Pct 9443	VBM	9443	1	886	304	34.31	232	46	26	0
Pct 9444	Election Day	9444	1	901	118	13.1	91	17	13	0
Pct 9444	VBM	9444	1	901	312	34.63	231	54	28	0
Pct 9445	Election Day	9445	1	945	154	16.3	121	24	9	0
Pct 9445	VBM	9445	1	945	342	36.19	248	56	39	0
Pct 9446	Election Day	9446	1	1043	164	15.72	115	29	19	0
Pct 9446	VBM	9446	1	1043	417	39.98	315	65	36	0
Pct 9447	Election Day	9447	1	891	171	19.19	117	34	19	0
Pct 9447	VBM	9447	1	891	327	36.7	238	53	36	0
Pct 9448	Election Day	9448	1	877	159	18.13	124	20	15	0
Pct 9448	VBM	9448	1	877	307	35.01	236	40	35	0
Pct 9449	Election Day	9449	1	784	97	12.37	72	16	10	0
Pct 9449	VBM	9449	1	784	302	38.52	213	56	33	0
Pct 9451	Election Day	9451	1	414	57	13.77	40	10	7	0
Pct 9451	VBM	9451	1	414	154	37.2	112	28	10	0
Pct 9452	Election Day	9452	1	799	175	21.9	130	31	14	0
Pct 9452	VBM	9452	1	799	281	35.17	205	44	32	0
Pct 9453	Election Day	9453	1	488	90	18.44	68	13	8	1
Pct 9453	VBM	9453	1	488	175	35.86	141	18	16	0
Pct 9501 MB	Election Day	9501	1	149	5	3.36	4	1	0	0
Pct 9501 MB	VBM	9501	1	149	71	47.65	56	10	7	0
Pct 9502 MB	Election Day	9502	1	233	10	4.29	6	1	3	0
Pct 9502 MB	VBM	9502	1	233	116	49.79	102	10	5	0
Pct 9503/9504	Election Day	9503	1	725	128	17.66	84	25	19	0
Pct 9503/9504	VBM	9503	1	725	184	25.38	143	20	19	0
Pct 9505	Election Day	9505	1	756	147	19.44	101	20	26	0
Pct 9505	VBM	9505	1	756	274	36.24	213	33	28	0
Pct 9506	Election Day	9506	1	771	134	17.38	98	21	15	0
Pct 9506	VBM	9506	1	771	217	28.15	171	28	16	0
Pct 9507	Election Day	9507	1	733	170	23.19	140	13	17	0
Pct 9507	VBM	9507	1	733	218	29.74	185	17	17	0
Pct 9508	Election Day	9508	1	784	180	22.96	147	18	15	0
Pct 9508	VBM	9508	1	784	258	32.91	226	16	17	0
Pct 9509	Election Day	9509	1	719	165	22.95	132	15	19	0
Pct 9509	VBM	9509	1	719	239	33.24	195	23	22	0
Pct 9511	Election Day	9511	1	600	147	24.5	120	15	14	0
Pct 9511	VBM	9511	1	600	177	29.5	146	15	16	0
Pct 9512	Election Day	9512	1	771	161	20.88	128	21	13	0
Pct 9512	VBM	9512	1	771	251	32.56	220	23	12	0
Pct 9513	Election Day	9513	1	864	200	23.15	151	20	28	0
Pct 9513	VBM	9513	1	864	261	30.21	219	24	15	0
Pct 9514/9522	Election Day	9514	1	869	229	26.35	190	21	17	0
Pct 9514/9522	VBM	9514	1	869	257	29.57	224	13	21	0
Pct 9515	Election Day	9515	1	685	159	23.21	131	19	9	0
Pct 9515	VBM	9515	1	685	243	35.47	207	21	17	0
Pct 9516	Election Day	9516	1	864	206	23.84	153	28	25	0
Pct 9516	VBM	9516	1	864	269	31.13	216	34	18	0
Pct 9517	Election Day	9517	1	768	197	25.65	153	20	24	0
Pct 9517	VBM	9517	1	768	235	30.6	195	21	18	0
Pct 9518	Election Day	9518	1	783	180	22.99	156	15	9	0
Pct 9518	VBM	9518	1	783	242	30.91	208	21	14	0
Pct 9519	Election Day	9519	1	850	217	25.53	166	21	30	0
Pct 9519	VBM	9519	1	850	294	34.59	244	23	27	0
Pct 9521	Election Day	9521	1	893	254	28.44	209	22	23	0
Pct 9521	VBM	9521	1	893	290	32.47	266	11	15	0
Pct 9701	Election Day	9701	1	665	156	23.46	126	18	12	0
Pct 9701	VBM	9701	1	665	235	35.34	181	27	28	0
Pct 9702	Election Day	9702	1	710	194	27.32	168	11	15	0
Pct 9702	VBM	9702	1	710	231	32.54	188	20	22	0
Pct 9703	Election Day	9703	1	931	182	19.55	143	26	14	0
Pct 9703	VBM	9703	1	931	373	40.06	292	50	28	0
Pct 9704	Election Day	9704	1	942	191	20.28	166	16	8	0
Pct 9704	VBM	9704	1	942	354	37.58	279	33	43	0
Pct 9705	Election Day	9705	1	879	208	23.66	174	20	14	0
Pct 9705	VBM	9705	1	879	309	35.15	261	28	21	0
Pct 9706 MB	Election Day	9706	1	51	2	3.92	2	0	0	0
Pct 9706 MB	VBM	9706	1	51	32	62.75	25	4	3	0
Pct 9707	Election Day	9707	1	799	121	15.14	94	19	8	0
Pct 9707	VBM	9707	1	799	355	44.43	282	32	38	3
Pct 9708	Election Day	9708	1	919	193	21	152	21	19	0
Pct 9708	VBM	9708	1	919	324	35.26	256	34	28	0
Pct 9709	Election Day	9709	1	998	196	19.64	145	26	25	0
Pct 9709	VBM	9709	1	998	355	35.57	289	35	34	0
Pct 9711	Election Day	9711	1	625	167	26.72	118	29	20	0
Pct 9711	VBM	9711	1	625	254	40.64	209	33	13	0
Pct 9712	Election Day	9712	1	651	134	20.58	113	16	6	0
Pct 9712	VBM	9712	1	651	288	44.24	230	35	22	0
Pct 9713	Election Day	9713	1	930	161	17.31	100	32	22	1
Pct 9713	VBM	9713	1	930	362	38.92	267	60	35	0
Pct 9714	Election Day	9714	1	911	154	16.9	113	24	17	0
Pct 9714	VBM	9714	1	911	367	40.29	293	42	33	0
Pct 9715	Election Day	9715	1	566	162	28.62	139	10	13	0
Pct 9715	VBM	9715	1	566	218	38.52	170	25	19	0
Pct 9716	Election Day	9716	1	928	198	21.34	151	33	15	0
Pct 9716	VBM	9716	1	928	368	39.66	287	46	30	0
Pct 9717	Election Day	9717	1	967	206	21.3	157	28	21	0
Pct 9717	VBM	9717	1	967	371	38.37	292	48	33	0
Pct 9718	Election Day	9718	1	843	183	21.71	145	27	12	0
Pct 9718	VBM	9718	1	843	385	45.67	299	51	33	0
Pct 9719	Election Day	9719	1	863	186	21.55	141	25	19	0
Pct 9719	VBM	9719	1	863	389	45.08	302	52	33	0
Pct 9721	Election Day	9721	1	653	182	27.87	135	29	19	0
Pct 9721	VBM	9721	1	653	250	38.28	205	26	20	0
Pct 9722	Election Day	9722	1	593	86	14.5	68	12	7	0
Pct 9722	VBM	9722	1	593	269	45.36	215	31	26	0
Pct 9723	Election Day	9723	1	458	74	16.16	52	9	13	0
Pct 9723	VBM	9723	1	458	198	43.23	147	33	16	1
Pct 9724	Election Day	9724	1	950	144	15.16	104	30	10	0
Pct 9724	VBM	9724	1	950	386	40.63	280	67	43	0
Pct 9725	Election Day	9725	1	941	118	12.54	77	27	16	0
Pct 9725	VBM	9725	1	941	350	37.19	246	70	37	0
Pct 9726	Election Day	9726	1	685	83	12.12	64	9	10	0
Pct 9726	VBM	9726	1	685	137	20	108	23	11	0
Pct 9727	Election Day	9727	1	435	60	13.79	43	12	6	0
Pct 9727	VBM	9727	1	435	205	47.13	164	19	19	0
Pct 9728	Election Day	9728	1	906	204	22.52	161	28	17	0
Pct 9728	VBM	9728	1	906	378	41.72	290	64	24	1
Pct 9729	Election Day	9729	1	782	161	20.59	129	22	9	0
Pct 9729	VBM	9729	1	782	304	38.87	241	41	21	0
Pct 9731	Election Day	9731	1	529	138	26.09	106	24	8	0
Pct 9731	VBM	9731	1	529	189	35.73	153	27	9	0
Pct 9732 MB	Election Day	9732	1	73	3	4.11	1	2	0	0
Pct 9732 MB	VBM	9732	1	73	43	58.9	38	2	3	0
Pct 9733 MB	Election Day	9733	1	224	4	1.79	4	0	0	0
Pct 9733 MB	VBM	9733	1	224	146	65.18	122	16	8	0
Pct 9734	Election Day	9734	1	577	122	21.14	97	17	9	0
Pct 9734	VBM	9734	1	577	261	45.23	217	31	15	0
Pct 9735	Election Day	9735	1	782	167	21.36	118	26	22	0
Pct 9735	VBM	9735	1	782	344	43.99	278	35	25	0
Pct 9736	Election Day	9736	1	699	145	20.74	106	23	16	0
Pct 9736	VBM	9736	1	699	305	43.63	253	29	18	0
Pct 9737	Election Day	9737	1	792	175	22.1	148	15	12	0
Pct 9737	VBM	9737	1	792	343	43.31	277	39	27	0
Pct 9738	Election Day	9738	1	830	99	11.93	73	12	14	0
Pct 9738	VBM	9738	1	830	263	31.69	199	38	25	0
Pct 9739	Election Day	9739	1	826	126	15.25	101	13	12	0
Pct 9739	VBM	9739	1	826	193	23.37	155	22	18	0
Pct 9741	Election Day	9741	1	1022	19	1.86	15	2	2	0
Pct 9741	VBM	9741	1	1022	24	2.35	22	0	2	0
Pct 9742	Election Day	9742	1	647	134	20.71	100	21	13	0
Pct 9742	VBM	9742	1	647	187	28.9	133	31	20	0
Pct 9743	Election Day	9743	1	1093	172	15.74	116	35	21	0
Pct 9743	VBM	9743	1	1093	317	29	239	46	30	1
Pct 9744	Election Day	9744	1	902	141	15.63	99	24	17	0
Pct 9744	VBM	9744	1	902	234	25.94	164	42	26	0
Pct 9745	Election Day	9745	1	934	141	15.1	99	25	17	0
Pct 9745	VBM	9745	1	934	205	21.95	155	26	22	0
Pct 9746	Election Day	9746	1	867	192	22.15	134	37	21	0
Pct 9746	VBM	9746	1	867	334	38.52	266	44	24	0
Pct 9747	Election Day	9747	1	940	198	21.06	151	28	19	0
Pct 9747	VBM	9747	1	940	323	34.36	261	30	32	1
Pct 9748	Election Day	9748	1	913	164	17.96	129	24	10	0
Pct 9748	VBM	9748	1	913	342	37.46	280	37	28	0
Pct 9749	Election Day	9749	1	893	143	16.01	104	23	18	0
Pct 9749	VBM	9749	1	893	266	29.79	188	51	23	0
Pct 9751	Election Day	9751	1	977	157	16.07	112	27	19	0
Pct 9751	VBM	9751	1	977	384	39.3	295	58	33	0
Pct 9752	Election Day	9752	1	692	143	20.66	111	17	15	0
Pct 9752	VBM	9752	1	692	305	44.08	244	38	23	0
Pct 9753	Election Day	9753	1	735	148	20.14	119	19	11	0
Pct 9753	VBM	9753	1	735	266	36.19	222	30	15	0
Pct 9754	Election Day	9754	1	701	169	24.11	147	13	9	0
Pct 9754	VBM	9754	1	701	296	42.23	241	29	28	0
Pct 9755	Election Day	9755	1	553	120	21.7	98	16	7	0
Pct 9755	VBM	9755	1	553	201	36.35	160	27	13	0
Pct 9756	Election Day	9756	1	908	126	13.88	79	23	24	0
Pct 9756	VBM	9756	1	908	297	32.71	227	46	20	0
Pct 9801	Election Day	9801	1	399	76	19.05	56	14	7	0
Pct 9801	VBM	9801	1	399	148	37.09	114	21	11	0
Pct 9900 MB	Election Day	9900	1	0	0	0	0	0	0	0
Pct 9900 MB	VBM	9900	1	0	0	0	0	0	0	0
Pct 9901 MB	Election Day	9901	1	0	0	0	0	0	0	0
Pct 9901 MB	VBM	9901	1	0	0	0	0	0	0	0
Pct 9902 MB	Election Day	9902	1	0	0	0	0	0	0	0
Pct 9902 MB	VBM	9902	1	0	0	0	0	0	0	0
