PrecinctName	ReportingType	PrecinctID	Precincts	Registration	Ballots Cast	Turnout (%)	VIVEK VISWANATHAN	JACK M. GUERRERO	KEVIN AKIN	GREG CONLON	FIONA MA	WRITE-IN	Under Vote	Over Vote
Pct 1101	Election Day	1101	1	544	83	15.26	10	4	6	6	45	0	12	0
Pct 1101	VBM	1101	1	544	198	36.4	22	11	7	18	118	0	21	1
Pct 1102	Election Day	1102	1	964	188	19.5	13	8	25	7	108	0	26	1
Pct 1102	VBM	1102	1	964	337	34.96	39	23	21	29	183	0	41	1
Pct 1103	Election Day	1103	1	914	163	17.83	11	10	18	5	100	1	18	0
Pct 1103	VBM	1103	1	914	348	38.07	37	30	20	28	196	0	36	1
Pct 1104/1105	Election Day	1104	1	953	167	17.52	9	8	22	16	91	0	21	0
Pct 1104/1105	VBM	1104	1	953	292	30.64	22	19	23	18	164	1	44	1
Pct 1106	Election Day	1106	1	740	113	15.27	11	5	6	8	65	0	18	0
Pct 1106	VBM	1106	1	740	231	31.22	16	27	14	21	132	1	20	0
Pct 1107	Election Day	1107	1	721	101	14.01	4	3	7	5	70	0	12	0
Pct 1107	VBM	1107	1	721	240	33.29	17	23	15	15	132	2	36	0
Pct 1108	Election Day	1108	1	882	156	17.69	14	4	12	6	90	2	27	1
Pct 1108	VBM	1108	1	882	328	37.19	28	18	19	18	214	0	31	0
Pct 1109	Election Day	1109	1	758	124	16.36	13	4	16	5	73	0	13	0
Pct 1109	VBM	1109	1	758	265	34.96	24	26	17	16	149	0	33	0
Pct 1111	Election Day	1111	1	938	132	14.07	13	6	19	3	69	0	22	0
Pct 1111	VBM	1111	1	938	330	35.18	31	30	13	22	186	1	47	0
Pct 1112	Election Day	1112	1	702	96	13.68	7	7	7	4	52	1	18	0
Pct 1112	VBM	1112	1	702	221	31.48	23	16	9	10	128	1	33	1
Pct 1113	Election Day	1113	1	701	82	11.7	3	1	10	6	51	1	10	0
Pct 1113	VBM	1113	1	701	272	38.8	15	25	28	29	136	1	37	1
Pct 1114	Election Day	1114	1	915	139	15.19	12	3	19	14	68	1	22	0
Pct 1114	VBM	1114	1	915	280	30.6	30	18	28	28	141	1	34	0
Pct 1115	Election Day	1115	1	835	97	11.62	8	5	12	5	59	1	7	0
Pct 1115	VBM	1115	1	835	279	33.41	15	24	25	22	144	0	48	1
Pct 1116	Election Day	1116	1	842	141	16.75	10	8	12	6	80	0	25	0
Pct 1116	VBM	1116	1	842	275	32.66	24	22	19	14	155	1	38	2
Pct 1117	Election Day	1117	1	827	138	16.69	17	7	10	4	74	0	26	0
Pct 1117	VBM	1117	1	827	240	29.02	22	24	14	11	136	1	31	1
Pct 1118	Election Day	1118	1	974	158	16.22	11	10	21	3	96	2	14	1
Pct 1118	VBM	1118	1	974	335	34.39	27	21	25	20	197	1	41	3
Pct 1119	Election Day	1119	1	745	97	13.02	9	4	14	4	52	2	12	0
Pct 1119	VBM	1119	1	745	274	36.78	19	27	10	17	176	1	24	0
Pct 1121	Election Day	1121	1	653	104	15.93	7	7	4	9	57	0	20	0
Pct 1121	VBM	1121	1	653	221	33.84	9	19	14	15	137	0	27	0
Pct 1122	Election Day	1122	1	607	69	11.37	8	3	3	5	40	1	9	0
Pct 1122	VBM	1122	1	607	213	35.09	13	22	18	17	102	0	41	0
Pct 1123	Election Day	1123	1	876	118	13.47	11	5	8	3	70	1	20	0
Pct 1123	VBM	1123	1	876	254	29	12	31	10	22	155	3	21	0
Pct 1124	Election Day	1124	1	773	109	14.1	7	8	7	3	55	1	27	1
Pct 1124	VBM	1124	1	773	200	25.87	16	17	14	13	124	0	16	0
Pct 1125	Election Day	1125	1	987	80	8.11	10	4	10	3	36	1	16	0
Pct 1125	VBM	1125	1	987	329	33.33	39	42	13	33	168	1	33	0
Pct 1126	Election Day	1126	1	900	92	10.22	8	4	7	3	56	1	13	0
Pct 1126	VBM	1126	1	900	292	32.44	27	36	10	21	164	3	31	0
Pct 1127	Election Day	1127	1	875	141	16.11	9	6	14	7	76	2	27	0
Pct 1127	VBM	1127	1	875	277	31.66	24	29	13	30	143	0	37	1
Pct 1128	Election Day	1128	1	813	104	12.79	12	11	9	4	54	0	14	0
Pct 1128	VBM	1128	1	813	246	30.26	23	28	9	33	132	0	20	1
Pct 1129	Election Day	1129	1	924	120	12.99	12	6	10	11	68	1	12	0
Pct 1129	VBM	1129	1	924	274	29.65	19	36	13	19	156	2	28	1
Pct 1131	Election Day	1131	1	783	85	10.86	5	13	7	5	45	0	10	0
Pct 1131	VBM	1131	1	783	288	36.78	34	32	6	21	162	0	32	1
Pct 1132	Election Day	1132	1	910	112	12.31	7	8	10	2	66	1	18	0
Pct 1132	VBM	1132	1	910	324	35.6	21	28	21	34	167	0	52	1
Pct 1133	Election Day	1133	1	826	99	11.99	9	7	4	7	59	1	12	0
Pct 1133	VBM	1133	1	826	292	35.35	27	35	6	16	165	4	38	1
Pct 1134	Election Day	1134	1	727	126	17.33	7	10	13	2	76	1	17	0
Pct 1134	VBM	1134	1	727	241	33.15	21	19	10	23	129	1	38	0
Pct 1135	Election Day	1135	1	511	71	13.89	7	5	2	2	42	0	13	0
Pct 1135	VBM	1135	1	511	217	42.47	17	17	18	16	122	0	26	1
Pct 1136	Election Day	1136	1	807	97	12.02	5	6	9	4	59	2	12	0
Pct 1136	VBM	1136	1	807	287	35.56	25	24	8	26	161	0	42	1
Pct 1141	Election Day	1141	1	998	149	14.93	13	14	15	7	82	0	18	0
Pct 1141	VBM	1141	1	998	368	36.87	34	39	25	17	220	1	31	1
Pct 1142	Election Day	1142	1	822	120	14.6	14	8	9	3	71	1	14	0
Pct 1142	VBM	1142	1	822	266	32.36	18	31	31	14	136	0	36	0
Pct 1143	Election Day	1143	1	989	147	14.86	13	11	17	3	83	1	19	0
Pct 1143	VBM	1143	1	989	311	31.45	19	42	28	23	143	2	53	1
Pct 1144	Election Day	1144	1	870	148	17.01	15	6	17	8	82	0	19	1
Pct 1144	VBM	1144	1	870	264	30.34	27	41	28	16	122	2	28	0
Pct 1145	Election Day	1145	1	879	136	15.47	11	14	11	1	81	1	17	0
Pct 1145	VBM	1145	1	879	370	42.09	39	27	28	9	229	0	38	0
Pct 1146	Election Day	1146	1	971	124	12.77	8	11	25	2	60	1	17	0
Pct 1146	VBM	1146	1	971	326	33.57	29	33	18	13	200	0	32	1
Pct 1147	Election Day	1147	1	853	166	19.46	11	13	19	3	90	1	29	0
Pct 1147	VBM	1147	1	853	279	32.71	25	28	34	10	143	0	39	0
Pct 1148	Election Day	1148	1	918	121	13.18	10	18	10	3	61	1	18	0
Pct 1148	VBM	1148	1	918	314	34.2	28	32	17	16	183	0	37	1
Pct 1149	Election Day	1149	1	873	148	16.95	12	12	19	8	80	0	17	0
Pct 1149	VBM	1149	1	873	285	32.65	19	33	19	15	173	0	25	1
Pct 1151 MB	Election Day	1151	1	0	0	0	0	0	0	0	0	0	0	0
Pct 1151 MB	VBM	1151	1	0	0	0	0	0	0	0	0	0	0	0
Pct 1152	Election Day	1152	1	838	125	14.92	11	12	21	9	51	1	20	0
Pct 1152	VBM	1152	1	838	286	34.13	15	37	27	20	157	1	29	0
Pct 1153	Election Day	1153	1	909	139	15.29	13	9	5	11	75	0	25	1
Pct 1153	VBM	1153	1	909	306	33.66	26	34	12	24	177	0	32	1
Pct 1154 MB	Election Day	1154	1	0	0	0	0	0	0	0	0	0	0	0
Pct 1154 MB	VBM	1154	1	0	0	0	0	0	0	0	0	0	0	0
Pct 7001	Election Day	7001	1	735	119	16.19	20	3	20	0	56	1	19	0
Pct 7001	VBM	7001	1	735	266	36.19	53	5	27	4	133	1	43	0
Pct 7002	Election Day	7002	1	641	132	20.59	13	2	13	4	83	0	17	0
Pct 7002	VBM	7002	1	641	173	26.99	33	10	19	12	88	1	10	0
Pct 7003	Election Day	7003	1	864	188	21.76	23	4	22	3	105	1	29	1
Pct 7003	VBM	7003	1	864	340	39.35	45	15	31	17	194	0	38	0
Pct 7004	Election Day	7004	1	835	175	20.96	22	6	6	8	107	0	26	0
Pct 7004	VBM	7004	1	835	306	36.65	47	27	23	6	165	0	38	0
Pct 7005	Election Day	7005	1	812	180	22.17	27	2	17	4	104	0	26	0
Pct 7005	VBM	7005	1	812	295	36.33	39	10	22	14	183	2	25	0
Pct 7006	Election Day	7006	1	884	213	24.1	25	6	48	7	89	1	37	0
Pct 7006	VBM	7006	1	884	290	32.81	31	11	45	11	155	0	36	1
Pct 7007	Election Day	7007	1	916	233	25.44	26	6	28	5	142	0	26	0
Pct 7007	VBM	7007	1	916	323	35.26	45	13	22	6	190	1	45	1
Pct 7008	Election Day	7008	1	861	187	21.72	24	8	18	7	100	0	30	0
Pct 7008	VBM	7008	1	861	345	40.07	38	18	21	11	218	0	39	0
Pct 7009	Election Day	7009	1	864	133	15.39	19	7	20	3	64	0	20	0
Pct 7009	VBM	7009	1	864	312	36.11	34	15	34	8	183	1	37	0
Pct 7011	Election Day	7011	1	976	141	14.45	11	2	13	3	91	0	21	0
Pct 7011	VBM	7011	1	976	205	21	26	9	15	3	116	0	36	0
Pct 7012	Election Day	7012	1	1061	224	21.11	29	16	22	9	115	0	33	0
Pct 7012	VBM	7012	1	1061	383	36.1	59	32	31	6	199	0	56	0
Pct 7013	Election Day	7013	1	805	132	16.4	12	9	19	2	75	0	14	1
Pct 7013	VBM	7013	1	805	251	31.18	42	13	20	7	141	1	27	0
Pct 7014	Election Day	7014	1	1213	188	15.5	23	10	26	4	108	0	17	0
Pct 7014	VBM	7014	1	1213	434	35.78	80	23	36	11	250	0	34	0
Pct 7015 MB	Election Day	7015	1	93	0	0	0	0	0	0	0	0	0	0
Pct 7015 MB	VBM	7015	1	93	34	36.56	5	0	3	1	22	0	3	0
Pct 7016	Election Day	7016	1	891	112	12.57	10	12	12	1	49	0	28	0
Pct 7016	VBM	7016	1	891	221	24.8	24	12	9	4	131	0	41	0
Pct 7017	Election Day	7017	1	734	79	10.76	6	3	5	0	41	0	23	1
Pct 7017	VBM	7017	1	734	167	22.75	17	6	9	4	104	1	26	0
Pct 7018	Election Day	7018	1	908	88	9.69	6	5	8	3	48	0	18	0
Pct 7018	VBM	7018	1	908	343	37.78	24	35	20	13	186	0	63	2
Pct 7019	Election Day	7019	1	864	111	12.85	12	3	6	3	65	1	21	0
Pct 7019	VBM	7019	1	864	349	40.39	28	37	21	13	220	1	29	0
Pct 7021	Election Day	7021	1	927	129	13.92	14	4	17	4	68	0	22	0
Pct 7021	VBM	7021	1	927	220	23.73	17	14	22	7	135	0	25	0
Pct 7022	Election Day	7022	1	923	164	17.77	13	5	15	3	110	0	17	1
Pct 7022	VBM	7022	1	923	270	29.25	24	23	19	8	163	1	32	0
Pct 7023	Election Day	7023	1	906	131	14.46	7	5	9	4	82	1	22	1
Pct 7023	VBM	7023	1	906	301	33.22	12	16	22	6	202	1	42	0
Pct 7024	Election Day	7024	1	386	30	7.77	3	1	1	0	13	0	12	0
Pct 7024	VBM	7024	1	386	47	12.18	4	3	5	4	27	0	4	0
Pct 7025	Election Day	7025	1	448	66	14.73	7	1	10	3	36	0	9	0
Pct 7025	VBM	7025	1	448	78	17.41	6	3	10	2	46	0	11	0
Pct 7026	Election Day	7026	1	971	90	9.27	7	6	5	2	56	0	14	0
Pct 7026	VBM	7026	1	971	350	36.05	37	41	7	17	201	0	47	0
Pct 7027	Election Day	7027	1	845	136	16.09	9	9	9	1	78	0	30	0
Pct 7027	VBM	7027	1	845	271	32.07	24	28	19	14	148	1	37	0
Pct 7028	Election Day	7028	1	835	157	18.8	16	4	9	4	99	1	24	0
Pct 7028	VBM	7028	1	835	180	21.56	22	9	14	3	111	1	20	0
Pct 7029	Election Day	7029	1	855	115	13.45	7	4	14	2	68	0	20	0
Pct 7029	VBM	7029	1	855	166	19.42	14	10	13	3	108	1	16	1
Pct 7030	Election Day	7030	1	729	94	12.89	10	11	7	7	48	0	11	0
Pct 7030	VBM	7030	1	729	277	38	21	44	10	22	150	0	30	0
Pct 7031	Election Day	7031	1	611	50	8.18	5	3	3	1	29	0	9	0
Pct 7031	VBM	7031	1	611	224	36.66	15	27	8	15	125	0	34	0
Pct 7032	Election Day	7032	1	867	126	14.53	11	7	14	5	58	0	31	0
Pct 7032	VBM	7032	1	867	238	27.45	22	22	8	14	140	0	32	0
Pct 7033	Election Day	7033	1	765	135	17.65	13	11	19	4	66	1	21	0
Pct 7033	VBM	7033	1	765	181	23.66	5	11	18	4	124	0	19	0
Pct 7034	Election Day	7034	1	914	97	10.61	9	4	8	3	54	0	18	1
Pct 7034	VBM	7034	1	914	154	16.85	4	6	5	3	113	0	23	0
Pct 7035	Election Day	7035	1	553	73	13.2	5	3	7	2	43	1	12	0
Pct 7035	VBM	7035	1	553	170	30.74	16	11	8	6	112	0	17	0
Pct 7036	Election Day	7036	1	898	52	5.79	2	2	7	5	29	0	7	0
Pct 7036	VBM	7036	1	898	265	29.51	17	32	8	21	167	0	20	0
Pct 7037	Election Day	7037	1	730	73	10	1	3	7	2	38	1	21	0
Pct 7037	VBM	7037	1	730	64	8.77	7	9	1	2	37	0	7	1
Pct 7038	Election Day	7038	1	880	84	9.55	1	15	4	1	47	2	14	0
Pct 7038	VBM	7038	1	880	255	28.98	20	24	10	14	143	1	41	2
Pct 7039	Election Day	7039	1	768	111	14.45	8	21	6	5	59	0	12	0
Pct 7039	VBM	7039	1	768	225	29.3	20	20	10	13	118	3	41	0
Pct 7041 MB	Election Day	7041	1	60	0	0	0	0	0	0	0	0	0	0
Pct 7041 MB	VBM	7041	1	60	24	40	0	10	1	0	11	0	2	0
Pct 7042	Election Day	7042	1	632	75	11.87	6	6	12	1	41	0	9	0
Pct 7042	VBM	7042	1	632	191	30.22	22	22	8	9	104	0	26	0
Pct 7043	Election Day	7043	1	915	97	10.6	6	1	13	1	54	0	22	0
Pct 7043	VBM	7043	1	915	282	30.82	23	23	13	4	170	0	48	1
Pct 7044	Election Day	7044	1	805	86	10.68	9	4	1	2	44	0	26	0
Pct 7044	VBM	7044	1	805	125	15.53	8	19	4	8	65	0	20	1
Pct 7045	Election Day	7045	1	763	87	11.4	2	10	6	7	42	0	20	0
Pct 7045	VBM	7045	1	763	282	36.96	17	34	12	26	142	2	49	0
Pct 7046	Election Day	7046	1	385	54	14.03	2	6	4	0	33	0	9	0
Pct 7046	VBM	7046	1	385	136	35.32	8	13	8	9	81	0	17	0
Pct 7047	Election Day	7047	1	781	68	8.71	4	4	8	0	39	0	13	0
Pct 7047	VBM	7047	1	781	298	38.16	31	42	15	6	176	1	27	0
Pct 7048	Election Day	7048	1	815	94	11.53	5	11	3	0	63	0	12	0
Pct 7048	VBM	7048	1	815	248	30.43	33	25	11	14	127	0	38	0
Pct 7049	Election Day	7049	1	751	108	14.38	7	11	3	7	63	1	16	0
Pct 7049	VBM	7049	1	751	241	32.09	15	26	10	15	135	0	40	0
Pct 7051	Election Day	7051	1	839	70	8.34	3	5	6	2	43	0	11	0
Pct 7051	VBM	7051	1	839	302	36	33	47	11	25	135	0	51	0
Pct 7052	Election Day	7052	1	806	120	14.89	10	7	5	2	81	0	15	0
Pct 7052	VBM	7052	1	806	278	34.49	14	26	9	25	170	0	34	0
Pct 7053	Election Day	7053	1	548	44	8.03	3	4	4	0	26	0	7	0
Pct 7053	VBM	7053	1	548	205	37.41	22	19	9	13	117	0	25	0
Pct 7054	Election Day	7054	1	1024	141	13.77	13	7	19	5	79	0	18	0
Pct 7054	VBM	7054	1	1024	275	26.86	31	26	16	9	160	0	33	0
Pct 7055	Election Day	7055	1	699	83	11.87	10	6	7	1	43	1	15	0
Pct 7055	VBM	7055	1	699	256	36.62	36	28	15	10	133	0	34	0
Pct 7101 MB	Election Day	7101	1	141	2	1.42	0	0	1	0	1	0	0	0
Pct 7101 MB	VBM	7101	1	141	83	58.87	13	1	7	0	56	0	6	0
Pct 7201	Election Day	7201	1	900	147	16.33	16	14	7	4	82	1	23	0
Pct 7201	VBM	7201	1	900	333	37	39	22	19	27	188	0	38	0
Pct 7202	Election Day	7202	1	830	138	16.63	18	5	7	14	70	1	22	1
Pct 7202	VBM	7202	1	830	271	32.65	31	35	2	30	142	1	30	0
Pct 7203	Election Day	7203	1	867	174	20.07	14	8	12	10	97	0	33	0
Pct 7203	VBM	7203	1	867	243	28.03	42	19	10	9	128	0	35	0
Pct 7204	Election Day	7204	1	888	157	17.68	15	16	9	5	80	0	32	0
Pct 7204	VBM	7204	1	888	340	38.29	38	32	10	18	193	0	49	0
Pct 7205	Election Day	7205	1	847	183	21.61	13	15	14	13	107	0	21	0
Pct 7205	VBM	7205	1	847	309	36.48	34	25	7	26	181	0	36	0
Pct 7206	Election Day	7206	1	375	88	23.47	7	6	10	4	48	1	12	0
Pct 7206	VBM	7206	1	375	124	33.07	20	11	5	4	59	0	24	1
Pct 7207	Election Day	7207	1	744	119	15.99	8	8	9	6	66	1	21	0
Pct 7207	VBM	7207	1	744	231	31.05	25	29	4	12	134	1	26	0
Pct 7208	Election Day	7208	1	567	76	13.4	11	2	10	2	43	0	8	0
Pct 7208	VBM	7208	1	567	206	36.33	32	20	5	10	113	1	21	4
Pct 7209	Election Day	7209	1	586	69	11.77	7	4	2	2	45	0	9	0
Pct 7209	VBM	7209	1	586	326	55.63	26	19	11	24	196	0	50	0
Pct 7301	Election Day	7301	1	1002	150	14.97	17	6	10	10	77	2	28	0
Pct 7301	VBM	7301	1	1002	299	29.84	25	41	8	22	155	0	47	1
Pct 7302	Election Day	7302	1	806	121	15.01	7	13	12	7	62	0	20	0
Pct 7302	VBM	7302	1	806	352	43.67	34	39	6	23	203	0	47	0
Pct 7303	Election Day	7303	1	986	167	16.94	14	13	15	6	86	0	33	0
Pct 7303	VBM	7303	1	986	318	32.25	29	25	10	19	195	0	39	1
Pct 7304	Election Day	7304	1	972	203	20.88	15	20	14	6	118	0	30	0
Pct 7304	VBM	7304	1	972	330	33.95	36	23	11	21	191	1	47	0
Pct 7305	Election Day	7305	1	851	171	20.09	22	17	14	17	83	0	18	0
Pct 7305	VBM	7305	1	851	306	35.96	33	32	14	29	152	1	45	0
Pct 7306	Election Day	7306	1	1014	179	17.65	9	15	21	8	87	1	38	0
Pct 7306	VBM	7306	1	1014	302	29.78	24	24	21	17	174	1	40	1
Pct 7307	Election Day	7307	1	726	143	19.7	11	12	14	4	82	0	20	0
Pct 7307	VBM	7307	1	726	226	31.13	26	17	11	14	130	0	28	0
Pct 7308	Election Day	7308	1	598	133	22.24	15	8	9	8	75	0	18	0
Pct 7308	VBM	7308	1	598	204	34.11	28	22	5	13	113	0	23	0
Pct 7309	Election Day	7309	1	826	160	19.37	20	8	12	9	87	0	24	0
Pct 7309	VBM	7309	1	826	209	25.3	20	12	7	16	118	0	36	0
Pct 7311	Election Day	7311	1	901	175	19.42	21	12	14	10	87	0	31	0
Pct 7311	VBM	7311	1	901	266	29.52	32	22	15	14	156	1	26	0
Pct 7312	Election Day	7312	1	810	128	15.8	12	8	10	6	76	0	16	0
Pct 7312	VBM	7312	1	810	332	40.99	28	30	14	26	182	0	52	0
Pct 7313	Election Day	7313	1	925	135	14.59	17	9	12	3	69	0	25	0
Pct 7313	VBM	7313	1	925	315	34.05	43	38	13	15	163	0	43	0
Pct 7314	Election Day	7314	1	760	92	12.11	6	6	9	6	39	0	25	1
Pct 7314	VBM	7314	1	760	213	28.03	22	14	11	9	103	0	53	1
Pct 7315	Election Day	7315	1	725	119	16.41	14	8	17	4	60	0	16	0
Pct 7315	VBM	7315	1	725	178	24.55	24	16	6	5	106	0	21	0
Pct 7316	Election Day	7316	1	824	122	14.81	11	4	16	5	67	0	19	0
Pct 7316	VBM	7316	1	824	266	32.28	23	26	22	12	135	0	48	0
Pct 7317	Election Day	7317	1	886	117	13.21	17	7	5	5	63	0	20	0
Pct 7317	VBM	7317	1	886	340	38.37	34	29	21	26	181	0	47	2
Pct 7318	Election Day	7318	1	709	123	17.35	13	10	8	7	60	0	25	0
Pct 7318	VBM	7318	1	709	243	34.27	48	19	5	8	120	1	42	0
Pct 7319	Election Day	7319	1	1035	182	17.58	24	5	10	12	104	0	27	0
Pct 7319	VBM	7319	1	1035	296	28.6	36	26	12	27	147	0	48	0
Pct 7321	Election Day	7321	1	644	100	15.53	7	9	10	5	45	0	24	0
Pct 7321	VBM	7321	1	644	211	32.76	27	22	12	15	102	0	32	1
Pct 7322	Election Day	7322	1	859	60	6.98	4	6	11	3	22	0	14	0
Pct 7322	VBM	7322	1	859	304	35.39	39	36	12	4	137	0	75	1
Pct 7323	Election Day	7323	1	881	146	16.57	21	12	7	5	78	0	22	1
Pct 7323	VBM	7323	1	881	273	30.99	38	22	11	9	144	0	48	1
Pct 7324	Election Day	7324	1	687	125	18.2	19	9	11	5	57	0	24	0
Pct 7324	VBM	7324	1	687	198	28.82	29	14	4	6	100	2	43	0
Pct 7325	Election Day	7325	1	870	150	17.24	22	10	12	7	67	0	32	0
Pct 7325	VBM	7325	1	870	276	31.72	33	18	13	13	151	2	46	0
Pct 7326	Election Day	7326	1	853	150	17.58	6	12	12	5	87	1	27	0
Pct 7326	VBM	7326	1	853	256	30.01	29	32	15	14	127	0	38	1
Pct 7327	Election Day	7327	1	684	62	9.06	4	3	5	2	31	0	17	0
Pct 7327	VBM	7327	1	684	277	40.5	34	51	17	14	108	1	52	0
Pct 7328	Election Day	7328	1	950	70	7.37	7	7	5	1	34	0	16	0
Pct 7328	VBM	7328	1	950	391	41.16	43	56	11	17	160	0	103	1
Pct 7329	Election Day	7329	1	610	71	11.64	4	9	6	7	34	0	11	0
Pct 7329	VBM	7329	1	610	205	33.61	13	33	13	22	99	0	25	0
Pct 7331	Election Day	7331	1	860	130	15.12	10	17	1	15	72	0	15	0
Pct 7331	VBM	7331	1	860	357	41.51	32	41	8	32	201	0	42	1
Pct 7332	Election Day	7332	1	799	154	19.27	23	4	15	3	83	0	26	0
Pct 7332	VBM	7332	1	799	209	26.16	29	21	20	9	109	0	21	0
Pct 7333	Election Day	7333	1	974	174	17.86	19	10	12	6	97	0	30	0
Pct 7333	VBM	7333	1	974	323	33.16	39	30	15	15	163	1	60	0
Pct 7334	Election Day	7334	1	854	113	13.23	10	7	18	6	55	0	16	1
Pct 7334	VBM	7334	1	854	275	32.2	36	30	13	13	141	1	41	0
Pct 7335	Election Day	7335	1	936	144	15.38	19	5	6	7	78	2	27	0
Pct 7335	VBM	7335	1	936	354	37.82	40	34	15	31	195	1	37	1
Pct 7336	Election Day	7336	1	920	155	16.85	24	8	13	7	79	0	24	0
Pct 7336	VBM	7336	1	920	324	35.22	37	33	11	28	175	0	39	1
Pct 7337	Election Day	7337	1	825	115	13.94	10	10	5	4	65	0	21	0
Pct 7337	VBM	7337	1	825	305	36.97	30	34	16	19	162	0	43	1
Pct 7338	Election Day	7338	1	884	100	11.31	8	2	9	4	54	0	23	0
Pct 7338	VBM	7338	1	884	364	41.18	51	44	13	23	158	0	75	0
Pct 7339	Election Day	7339	1	618	111	17.96	9	7	12	5	57	0	21	0
Pct 7339	VBM	7339	1	618	181	29.29	34	7	11	11	93	1	23	1
Pct 7341	Election Day	7341	1	877	124	14.14	20	6	21	3	54	0	20	0
Pct 7341	VBM	7341	1	877	246	28.05	37	14	18	12	137	2	26	0
Pct 7342	Election Day	7342	1	911	234	25.69	24	12	23	12	134	0	29	0
Pct 7342	VBM	7342	1	911	251	27.55	23	21	18	13	140	0	36	0
Pct 7343	Election Day	7343	1	707	144	20.37	15	7	23	3	69	0	27	0
Pct 7343	VBM	7343	1	707	186	26.31	26	8	22	10	92	0	28	0
Pct 7344	Election Day	7344	1	1039	179	17.23	16	14	21	5	95	0	28	0
Pct 7344	VBM	7344	1	1039	334	32.15	52	23	27	13	178	0	41	0
Pct 7345	Election Day	7345	1	1077	183	16.99	22	5	29	7	96	0	24	0
Pct 7345	VBM	7345	1	1077	283	26.28	40	12	21	11	159	1	39	0
Pct 7346	Election Day	7346	1	877	168	19.16	21	5	24	11	87	0	20	0
Pct 7346	VBM	7346	1	877	221	25.2	28	18	18	8	117	1	31	0
Pct 7347	Election Day	7347	1	968	137	14.15	13	5	23	4	77	1	14	0
Pct 7347	VBM	7347	1	968	279	28.82	36	15	29	11	164	0	24	0
Pct 7348	Election Day	7348	1	832	139	16.71	12	9	12	8	84	0	14	0
Pct 7348	VBM	7348	1	832	202	24.28	28	12	18	9	110	0	25	0
Pct 7349	Election Day	7349	1	921	147	15.96	10	10	18	7	80	0	21	1
Pct 7349	VBM	7349	1	921	282	30.62	36	25	19	17	154	0	31	0
Pct 7501	Election Day	7501	1	554	118	21.3	8	6	5	3	73	0	23	0
Pct 7501	VBM	7501	1	554	168	30.32	14	17	3	7	93	0	34	0
Pct 7502	Election Day	7502	1	741	113	15.25	14	8	13	2	61	0	15	0
Pct 7502	VBM	7502	1	741	349	47.1	58	19	13	27	188	2	41	1
Pct 7503	Election Day	7503	1	727	132	18.16	14	11	15	2	70	0	20	0
Pct 7503	VBM	7503	1	727	226	31.09	32	16	13	7	131	0	25	2
Pct 7504	Election Day	7504	1	484	76	15.7	8	1	4	3	44	0	16	0
Pct 7504	VBM	7504	1	484	158	32.64	19	4	6	12	93	2	22	0
Pct 7505	Election Day	7505	1	871	131	15.04	16	4	3	7	86	0	15	0
Pct 7505	VBM	7505	1	871	417	47.88	42	20	12	31	247	0	65	0
Pct 7506	Election Day	7506	1	920	133	14.46	18	5	11	4	76	0	19	0
Pct 7506	VBM	7506	1	920	252	27.39	25	20	11	8	151	0	37	0
Pct 7507	Election Day	7507	1	919	158	17.19	8	7	11	2	91	2	37	0
Pct 7507	VBM	7507	1	919	255	27.75	31	13	18	11	141	0	39	2
Pct 7508	Election Day	7508	1	702	106	15.1	8	7	9	6	54	0	22	0
Pct 7508	VBM	7508	1	702	340	48.43	23	26	17	20	205	0	49	0
Pct 7509/7511	Election Day	7509	1	909	171	18.81	17	7	15	9	105	0	18	0
Pct 7509/7511	VBM	7509	1	909	319	35.09	43	18	25	11	186	2	33	1
Pct 7512	Election Day	7512	1	604	96	15.89	13	9	10	3	49	0	12	0
Pct 7512	VBM	7512	1	604	196	32.45	21	27	18	13	95	0	20	2
Pct 7513	Election Day	7513	1	790	142	17.97	17	6	16	3	76	0	24	0
Pct 7513	VBM	7513	1	790	208	26.33	23	19	11	15	109	0	30	1
Pct 7514	Election Day	7514	1	863	95	11.01	7	1	2	4	49	0	32	0
Pct 7514	VBM	7514	1	863	235	27.23	19	22	15	17	123	0	38	1
Pct 7515	Election Day	7515	1	845	150	17.75	4	6	16	3	89	2	30	0
Pct 7515	VBM	7515	1	845	289	34.2	28	18	21	7	164	1	50	0
Pct 7516	Election Day	7516	1	886	145	16.37	7	8	9	8	90	0	23	0
Pct 7516	VBM	7516	1	886	378	42.66	45	29	11	24	225	1	43	0
Pct 7517	Election Day	7517	1	863	228	26.42	21	9	37	3	125	1	31	1
Pct 7517	VBM	7517	1	863	251	29.08	35	6	26	0	145	0	39	0
Pct 7518	Election Day	7518	1	939	235	25.03	27	10	31	2	131	0	34	0
Pct 7518	VBM	7518	1	939	298	31.74	40	7	35	10	170	0	36	0
Pct 7519	Election Day	7519	1	726	179	24.66	21	9	41	0	85	0	23	0
Pct 7519	VBM	7519	1	726	185	25.48	25	5	26	3	98	0	28	0
Pct 7521	Election Day	7521	1	802	211	26.31	22	8	39	8	102	0	32	0
Pct 7521	VBM	7521	1	802	215	26.81	34	2	22	2	116	1	38	0
Pct 7522	Election Day	7522	1	743	175	23.55	17	8	35	3	88	0	24	0
Pct 7522	VBM	7522	1	743	240	32.3	35	5	38	1	124	0	37	0
Pct 7523	Election Day	7523	1	737	208	28.22	24	9	55	1	91	0	28	0
Pct 7523	VBM	7523	1	737	223	30.26	43	11	27	3	110	0	29	0
Pct 7524	Election Day	7524	1	646	143	22.14	17	8	14	2	78	1	23	0
Pct 7524	VBM	7524	1	646	165	25.54	29	7	16	4	92	0	17	0
Pct 7525	Election Day	7525	1	779	145	18.61	13	4	16	1	82	0	29	0
Pct 7525	VBM	7525	1	779	214	27.47	25	5	24	3	118	0	38	1
Pct 7526	Election Day	7526	1	947	197	20.8	36	10	25	4	100	1	20	1
Pct 7526	VBM	7526	1	947	313	33.05	40	17	27	7	184	1	37	0
Pct 7527/7528	Election Day	7527	1	729	162	22.22	16	9	33	7	62	0	34	1
Pct 7527/7528	VBM	7527	1	729	237	32.51	30	10	23	10	122	0	41	1
Pct 7529	Election Day	7529	1	925	214	23.14	29	4	44	3	105	0	29	0
Pct 7529	VBM	7529	1	925	300	32.43	37	10	40	6	164	0	42	1
Pct 7531	Election Day	7531	1	847	179	21.13	29	5	30	0	88	0	27	0
Pct 7531	VBM	7531	1	847	263	31.05	51	7	35	4	136	0	30	0
Pct 7532	Election Day	7532	1	823	172	20.9	15	7	25	5	96	0	24	0
Pct 7532	VBM	7532	1	823	226	27.46	41	10	19	15	121	0	20	0
Pct 7533	Election Day	7533	1	951	268	28.18	41	9	54	8	127	1	28	0
Pct 7533	VBM	7533	1	951	297	31.23	36	11	52	12	142	0	44	0
Pct 7534	Election Day	7534	1	883	241	27.29	33	7	47	0	122	0	31	1
Pct 7534	VBM	7534	1	883	240	27.18	33	9	31	7	134	0	25	1
Pct 7535	Election Day	7535	1	743	201	27.05	17	6	31	5	111	0	31	0
Pct 7535	VBM	7535	1	743	251	33.78	37	12	37	3	137	0	25	0
Pct 7536	Election Day	7536	1	856	206	24.07	26	6	32	3	105	0	34	0
Pct 7536	VBM	7536	1	856	279	32.59	38	7	25	4	169	0	36	0
Pct 7537	Election Day	7537	1	734	187	25.48	21	4	30	3	102	0	27	0
Pct 7537	VBM	7537	1	734	225	30.65	33	5	29	4	118	0	36	0
Pct 7538	Election Day	7538	1	757	223	29.46	28	7	39	1	108	0	40	0
Pct 7538	VBM	7538	1	757	256	33.82	35	9	29	4	148	0	31	0
Pct 7539	Election Day	7539	1	884	250	28.28	28	10	51	4	110	1	46	0
Pct 7539	VBM	7539	1	884	286	32.35	33	9	45	1	158	2	37	1
Pct 7541	Election Day	7541	1	791	215	27.18	25	6	37	4	94	1	48	0
Pct 7541	VBM	7541	1	791	245	30.97	35	7	30	1	141	1	30	0
Pct 7542	Election Day	7542	1	787	183	23.25	19	1	37	0	97	0	29	0
Pct 7542	VBM	7542	1	787	247	31.39	30	4	46	1	130	0	36	0
Pct 7543	Election Day	7543	1	910	187	20.55	16	7	21	2	105	0	35	1
Pct 7543	VBM	7543	1	910	332	36.48	46	11	41	7	190	0	37	0
Pct 7544	Election Day	7544	1	877	186	21.21	21	10	27	3	98	2	25	0
Pct 7544	VBM	7544	1	877	331	37.74	48	10	35	4	180	1	53	0
Pct 7545	Election Day	7545	1	877	179	20.41	21	9	25	2	96	0	26	0
Pct 7545	VBM	7545	1	877	291	33.18	46	13	36	9	144	1	42	0
Pct 7546	Election Day	7546	1	913	219	23.99	30	6	29	6	118	1	29	0
Pct 7546	VBM	7546	1	913	310	33.95	44	12	43	11	165	0	34	1
Pct 7547	Election Day	7547	1	987	244	24.72	28	5	40	1	124	0	46	0
Pct 7547	VBM	7547	1	987	322	32.62	51	10	42	2	165	1	50	1
Pct 7548	Election Day	7548	1	1054	236	22.39	30	7	30	6	123	0	40	0
Pct 7548	VBM	7548	1	1054	345	32.73	53	8	37	7	201	2	36	1
Pct 7549	Election Day	7549	1	785	165	21.02	17	4	18	5	95	0	26	0
Pct 7549	VBM	7549	1	785	281	35.8	49	16	25	7	148	1	35	0
Pct 7551	Election Day	7551	1	705	199	28.23	23	7	22	4	109	0	33	1
Pct 7551	VBM	7551	1	705	240	34.04	28	6	31	1	142	0	32	0
Pct 7552	Election Day	7552	1	718	191	26.6	20	2	19	2	121	0	27	0
Pct 7552	VBM	7552	1	718	232	32.31	29	7	18	3	143	0	32	0
Pct 7553 MB	Election Day	7553	1	171	5	2.92	0	0	0	0	4	0	1	0
Pct 7553 MB	VBM	7553	1	171	87	50.88	13	4	0	4	57	0	9	0
Pct 7554	Election Day	7554	1	785	179	22.8	22	4	18	4	106	2	23	0
Pct 7554	VBM	7554	1	785	323	41.15	37	22	18	4	208	0	34	0
Pct 7555	Election Day	7555	1	847	242	28.57	23	9	13	4	157	1	35	0
Pct 7555	VBM	7555	1	847	304	35.89	37	7	22	4	187	0	47	0
Pct 7556/7557	Election Day	7556	1	961	223	23.2	22	6	14	12	127	0	42	0
Pct 7556/7557	VBM	7556	1	961	422	43.91	39	14	24	9	284	0	52	0
Pct 7601	Election Day	7601	1	744	128	17.2	10	8	20	6	62	1	21	0
Pct 7601	VBM	7601	1	744	185	24.87	16	17	22	9	93	0	28	0
Pct 7602	Election Day	7602	1	880	147	16.7	14	10	26	6	68	0	23	0
Pct 7602	VBM	7602	1	880	243	27.61	33	14	35	10	118	0	32	1
Pct 7603	Election Day	7603	1	826	152	18.4	16	8	28	1	77	0	21	1
Pct 7603	VBM	7603	1	826	215	26.03	23	13	25	8	121	0	25	0
Pct 7604	Election Day	7604	1	906	133	14.68	13	11	21	7	61	1	19	0
Pct 7604	VBM	7604	1	906	233	25.72	27	17	21	14	130	0	24	0
Pct 7605	Election Day	7605	1	651	77	11.83	7	2	10	1	44	0	12	1
Pct 7605	VBM	7605	1	651	155	23.81	31	11	9	6	71	0	25	2
Pct 7606	Election Day	7606	1	895	127	14.19	12	11	18	8	56	0	22	0
Pct 7606	VBM	7606	1	895	212	23.69	29	17	29	12	101	1	23	0
Pct 7607	Election Day	7607	1	955	120	12.57	12	7	15	6	65	0	15	0
Pct 7607	VBM	7607	1	955	265	27.75	26	24	36	9	144	2	23	1
Pct 7608	Election Day	7608	1	388	46	11.86	3	5	0	2	27	0	9	0
Pct 7608	VBM	7608	1	388	119	30.67	12	24	7	7	53	0	16	0
Pct 7609	Election Day	7609	1	916	101	11.03	10	6	7	2	52	1	23	0
Pct 7609	VBM	7609	1	916	297	32.42	29	36	19	20	129	1	63	0
Pct 7611	Election Day	7611	1	756	76	10.05	9	4	4	3	38	1	17	0
Pct 7611	VBM	7611	1	756	204	26.98	30	15	7	8	100	2	41	1
Pct 7612	Election Day	7612	1	574	76	13.24	7	8	9	2	34	0	15	1
Pct 7612	VBM	7612	1	574	210	36.59	24	15	13	10	105	0	42	1
Pct 7613	Election Day	7613	1	887	140	15.78	14	3	12	7	79	0	25	0
Pct 7613	VBM	7613	1	887	215	24.24	22	12	18	9	127	0	26	1
Pct 7614	Election Day	7614	1	1015	123	12.12	19	7	20	1	49	0	26	1
Pct 7614	VBM	7614	1	1015	238	23.45	29	12	27	15	131	1	20	3
Pct 7615	Election Day	7615	1	832	108	12.98	6	10	9	4	40	0	37	2
Pct 7615	VBM	7615	1	832	170	20.43	26	21	19	12	68	0	24	0
Pct 7616	Election Day	7616	1	951	129	13.56	19	6	11	0	76	1	16	0
Pct 7616	VBM	7616	1	951	331	34.81	56	16	16	11	187	0	45	0
Pct 7617	Election Day	7617	1	751	84	11.19	9	9	12	4	32	0	18	0
Pct 7617	VBM	7617	1	751	223	29.69	20	26	15	10	107	0	45	0
Pct 7618	Election Day	7618	1	866	123	14.2	14	7	22	5	55	1	19	0
Pct 7618	VBM	7618	1	866	272	31.41	31	12	21	10	162	0	35	1
Pct 7619	Election Day	7619	1	993	154	15.51	28	9	22	3	63	0	29	0
Pct 7619	VBM	7619	1	993	308	31.02	46	30	28	8	160	0	36	0
Pct 7621	Election Day	7621	1	1132	163	14.4	18	12	25	7	75	1	25	0
Pct 7621	VBM	7621	1	1132	346	30.57	51	24	24	17	195	0	35	0
Pct 7622	Election Day	7622	1	964	99	10.27	8	2	14	5	54	1	14	1
Pct 7622	VBM	7622	1	964	193	20.02	28	21	19	6	82	0	35	2
Pct 7623	Election Day	7623	1	712	122	17.13	7	12	17	3	61	1	20	1
Pct 7623	VBM	7623	1	712	196	27.53	32	16	13	6	106	0	23	0
Pct 7624	Election Day	7624	1	905	104	11.49	11	3	7	4	61	1	17	0
Pct 7624	VBM	7624	1	905	195	21.55	23	20	21	9	100	0	21	1
Pct 7625	Election Day	7625	1	821	73	8.89	6	6	3	4	34	0	20	0
Pct 7625	VBM	7625	1	821	415	50.55	41	69	12	20	192	0	78	3
Pct 7626	Election Day	7626	1	1081	128	11.84	17	4	9	3	75	0	19	1
Pct 7626	VBM	7626	1	1081	361	33.4	55	26	12	10	213	0	45	0
Pct 7627	Election Day	7627	1	1075	116	10.79	18	7	3	7	68	2	11	0
Pct 7627	VBM	7627	1	1075	319	29.67	35	38	4	22	178	0	42	0
Pct 7628	Election Day	7628	1	906	156	17.22	18	6	26	4	73	1	28	0
Pct 7628	VBM	7628	1	906	267	29.47	30	10	20	6	162	1	38	0
Pct 7629	Election Day	7629	1	805	108	13.42	15	4	14	1	57	0	17	0
Pct 7629	VBM	7629	1	805	206	25.59	27	12	18	11	110	0	27	1
Pct 7631	Election Day	7631	1	1085	146	13.46	21	8	20	4	74	1	17	1
Pct 7631	VBM	7631	1	1085	339	31.24	42	28	23	16	193	0	37	0
Pct 7632	Election Day	7632	1	965	167	17.31	24	13	23	0	77	1	29	0
Pct 7632	VBM	7632	1	965	286	29.64	50	15	33	8	158	1	21	0
Pct 7633	Election Day	7633	1	702	90	12.82	11	3	5	2	57	0	12	0
Pct 7633	VBM	7633	1	702	253	36.04	46	32	12	6	124	0	31	2
Pct 7634	Election Day	7634	1	859	120	13.97	14	13	8	6	58	0	21	0
Pct 7634	VBM	7634	1	859	291	33.88	45	23	14	18	161	0	27	3
Pct 7635	Election Day	7635	1	782	89	11.38	15	2	11	2	48	1	10	0
Pct 7635	VBM	7635	1	782	242	30.95	36	20	19	3	140	1	23	0
Pct 7636	Election Day	7636	1	920	134	14.57	20	6	12	1	77	0	18	0
Pct 7636	VBM	7636	1	920	251	27.28	51	25	9	13	118	0	35	0
Pct 7637	Election Day	7637	1	732	89	12.16	15	11	2	3	47	0	11	0
Pct 7637	VBM	7637	1	732	249	34.02	43	18	7	12	143	0	25	1
Pct 7638	Election Day	7638	1	1365	129	9.45	27	10	4	11	60	0	17	0
Pct 7638	VBM	7638	1	1365	492	36.04	61	51	9	34	286	1	50	0
Pct 7639	Election Day	7639	1	962	110	11.43	11	12	5	6	53	1	22	0
Pct 7639	VBM	7639	1	962	319	33.16	51	23	12	21	166	0	46	0
Pct 7641	Election Day	7641	1	931	114	12.24	12	6	6	8	68	0	14	0
Pct 7641	VBM	7641	1	931	374	40.17	34	33	18	28	220	1	39	1
Pct 7642	Election Day	7642	1	909	84	9.24	17	6	5	0	42	0	14	0
Pct 7642	VBM	7642	1	909	268	29.48	31	21	13	14	100	0	88	1
Pct 7643	Election Day	7643	1	871	99	11.37	14	4	8	4	46	0	23	0
Pct 7643	VBM	7643	1	871	355	40.76	59	42	17	11	185	0	40	1
Pct 7644	Election Day	7644	1	1082	156	14.42	24	8	10	2	85	0	27	0
Pct 7644	VBM	7644	1	1082	291	26.89	52	21	10	9	165	0	33	1
Pct 7645	Election Day	7645	1	631	63	9.98	9	5	3	7	32	0	7	0
Pct 7645	VBM	7645	1	631	241	38.19	25	24	3	15	145	0	28	1
Pct 7646	Election Day	7646	1	1035	110	10.63	19	4	5	1	57	1	23	0
Pct 7646	VBM	7646	1	1035	326	31.5	51	32	6	14	190	0	33	0
Pct 7647	Election Day	7647	1	1027	107	10.42	15	11	11	2	56	2	10	0
Pct 7647	VBM	7647	1	1027	185	18.01	21	8	17	10	102	0	27	0
Pct 7648 MB	Election Day	7648	1	2	0	0	0	0	0	0	0	0	0	0
Pct 7648 MB	VBM	7648	1	2	0	0	0	0	0	0	0	0	0	0
Pct 7649	Election Day	7649	1	877	97	11.06	7	4	7	3	63	2	11	0
Pct 7649	VBM	7649	1	877	234	26.68	26	24	28	12	109	0	35	0
Pct 7651	Election Day	7651	1	555	48	8.65	12	3	2	1	23	0	7	0
Pct 7651	VBM	7651	1	555	155	27.93	24	10	5	5	90	0	21	0
Pct 7652	Election Day	7652	1	580	68	11.72	11	3	8	2	29	0	15	0
Pct 7652	VBM	7652	1	580	163	28.1	17	10	7	6	97	0	26	0
Pct 7653	Election Day	7653	1	1092	137	12.55	15	12	7	7	68	0	28	0
Pct 7653	VBM	7653	1	1092	321	29.4	51	25	11	14	173	1	46	0
Pct 7701	Election Day	7701	1	1012	225	22.23	19	15	23	11	124	0	33	0
Pct 7701	VBM	7701	1	1012	383	37.85	52	13	24	18	235	0	40	1
Pct 7702	Election Day	7702	1	704	117	16.62	14	5	8	14	63	0	13	0
Pct 7702	VBM	7702	1	704	302	42.9	41	17	12	22	183	0	27	0
Pct 7703 MB	Election Day	7703	1	172	0	0	0	0	0	0	0	0	0	0
Pct 7703 MB	VBM	7703	1	172	66	38.37	8	4	2	5	28	0	17	2
Pct 7704	Election Day	7704	1	977	208	21.29	15	10	15	23	116	0	29	0
Pct 7704	VBM	7704	1	977	396	40.53	33	29	16	34	239	1	44	0
Pct 7705	Election Day	7705	1	547	123	22.49	6	3	2	8	88	0	16	0
Pct 7705	VBM	7705	1	547	227	41.5	28	24	5	10	139	0	21	0
Pct 7706	Election Day	7706	1	821	189	23.02	17	10	10	18	122	0	12	0
Pct 7706	VBM	7706	1	821	341	41.53	19	33	15	23	218	0	33	0
Pct 7707	Election Day	7707	1	839	200	23.84	23	9	8	10	125	0	25	0
Pct 7707	VBM	7707	1	839	379	45.17	44	17	13	18	245	0	42	0
Pct 7708	Election Day	7708	1	860	181	21.05	7	10	8	12	127	0	17	0
Pct 7708	VBM	7708	1	860	400	46.51	38	19	13	22	283	0	25	0
Pct 7709	Election Day	7709	1	383	85	22.19	7	3	8	5	49	0	13	0
Pct 7709	VBM	7709	1	383	174	45.43	21	6	25	7	93	1	21	0
Pct 7711	Election Day	7711	1	772	162	20.98	15	2	20	8	100	0	17	0
Pct 7711	VBM	7711	1	772	344	44.56	26	20	22	14	229	0	32	1
Pct 7712	Election Day	7712	1	524	131	25	13	3	17	8	72	0	18	0
Pct 7712	VBM	7712	1	524	230	43.89	23	13	31	6	130	3	24	0
Pct 7801	Election Day	7801	1	970	230	23.71	29	6	22	3	138	0	32	0
Pct 7801	VBM	7801	1	970	424	43.71	49	20	23	14	275	1	42	0
Pct 7802	Election Day	7802	1	762	205	26.9	23	3	19	4	127	0	29	0
Pct 7802	VBM	7802	1	762	313	41.08	41	13	21	8	190	0	40	0
Pct 7803	Election Day	7803	1	823	143	17.38	13	3	20	4	83	1	19	0
Pct 7803	VBM	7803	1	823	412	50.06	53	20	21	12	253	1	52	0
Pct 7804	Election Day	7804	1	891	236	26.49	36	5	21	5	145	1	23	0
Pct 7804	VBM	7804	1	891	394	44.22	47	7	21	8	256	0	55	0
Pct 7805	Election Day	7805	1	785	176	22.42	22	4	26	1	102	0	21	0
Pct 7805	VBM	7805	1	785	348	44.33	48	16	17	4	210	0	53	0
Pct 7806	Election Day	7806	1	699	163	23.32	16	5	25	2	86	0	29	0
Pct 7806	VBM	7806	1	699	283	40.49	24	12	26	9	173	0	39	0
Pct 7807	Election Day	7807	1	796	228	28.64	34	6	26	2	127	0	33	0
Pct 7807	VBM	7807	1	796	273	34.3	48	7	20	6	150	1	41	0
Pct 7808	Election Day	7808	1	655	178	27.18	19	3	14	1	120	0	21	0
Pct 7808	VBM	7808	1	655	243	37.1	25	7	32	5	145	0	29	0
Pct 7809	Election Day	7809	1	742	160	21.56	19	3	27	1	85	0	25	0
Pct 7809	VBM	7809	1	742	267	35.98	38	4	26	4	161	0	34	0
Pct 7811	Election Day	7811	1	726	186	25.62	14	4	30	4	108	0	26	0
Pct 7811	VBM	7811	1	726	243	33.47	38	3	32	6	137	0	27	0
Pct 7812	Election Day	7812	1	843	207	24.56	31	12	24	6	102	0	32	0
Pct 7812	VBM	7812	1	843	292	34.64	47	8	22	5	170	5	35	0
Pct 7813	Election Day	7813	1	988	251	25.4	29	6	45	2	127	1	41	0
Pct 7813	VBM	7813	1	988	362	36.64	57	14	45	5	195	0	45	1
Pct 7814	Election Day	7814	1	892	173	19.39	11	13	44	3	69	1	32	0
Pct 7814	VBM	7814	1	892	223	25	23	18	29	5	117	0	30	1
Pct 7815	Election Day	7815	1	914	178	19.47	14	4	14	4	119	1	21	1
Pct 7815	VBM	7815	1	914	407	44.53	34	11	27	8	291	0	36	0
Pct 7816	Election Day	7816	1	858	202	23.54	24	4	13	5	130	3	23	0
Pct 7816	VBM	7816	1	858	390	45.45	62	8	13	6	251	1	49	0
Pct 7817	Election Day	7817	1	795	215	27.04	24	5	31	4	130	0	21	0
Pct 7817	VBM	7817	1	795	309	38.87	39	7	40	3	184	0	36	0
Pct 7818	Election Day	7818	1	823	172	20.9	19	7	13	0	107	0	26	0
Pct 7818	VBM	7818	1	823	335	40.7	54	14	31	0	185	0	49	2
Pct 7819	Election Day	7819	1	760	169	22.24	20	3	26	4	93	0	23	0
Pct 7819	VBM	7819	1	760	297	39.08	39	17	31	8	157	1	44	0
Pct 7821	Election Day	7821	1	947	229	24.18	21	4	20	2	158	0	24	0
Pct 7821	VBM	7821	1	947	439	46.36	45	18	28	13	280	0	55	0
Pct 7822	Election Day	7822	1	927	244	26.32	16	8	38	6	145	0	30	1
Pct 7822	VBM	7822	1	927	343	37	46	10	22	11	218	0	36	0
Pct 7823	Election Day	7823	1	857	237	27.65	34	4	27	1	140	2	29	0
Pct 7823	VBM	7823	1	857	347	40.49	43	12	29	6	220	0	37	0
Pct 7824	Election Day	7824	1	756	170	22.49	15	8	16	3	86	2	39	1
Pct 7824	VBM	7824	1	756	274	36.24	38	4	23	6	170	0	33	0
Pct 7825	Election Day	7825	1	580	160	27.59	23	3	22	7	85	0	20	0
Pct 7825	VBM	7825	1	580	215	37.07	30	6	26	5	128	0	20	0
Pct 7826	Election Day	7826	1	665	214	32.18	25	7	26	1	115	3	37	0
Pct 7826	VBM	7826	1	665	194	29.17	39	7	28	5	89	0	26	0
Pct 7827	Election Day	7827	1	828	199	24.03	22	11	48	3	81	0	33	1
Pct 7827	VBM	7827	1	828	252	30.43	41	19	51	7	111	2	20	1
Pct 7828	Election Day	7828	1	976	205	21	22	14	14	1	129	0	25	0
Pct 7828	VBM	7828	1	976	397	40.68	44	13	18	11	264	0	47	0
Pct 7829	Election Day	7829	1	882	199	22.56	17	5	30	2	124	0	21	0
Pct 7829	VBM	7829	1	882	391	44.33	36	16	14	15	268	0	40	2
Pct 7831	Election Day	7831	1	828	202	24.4	18	5	19	1	133	0	26	0
Pct 7831	VBM	7831	1	828	369	44.57	39	13	16	5	259	0	37	0
Pct 7832	Election Day	7832	1	781	162	20.74	17	6	15	3	95	1	25	0
Pct 7832	VBM	7832	1	781	343	43.92	54	13	20	8	218	1	29	0
Pct 7833	Election Day	7833	1	745	182	24.43	25	2	34	5	88	0	28	0
Pct 7833	VBM	7833	1	745	271	36.38	38	10	35	3	148	1	35	1
Pct 7834	Election Day	7834	1	836	225	26.91	22	8	49	1	118	1	26	0
Pct 7834	VBM	7834	1	836	288	34.45	34	6	58	2	146	0	42	0
Pct 7835	Election Day	7835	1	808	175	21.66	18	11	14	2	103	2	25	0
Pct 7835	VBM	7835	1	808	338	41.83	20	18	20	11	231	0	38	0
Pct 7836	Election Day	7836	1	979	199	20.33	29	4	19	3	118	1	25	0
Pct 7836	VBM	7836	1	979	421	43	53	20	20	18	267	0	43	0
Pct 7837	Election Day	7837	1	883	237	26.84	29	6	14	4	157	0	27	0
Pct 7837	VBM	7837	1	883	339	38.39	36	10	15	7	231	0	40	0
Pct 7838	Election Day	7838	1	891	210	23.57	21	5	16	8	130	0	30	0
Pct 7838	VBM	7838	1	891	413	46.35	38	13	27	8	285	1	41	0
Pct 7839	Election Day	7839	1	830	172	20.72	13	3	13	4	108	0	31	0
Pct 7839	VBM	7839	1	830	389	46.87	46	12	20	10	244	1	56	0
Pct 7841	Election Day	7841	1	898	240	26.73	32	4	24	2	137	1	40	0
Pct 7841	VBM	7841	1	898	353	39.31	38	13	39	5	221	0	37	0
Pct 7842	Election Day	7842	1	873	214	24.51	33	14	25	1	124	0	17	0
Pct 7842	VBM	7842	1	873	308	35.28	52	10	31	9	162	0	44	0
Pct 7843	Election Day	7843	1	751	182	24.23	17	4	30	3	107	0	21	0
Pct 7843	VBM	7843	1	751	267	35.55	37	13	35	6	145	0	31	0
Pct 7844	Election Day	7844	1	635	160	25.2	23	8	25	4	72	0	28	0
Pct 7844	VBM	7844	1	635	245	38.58	26	2	33	4	149	3	27	1
Pct 7845	Election Day	7845	1	803	202	25.16	21	7	21	3	123	0	27	0
Pct 7845	VBM	7845	1	803	314	39.1	24	10	10	2	232	0	36	0
Pct 7846	Election Day	7846	1	871	221	25.37	21	11	22	5	125	2	35	0
Pct 7846	VBM	7846	1	871	330	37.89	34	17	16	8	208	1	46	0
Pct 7847	Election Day	7847	1	878	207	23.58	24	3	26	9	113	0	32	0
Pct 7847	VBM	7847	1	878	358	40.77	42	6	26	7	227	0	50	0
Pct 7848	Election Day	7848	1	838	209	24.94	32	4	11	6	124	1	31	0
Pct 7848	VBM	7848	1	838	346	41.29	38	17	31	6	217	0	37	0
Pct 7849	Election Day	7849	1	904	237	26.22	33	15	42	4	108	1	34	0
Pct 7849	VBM	7849	1	904	353	39.05	56	16	32	8	197	0	43	1
Pct 7851	Election Day	7851	1	493	118	23.94	6	7	3	6	78	0	18	0
Pct 7851	VBM	7851	1	493	204	41.38	14	13	3	8	147	1	18	0
Pct 7852	Election Day	7852	1	634	104	16.4	4	4	6	9	72	0	9	0
Pct 7852	VBM	7852	1	634	303	47.79	22	13	15	15	212	0	26	0
Pct 7853	Election Day	7853	1	837	180	21.51	24	7	16	6	104	0	23	0
Pct 7853	VBM	7853	1	837	333	39.78	37	13	9	6	240	0	28	0
Pct 7854	Election Day	7854	1	874	216	24.71	25	9	20	2	120	0	40	0
Pct 7854	VBM	7854	1	874	346	39.59	58	14	19	7	210	0	38	0
Pct 7855	Election Day	7855	1	949	259	27.29	30	4	33	3	160	1	28	0
Pct 7855	VBM	7855	1	949	359	37.83	48	17	29	12	195	0	58	0
Pct 7856	Election Day	7856	1	790	204	25.82	19	3	21	4	127	0	30	0
Pct 7856	VBM	7856	1	790	312	39.49	45	10	27	6	191	2	31	0
Pct 7857	Election Day	7857	1	913	225	24.64	40	8	44	0	102	1	30	0
Pct 7857	VBM	7857	1	913	350	38.34	46	15	46	8	188	0	47	0
Pct 7858	Election Day	7858	1	743	192	25.84	15	6	42	4	98	1	26	0
Pct 7858	VBM	7858	1	743	252	33.92	39	7	44	6	128	1	27	0
Pct 7859	Election Day	7859	1	879	219	24.91	32	11	23	6	126	1	20	0
Pct 7859	VBM	7859	1	879	352	40.05	29	12	16	17	235	0	43	0
Pct 7861	Election Day	7861	1	835	184	22.04	12	6	29	9	107	0	21	0
Pct 7861	VBM	7861	1	835	367	43.95	50	16	25	14	223	0	39	0
Pct 7862	Election Day	7862	1	850	237	27.88	26	10	26	8	136	2	29	0
Pct 7862	VBM	7862	1	850	323	38	45	10	24	11	186	1	45	1
Pct 7863	Election Day	7863	1	870	237	27.24	26	6	38	7	134	0	26	0
Pct 7863	VBM	7863	1	870	302	34.71	41	10	40	6	170	0	35	0
Pct 7864	Election Day	7864	1	773	188	24.32	19	9	25	5	107	0	23	0
Pct 7864	VBM	7864	1	773	284	36.74	41	17	29	9	153	0	35	0
Pct 7865	Election Day	7865	1	808	178	22.03	20	6	21	3	101	0	27	0
Pct 7865	VBM	7865	1	808	310	38.37	43	14	25	6	177	0	45	0
Pct 7866	Election Day	7866	1	816	184	22.55	23	14	11	6	107	0	23	0
Pct 7866	VBM	7866	1	816	389	47.67	28	35	12	19	258	0	34	3
Pct 7867	Election Day	7867	1	932	209	22.42	23	13	14	4	130	1	24	0
Pct 7867	VBM	7867	1	932	385	41.31	47	14	30	11	248	1	31	3
Pct 7868	Election Day	7868	1	860	218	25.35	19	9	16	7	145	0	22	0
Pct 7868	VBM	7868	1	860	324	37.67	28	12	16	13	225	0	30	0
Pct 7869	Election Day	7869	1	842	219	26.01	28	4	17	9	129	0	32	0
Pct 7869	VBM	7869	1	842	376	44.66	35	15	24	17	233	1	51	0
Pct 7871	Election Day	7871	1	882	240	27.21	12	6	15	8	162	0	35	2
Pct 7871	VBM	7871	1	882	364	41.27	33	13	16	6	252	2	42	0
Pct 7872	Election Day	7872	1	864	242	28.01	19	8	22	2	153	0	38	0
Pct 7872	VBM	7872	1	864	369	42.71	47	8	23	9	235	0	47	0
Pct 7873	Election Day	7873	1	841	231	27.47	31	3	24	2	134	0	37	0
Pct 7873	VBM	7873	1	841	387	46.02	33	14	37	9	261	1	32	0
Pct 7874	Election Day	7874	1	453	85	18.76	6	7	9	2	49	0	12	0
Pct 7874	VBM	7874	1	453	174	38.41	22	3	11	2	115	1	20	0
Pct 7875	Election Day	7875	1	615	127	20.65	11	12	20	8	60	1	15	0
Pct 7875	VBM	7875	1	615	203	33.01	24	11	31	11	100	0	25	1
Pct 7876	Election Day	7876	1	491	101	20.57	13	5	8	2	57	0	16	0
Pct 7876	VBM	7876	1	491	148	30.14	25	3	13	3	75	1	28	0
Pct 7901	Election Day	7901	1	466	87	18.67	16	8	13	1	33	1	15	0
Pct 7901	VBM	7901	1	466	133	28.54	8	7	13	6	76	1	22	0
Pct 7902	Election Day	7902	1	921	188	20.41	26	9	37	6	87	0	23	0
Pct 7902	VBM	7902	1	921	259	28.12	18	22	36	7	141	1	34	0
Pct 7903	Election Day	7903	1	819	144	17.58	12	10	26	3	67	0	26	0
Pct 7903	VBM	7903	1	819	244	29.79	30	14	42	8	124	1	24	1
Pct 7904	Election Day	7904	1	846	137	16.19	21	7	33	3	58	0	15	0
Pct 7904	VBM	7904	1	846	248	29.31	34	22	31	6	135	0	20	0
Pct 7905	Election Day	7905	1	821	199	24.24	18	7	34	1	112	0	27	0
Pct 7905	VBM	7905	1	821	275	33.5	31	8	30	9	163	1	33	0
Pct 7906	Election Day	7906	1	769	164	21.33	22	6	41	3	68	1	23	0
Pct 7906	VBM	7906	1	769	214	27.83	32	7	38	2	110	0	23	2
Pct 7907	Election Day	7907	1	926	201	21.71	25	12	52	2	82	2	26	0
Pct 7907	VBM	7907	1	926	286	30.89	32	14	41	8	157	1	33	0
Pct 7908	Election Day	7908	1	936	191	20.41	18	14	40	4	82	1	31	1
Pct 7908	VBM	7908	1	936	267	28.53	32	23	34	12	124	1	41	0
Pct 7909	Election Day	7909	1	726	190	26.17	21	6	49	0	89	0	24	1
Pct 7909	VBM	7909	1	726	221	30.44	41	5	43	2	105	0	24	1
Pct 7911	Election Day	7911	1	849	192	22.61	25	6	31	2	101	0	27	0
Pct 7911	VBM	7911	1	849	250	29.45	30	11	29	7	136	2	35	0
Pct 7912	Election Day	7912	1	1036	215	20.75	38	2	48	3	80	3	41	0
Pct 7912	VBM	7912	1	1036	314	30.31	54	8	52	3	165	0	32	0
Pct 7913	Election Day	7913	1	887	240	27.06	23	10	55	6	110	0	36	0
Pct 7913	VBM	7913	1	887	244	27.51	40	15	43	7	119	0	20	0
Pct 7914	Election Day	7914	1	833	208	24.97	24	11	54	3	86	0	30	0
Pct 7914	VBM	7914	1	833	253	30.37	50	8	45	6	118	1	22	3
Pct 7915	Election Day	7915	1	802	213	26.56	14	13	55	6	97	0	28	0
Pct 7915	VBM	7915	1	802	222	27.68	29	11	42	4	107	0	28	1
Pct 7916	Election Day	7916	1	887	215	24.24	20	8	46	1	115	0	25	0
Pct 7916	VBM	7916	1	887	289	32.58	29	20	50	4	158	1	27	0
Pct 7917	Election Day	7917	1	983	254	25.84	36	14	68	10	88	0	38	0
Pct 7917	VBM	7917	1	983	287	29.2	39	11	64	6	138	2	26	1
Pct 7918	Election Day	7918	1	790	191	24.18	28	7	44	0	84	1	27	0
Pct 7918	VBM	7918	1	790	234	29.62	21	7	40	2	128	1	34	1
Pct 7919	Election Day	7919	1	857	217	25.32	30	13	44	1	96	0	33	0
Pct 7919	VBM	7919	1	857	241	28.12	26	12	51	6	119	0	27	0
Pct 7921	Election Day	7921	1	883	151	17.1	16	11	33	1	65	2	23	0
Pct 7921	VBM	7921	1	883	210	23.78	19	24	31	7	107	0	22	0
Pct 7922	Election Day	7922	1	797	182	22.84	19	7	71	4	63	0	18	0
Pct 7922	VBM	7922	1	797	241	30.24	35	16	24	6	144	1	14	1
Pct 7923	Election Day	7923	1	863	202	23.41	22	9	51	1	87	0	32	0
Pct 7923	VBM	7923	1	863	241	27.93	37	16	41	5	108	0	34	0
Pct 7924	Election Day	7924	1	806	172	21.34	23	11	45	0	71	1	21	0
Pct 7924	VBM	7924	1	806	247	30.65	41	18	44	9	113	0	22	0
Pct 7925	Election Day	7925	1	570	114	20	15	3	26	1	49	1	19	0
Pct 7925	VBM	7925	1	570	191	33.51	28	5	30	5	100	0	23	0
Pct 7926	Election Day	7926	1	768	177	23.05	19	3	40	2	92	1	20	0
Pct 7926	VBM	7926	1	768	296	38.54	40	13	48	6	154	0	35	0
Pct 7927	Election Day	7927	1	733	187	25.51	20	5	45	1	93	0	23	0
Pct 7927	VBM	7927	1	733	289	39.43	32	8	37	1	177	0	34	0
Pct 7928	Election Day	7928	1	899	253	28.14	27	10	43	7	138	0	28	0
Pct 7928	VBM	7928	1	899	297	33.04	41	9	42	5	176	0	24	0
Pct 7929	Election Day	7929	1	840	200	23.81	24	5	31	1	110	1	28	0
Pct 7929	VBM	7929	1	840	367	43.69	39	8	37	8	226	1	47	1
Pct 7931	Election Day	7931	1	732	189	25.82	21	3	20	2	120	0	23	0
Pct 7931	VBM	7931	1	732	317	43.31	32	7	21	7	199	0	51	0
Pct 7932	Election Day	7932	1	551	112	20.33	8	2	18	3	68	0	13	0
Pct 7932	VBM	7932	1	551	225	40.83	37	4	34	6	123	0	21	0
Pct 7933 MB	Election Day	7933	1	8	0	0	0	0	0	0	0	0	0	0
Pct 7933 MB	VBM	7933	1	8	4	50	0	0	0	0	3	0	1	0
Pct 7934	Election Day	7934	1	885	195	22.03	19	3	42	1	97	0	33	0
Pct 7934	VBM	7934	1	885	328	37.06	39	9	47	4	184	1	44	0
Pct 7935	Election Day	7935	1	938	283	30.17	25	9	52	4	153	0	40	0
Pct 7935	VBM	7935	1	938	370	39.45	30	10	44	8	229	2	47	0
Pct 7936	Election Day	7936	1	832	246	29.57	23	8	49	4	125	1	36	0
Pct 7936	VBM	7936	1	832	326	39.18	35	11	51	7	181	1	40	0
Pct 7937	Election Day	7937	1	874	223	25.51	22	13	35	0	118	0	35	0
Pct 7937	VBM	7937	1	874	309	35.35	34	10	39	5	189	1	31	0
Pct 7938	Election Day	7938	1	774	162	20.93	18	10	24	3	85	0	22	0
Pct 7938	VBM	7938	1	774	247	31.91	29	14	47	5	126	0	26	0
Pct 7939	Election Day	7939	1	667	186	27.89	16	5	34	3	95	0	33	0
Pct 7939	VBM	7939	1	667	230	34.48	22	8	37	7	124	1	29	2
Pct 7941	Election Day	7941	1	728	167	22.94	22	10	22	2	85	1	25	0
Pct 7941	VBM	7941	1	728	236	32.42	31	8	36	4	130	0	27	0
Pct 7942	Election Day	7942	1	893	166	18.59	16	10	18	5	87	0	30	0
Pct 7942	VBM	7942	1	893	286	32.03	30	9	18	10	174	1	44	0
Pct 7943	Election Day	7943	1	887	192	21.65	17	12	28	6	99	0	29	1
Pct 7943	VBM	7943	1	887	319	35.96	29	23	30	18	187	0	32	0
Pct 7944	Election Day	7944	1	769	201	26.14	22	8	34	2	110	0	25	0
Pct 7944	VBM	7944	1	769	235	30.56	30	11	25	9	127	0	33	0
Pct 7945	Election Day	7945	1	897	118	13.15	11	10	13	1	65	0	18	0
Pct 7945	VBM	7945	1	897	294	32.78	33	15	38	7	161	0	40	0
Pct 7946	Election Day	7946	1	909	134	14.74	11	9	21	3	76	0	14	0
Pct 7946	VBM	7946	1	909	348	38.28	36	44	19	16	193	1	39	0
Pct 7947	Election Day	7947	1	894	128	14.32	7	12	8	5	74	1	21	0
Pct 7947	VBM	7947	1	894	327	36.58	20	43	18	26	163	0	57	0
Pct 7948	Election Day	7948	1	900	165	18.33	13	13	15	7	96	0	21	0
Pct 7948	VBM	7948	1	900	313	34.78	27	30	19	24	172	0	41	0
Pct 7949	Election Day	7949	1	552	78	14.13	5	4	7	4	44	0	14	0
Pct 7949	VBM	7949	1	552	224	40.58	8	19	5	20	145	0	27	0
Pct 7951	Election Day	7951	1	830	97	11.69	10	7	13	5	50	0	12	0
Pct 7951	VBM	7951	1	830	341	41.08	29	39	19	37	179	1	35	2
Pct 7952	Election Day	7952	1	823	100	12.15	3	12	7	7	55	1	15	0
Pct 7952	VBM	7952	1	823	288	34.99	35	22	18	19	159	1	34	0
Pct 7953	Election Day	7953	1	795	103	12.96	12	4	8	5	62	0	12	0
Pct 7953	VBM	7953	1	795	294	36.98	35	31	11	36	148	0	33	0
Pct 7954 MB	Election Day	7954	1	0	0	0	0	0	0	0	0	0	0	0
Pct 7954 MB	VBM	7954	1	0	0	0	0	0	0	0	0	0	0	0
Pct 7955	Election Day	7955	1	854	116	13.58	6	10	12	5	66	1	16	0
Pct 7955	VBM	7955	1	854	320	37.47	21	26	24	30	159	0	59	1
Pct 7956	Election Day	7956	1	779	101	12.97	11	8	7	4	45	0	26	0
Pct 7956	VBM	7956	1	779	247	31.71	12	39	9	19	126	1	41	0
Pct 7957	Election Day	7957	1	623	97	15.57	11	2	8	1	58	1	16	0
Pct 7957	VBM	7957	1	623	217	34.83	11	18	19	9	129	0	31	0
Pct 7958 MB	Election Day	7958	1	263	13	4.94	1	1	5	0	4	0	2	0
Pct 7958 MB	VBM	7958	1	263	104	39.54	8	15	8	5	51	4	13	0
Pct 7959	Election Day	7959	1	695	110	15.83	15	7	27	2	43	0	16	0
Pct 7959	VBM	7959	1	695	190	27.34	40	7	17	1	103	1	21	0
Pct 9001 MB	Election Day	9001	1	257	8	3.11	1	0	0	2	4	0	1	0
Pct 9001 MB	VBM	9001	1	257	101	39.3	4	7	2	4	72	0	12	0
Pct 9101	Election Day	9101	1	833	190	22.81	17	9	17	14	104	0	29	0
Pct 9101	VBM	9101	1	833	323	38.78	30	13	19	31	194	1	35	0
Pct 9102	Election Day	9102	1	950	182	19.16	17	11	13	17	97	1	26	0
Pct 9102	VBM	9102	1	950	335	35.26	26	16	18	35	204	1	35	0
Pct 9103	Election Day	9103	1	924	174	18.83	21	4	13	10	104	1	21	0
Pct 9103	VBM	9103	1	924	302	32.68	24	24	8	27	179	3	37	0
Pct 9104	Election Day	9104	1	937	176	18.78	12	7	19	15	93	2	28	0
Pct 9104	VBM	9104	1	937	332	35.43	39	22	21	25	192	0	33	0
Pct 9105	Election Day	9105	1	888	191	21.51	13	10	12	9	116	1	30	0
Pct 9105	VBM	9105	1	888	339	38.18	28	24	27	23	192	2	43	0
Pct 9106	Election Day	9106	1	907	213	23.48	25	7	10	19	128	0	24	0
Pct 9106	VBM	9106	1	907	334	36.82	40	19	13	20	191	0	51	0
Pct 9107	Election Day	9107	1	806	164	20.35	11	10	15	10	99	0	19	0
Pct 9107	VBM	9107	1	806	246	30.52	19	13	25	25	138	0	26	0
Pct 9108	Election Day	9108	1	761	185	24.31	18	8	37	11	91	0	20	0
Pct 9108	VBM	9108	1	761	220	28.91	15	9	14	13	146	0	23	0
Pct 9109	Election Day	9109	1	848	205	24.17	9	8	22	14	123	0	29	0
Pct 9109	VBM	9109	1	848	285	33.61	27	15	15	13	188	0	27	0
Pct 9111	Election Day	9111	1	756	150	19.84	11	8	15	16	82	0	17	1
Pct 9111	VBM	9111	1	756	226	29.89	18	10	24	12	134	0	27	1
Pct 9112	Election Day	9112	1	918	211	22.98	26	8	25	8	113	0	31	0
Pct 9112	VBM	9112	1	918	295	32.14	37	17	24	12	160	0	43	2
Pct 9113	Election Day	9113	1	959	231	24.09	17	19	30	13	118	1	33	0
Pct 9113	VBM	9113	1	959	351	36.6	33	19	23	24	209	0	42	1
Pct 9114	Election Day	9114	1	820	170	20.73	17	3	21	7	97	0	24	1
Pct 9114	VBM	9114	1	820	273	33.29	19	5	40	15	149	0	45	0
Pct 9115	Election Day	9115	1	873	172	19.7	17	7	16	8	107	0	16	1
Pct 9115	VBM	9115	1	873	287	32.88	35	15	40	14	146	0	36	1
Pct 9116	Election Day	9116	1	903	193	21.37	23	8	35	4	94	1	28	0
Pct 9116	VBM	9116	1	903	314	34.77	43	15	31	22	164	0	39	0
Pct 9117	Election Day	9117	1	756	180	23.81	28	10	17	10	99	0	16	0
Pct 9117	VBM	9117	1	756	285	37.7	26	14	7	18	184	0	36	0
Pct 9118	Election Day	9118	1	923	184	19.93	12	8	25	12	90	2	35	0
Pct 9118	VBM	9118	1	923	268	29.04	25	20	25	25	147	0	26	0
Pct 9119	Election Day	9119	1	856	152	17.76	15	7	21	10	77	0	22	0
Pct 9119	VBM	9119	1	856	323	37.73	36	8	20	36	179	1	43	0
Pct 9121	Election Day	9121	1	890	188	21.12	17	15	23	15	95	0	23	0
Pct 9121	VBM	9121	1	890	274	30.79	16	16	18	17	169	2	35	1
Pct 9122	Election Day	9122	1	913	131	14.35	9	5	13	9	74	0	20	1
Pct 9122	VBM	9122	1	913	292	31.98	20	22	18	36	162	0	34	0
Pct 9123	Election Day	9123	1	829	175	21.11	19	6	14	19	100	0	17	0
Pct 9123	VBM	9123	1	829	270	32.57	33	22	25	27	136	2	25	0
Pct 9124	Election Day	9124	1	832	150	18.03	13	9	13	9	82	0	24	0
Pct 9124	VBM	9124	1	832	290	34.86	28	22	18	25	161	0	36	0
Pct 9125	Election Day	9125	1	822	159	19.34	11	5	14	9	95	2	23	0
Pct 9125	VBM	9125	1	822	299	36.37	34	17	17	20	181	1	29	0
Pct 9126	Election Day	9126	1	945	186	19.68	18	8	25	15	95	0	25	0
Pct 9126	VBM	9126	1	945	350	37.04	20	29	35	28	185	0	53	0
Pct 9127	Election Day	9127	1	908	209	23.02	14	8	26	15	124	0	22	0
Pct 9127	VBM	9127	1	908	315	34.69	36	18	19	18	178	0	46	0
Pct 9128	Election Day	9128	1	805	188	23.35	12	12	24	12	103	0	25	0
Pct 9128	VBM	9128	1	805	296	36.77	21	20	17	29	177	0	32	0
Pct 9129	Election Day	9129	1	713	173	24.26	18	5	17	8	98	1	26	0
Pct 9129	VBM	9129	1	713	225	31.56	25	8	14	19	122	0	37	0
Pct 9131	Election Day	9131	1	740	151	20.41	18	6	16	4	86	1	20	0
Pct 9131	VBM	9131	1	740	274	37.03	22	10	20	25	173	0	24	0
Pct 9132	Election Day	9132	1	827	167	20.19	21	1	23	6	85	1	30	0
Pct 9132	VBM	9132	1	827	251	30.35	37	10	22	20	125	1	34	2
Pct 9133	Election Day	9133	1	1007	188	18.67	30	6	25	3	109	0	15	0
Pct 9133	VBM	9133	1	1007	388	38.53	55	25	22	15	219	0	52	0
Pct 9134	Election Day	9134	1	893	132	14.78	20	3	16	9	64	0	20	0
Pct 9134	VBM	9134	1	893	297	33.26	27	22	27	13	172	0	36	0
Pct 9135	Election Day	9135	1	778	149	19.15	13	9	14	17	70	0	26	0
Pct 9135	VBM	9135	1	778	269	34.58	22	22	15	28	146	0	35	1
Pct 9136	Election Day	9136	1	894	191	21.36	18	6	18	9	121	0	19	0
Pct 9136	VBM	9136	1	894	289	32.33	35	7	16	20	159	0	52	0
Pct 9137	Election Day	9137	1	946	201	21.25	12	13	23	15	109	1	28	0
Pct 9137	VBM	9137	1	946	323	34.14	13	12	33	27	189	2	47	0
Pct 9138	Election Day	9138	1	892	155	17.38	9	7	12	13	90	1	23	0
Pct 9138	VBM	9138	1	892	323	36.21	26	20	16	22	211	0	27	1
Pct 9139	Election Day	9139	1	912	163	17.87	11	11	19	8	87	0	27	0
Pct 9139	VBM	9139	1	912	356	39.04	26	32	18	42	193	0	44	1
Pct 9141	Election Day	9141	1	904	168	18.58	23	10	17	9	87	0	22	0
Pct 9141	VBM	9141	1	904	328	36.28	34	19	26	23	188	0	38	0
Pct 9142	Election Day	9142	1	921	219	23.78	23	10	31	11	120	2	22	0
Pct 9142	VBM	9142	1	921	288	31.27	33	17	18	13	177	0	29	1
Pct 9143	Election Day	9143	1	887	196	22.1	19	7	21	5	110	1	33	0
Pct 9143	VBM	9143	1	887	315	35.51	31	19	36	30	166	0	33	0
Pct 9144	Election Day	9144	1	931	221	23.74	17	14	29	12	120	1	28	0
Pct 9144	VBM	9144	1	931	322	34.59	39	19	27	24	176	0	37	0
Pct 9145	Election Day	9145	1	837	197	23.54	15	11	20	12	112	1	26	0
Pct 9145	VBM	9145	1	837	282	33.69	32	18	15	20	156	0	41	0
Pct 9146	Election Day	9146	1	866	206	23.79	19	5	31	9	114	0	28	0
Pct 9146	VBM	9146	1	866	297	34.3	43	11	30	15	166	0	32	0
Pct 9147	Election Day	9147	1	920	227	24.67	28	8	33	8	111	0	39	0
Pct 9147	VBM	9147	1	920	318	34.57	31	14	46	14	162	0	51	0
Pct 9148	Election Day	9148	1	946	226	23.89	29	8	24	9	126	1	29	0
Pct 9148	VBM	9148	1	946	322	34.04	46	15	32	18	169	0	41	1
Pct 9149	Election Day	9149	1	884	196	22.17	23	6	17	10	107	0	32	1
Pct 9149	VBM	9149	1	884	296	33.48	31	12	26	19	172	0	36	0
Pct 9151	Election Day	9151	1	806	152	18.86	21	7	12	9	73	0	30	0
Pct 9151	VBM	9151	1	806	267	33.13	32	11	16	16	155	0	37	0
Pct 9152	Election Day	9152	1	712	67	9.41	5	3	8	5	38	0	8	0
Pct 9152	VBM	9152	1	712	138	19.38	17	3	12	17	78	0	11	0
Pct 9201	Election Day	9201	1	953	201	21.09	32	7	16	11	120	0	15	0
Pct 9201	VBM	9201	1	953	229	24.03	24	12	23	13	131	0	26	0
Pct 9202	Election Day	9202	1	908	184	20.26	24	14	10	9	101	1	25	0
Pct 9202	VBM	9202	1	908	218	24.01	35	11	15	11	113	1	32	0
Pct 9203	Election Day	9203	1	968	145	14.98	17	10	3	23	65	0	27	0
Pct 9203	VBM	9203	1	968	300	30.99	28	32	3	55	142	0	40	0
Pct 9204	Election Day	9204	1	809	147	18.17	8	19	3	21	65	1	30	0
Pct 9204	VBM	9204	1	809	223	27.56	28	23	8	37	100	1	26	0
Pct 9205	Election Day	9205	1	694	113	16.28	13	7	7	8	59	0	19	0
Pct 9205	VBM	9205	1	694	201	28.96	27	17	4	16	99	0	38	0
Pct 9206	Election Day	9206	1	887	135	15.22	11	12	2	19	73	0	18	0
Pct 9206	VBM	9206	1	887	294	33.15	27	42	4	43	147	0	31	0
Pct 9207	Election Day	9207	1	913	148	16.21	11	14	2	26	70	0	25	0
Pct 9207	VBM	9207	1	913	249	27.27	27	23	10	31	130	0	28	0
Pct 9208	Election Day	9208	1	936	147	15.71	26	10	3	20	68	0	20	0
Pct 9208	VBM	9208	1	936	240	25.64	22	20	6	27	130	0	35	0
Pct 9209	Election Day	9209	1	675	121	17.93	11	8	2	16	66	0	18	0
Pct 9209	VBM	9209	1	675	188	27.85	24	15	0	29	97	0	23	0
Pct 9211	Election Day	9211	1	834	130	15.59	21	6	4	10	68	0	21	0
Pct 9211	VBM	9211	1	834	212	25.42	21	20	8	28	103	0	31	1
Pct 9212	Election Day	9212	1	764	121	15.84	20	4	4	10	60	1	21	1
Pct 9212	VBM	9212	1	764	205	26.83	29	18	13	20	100	1	24	0
Pct 9213	Election Day	9213	1	890	140	15.73	15	8	10	6	81	0	20	0
Pct 9213	VBM	9213	1	890	260	29.21	27	21	9	22	139	0	42	0
Pct 9214	Election Day	9214	1	581	92	15.83	10	7	3	10	41	0	21	0
Pct 9214	VBM	9214	1	581	203	34.94	18	21	7	27	109	0	20	1
Pct 9215	Election Day	9215	1	626	130	20.77	16	14	1	24	53	1	21	0
Pct 9215	VBM	9215	1	626	170	27.16	17	9	2	18	100	0	24	0
Pct 9216	Election Day	9216	1	798	134	16.79	16	3	3	17	69	0	26	0
Pct 9216	VBM	9216	1	798	206	25.81	26	20	1	21	105	0	32	1
Pct 9217	Election Day	9217	1	684	123	17.98	10	13	5	17	56	0	22	0
Pct 9217	VBM	9217	1	684	187	27.34	26	19	4	19	92	0	27	0
Pct 9218	Election Day	9218	1	797	119	14.93	12	6	5	15	60	0	21	0
Pct 9218	VBM	9218	1	797	225	28.23	20	25	6	20	113	1	40	0
Pct 9219	Election Day	9219	1	733	146	19.92	17	11	6	16	73	0	23	0
Pct 9219	VBM	9219	1	733	187	25.51	29	8	4	11	111	0	23	1
Pct 9221	Election Day	9221	1	641	121	18.88	10	5	2	18	68	1	17	0
Pct 9221	VBM	9221	1	641	278	43.37	42	24	6	40	134	0	32	0
Pct 9222	Election Day	9222	1	842	139	16.51	12	8	2	15	77	0	25	0
Pct 9222	VBM	9222	1	842	268	31.83	33	22	3	35	140	0	35	0
Pct 9223	Election Day	9223	1	606	88	14.52	8	3	3	13	45	1	15	0
Pct 9223	VBM	9223	1	606	202	33.33	15	20	1	22	108	0	36	0
Pct 9224	Election Day	9224	1	912	171	18.75	17	12	8	25	80	0	29	0
Pct 9224	VBM	9224	1	912	308	33.77	40	28	10	45	142	0	43	0
Pct 9225	Election Day	9225	1	898	161	17.93	15	10	7	21	89	0	19	0
Pct 9225	VBM	9225	1	898	243	27.06	32	25	6	23	124	0	33	0
Pct 9226	Election Day	9226	1	905	143	15.8	17	10	4	17	76	0	19	0
Pct 9226	VBM	9226	1	905	312	34.48	44	21	6	32	148	2	57	2
Pct 9227	Election Day	9227	1	729	140	19.2	16	9	6	8	87	1	13	0
Pct 9227	VBM	9227	1	729	304	41.7	26	23	4	30	178	0	42	1
Pct 9228	Election Day	9228	1	726	175	24.1	18	9	7	17	102	0	22	0
Pct 9228	VBM	9228	1	726	277	38.15	24	22	3	41	152	1	34	0
Pct 9229	Election Day	9229	1	596	130	21.81	15	7	4	9	73	2	20	0
Pct 9229	VBM	9229	1	596	219	36.74	14	23	8	18	130	0	26	0
Pct 9231	Election Day	9231	1	919	221	24.05	22	6	13	10	143	0	27	0
Pct 9231	VBM	9231	1	919	294	31.99	30	10	16	18	179	1	40	0
Pct 9232	Election Day	9232	1	701	151	21.54	20	4	9	13	81	0	24	0
Pct 9232	VBM	9232	1	701	274	39.09	23	21	5	24	171	0	29	1
Pct 9233	Election Day	9233	1	774	139	17.96	10	12	2	9	75	0	31	0
Pct 9233	VBM	9233	1	774	308	39.79	38	23	5	42	148	0	52	0
Pct 9234	Election Day	9234	1	731	131	17.92	17	5	6	11	65	0	27	0
Pct 9234	VBM	9234	1	731	281	38.44	38	15	8	34	152	0	34	0
Pct 9235	Election Day	9235	1	842	174	20.67	17	17	7	18	91	0	24	0
Pct 9235	VBM	9235	1	842	298	35.39	35	25	1	34	164	0	39	0
Pct 9236	Election Day	9236	1	658	130	19.76	14	9	6	19	58	0	23	1
Pct 9236	VBM	9236	1	658	207	31.46	20	8	4	17	137	0	21	0
Pct 9237	Election Day	9237	1	880	145	16.48	30	2	4	14	73	1	21	0
Pct 9237	VBM	9237	1	880	331	37.61	37	29	8	29	165	0	63	0
Pct 9238	Election Day	9238	1	792	130	16.41	23	6	2	8	63	0	28	0
Pct 9238	VBM	9238	1	792	271	34.22	46	21	6	35	121	0	41	1
Pct 9239	Election Day	9239	1	835	117	14.01	6	12	3	9	71	0	16	0
Pct 9239	VBM	9239	1	835	318	38.08	42	26	6	42	160	1	41	0
Pct 9241	Election Day	9241	1	961	158	16.44	23	4	6	14	90	1	20	0
Pct 9241	VBM	9241	1	961	322	33.51	49	37	8	25	170	0	33	0
Pct 9242	Election Day	9242	1	940	154	16.38	19	10	7	13	78	0	27	0
Pct 9242	VBM	9242	1	940	300	31.91	34	10	7	26	182	0	41	0
Pct 9243	Election Day	9243	1	572	135	23.6	16	9	5	8	75	0	22	0
Pct 9243	VBM	9243	1	572	188	32.87	28	9	3	12	109	0	27	0
Pct 9244	Election Day	9244	1	880	149	16.93	20	5	5	5	93	0	21	0
Pct 9244	VBM	9244	1	880	269	30.57	32	7	10	13	159	0	47	1
Pct 9245	Election Day	9245	1	706	128	18.13	14	6	6	13	69	0	20	0
Pct 9245	VBM	9245	1	706	226	32.01	33	8	11	18	115	0	41	0
Pct 9246	Election Day	9246	1	910	139	15.27	18	4	6	12	81	0	18	0
Pct 9246	VBM	9246	1	910	299	32.86	40	26	8	15	159	0	51	0
Pct 9247	Election Day	9247	1	936	151	16.13	11	11	14	10	84	1	20	0
Pct 9247	VBM	9247	1	936	303	32.37	50	21	12	25	168	0	26	1
Pct 9248	Election Day	9248	1	898	181	20.16	23	5	8	7	114	0	24	0
Pct 9248	VBM	9248	1	898	282	31.4	30	12	16	15	159	0	50	0
Pct 9249	Election Day	9249	1	910	187	20.55	24	9	9	16	98	0	31	0
Pct 9249	VBM	9249	1	910	314	34.51	38	12	12	25	177	0	49	1
Pct 9251	Election Day	9251	1	946	204	21.56	23	9	15	12	109	0	36	0
Pct 9251	VBM	9251	1	946	342	36.15	50	16	13	22	199	0	42	0
Pct 9252	Election Day	9252	1	913	140	15.33	22	7	11	5	77	0	18	0
Pct 9252	VBM	9252	1	913	352	38.55	47	19	16	33	192	0	45	0
Pct 9253	Election Day	9253	1	751	138	18.38	16	7	3	8	78	0	26	0
Pct 9253	VBM	9253	1	751	272	36.22	30	23	7	23	145	0	41	3
Pct 9254	Election Day	9254	1	889	168	18.9	20	7	11	5	96	0	29	0
Pct 9254	VBM	9254	1	889	318	35.77	48	17	17	18	184	1	33	0
Pct 9255	Election Day	9255	1	545	126	23.12	21	4	12	6	67	0	16	0
Pct 9255	VBM	9255	1	545	128	23.49	17	9	7	8	75	0	12	0
Pct 9256	Election Day	9256	1	433	77	17.78	12	2	4	4	44	0	11	0
Pct 9256	VBM	9256	1	433	103	23.79	14	4	7	4	63	0	11	0
Pct 9257 MB	Election Day	9257	1	312	9	2.88	1	0	2	0	5	0	1	0
Pct 9257 MB	VBM	9257	1	312	150	48.08	18	9	18	3	88	0	14	0
Pct 9258	Election Day	9258	1	699	127	18.17	15	2	11	6	79	1	13	0
Pct 9258	VBM	9258	1	699	244	34.91	30	9	23	18	135	0	29	0
Pct 9401	Election Day	9401	1	970	194	20	24	6	29	3	99	0	33	0
Pct 9401	VBM	9401	1	970	293	30.21	24	17	34	14	171	1	32	0
Pct 9402	Election Day	9402	1	931	197	21.16	16	8	26	9	107	0	31	0
Pct 9402	VBM	9402	1	931	307	32.98	21	18	25	24	175	0	44	0
Pct 9403	Election Day	9403	1	853	167	19.58	13	9	20	6	92	0	27	0
Pct 9403	VBM	9403	1	853	286	33.53	28	24	27	21	153	2	31	0
Pct 9404	Election Day	9404	1	889	153	17.21	14	8	14	10	82	0	25	0
Pct 9404	VBM	9404	1	889	320	36	27	19	19	29	180	0	46	0
Pct 9405	Election Day	9405	1	757	160	21.14	14	17	11	11	92	0	15	0
Pct 9405	VBM	9405	1	757	245	32.36	25	18	14	21	131	1	35	0
Pct 9406	Election Day	9406	1	815	179	21.96	16	13	18	14	93	0	24	1
Pct 9406	VBM	9406	1	815	277	33.99	34	33	21	12	150	0	26	1
Pct 9407	Election Day	9407	1	861	191	22.18	22	11	15	7	105	0	31	0
Pct 9407	VBM	9407	1	861	284	32.98	49	23	27	21	137	0	27	0
Pct 9408	Election Day	9408	1	837	187	22.34	21	10	27	5	89	0	35	0
Pct 9408	VBM	9408	1	837	246	29.39	27	12	38	10	126	0	33	0
Pct 9409	Election Day	9409	1	565	140	24.78	21	5	17	6	81	0	10	0
Pct 9409	VBM	9409	1	565	170	30.09	23	5	12	11	91	0	28	0
Pct 9411	Election Day	9411	1	936	175	18.7	28	3	24	6	93	0	21	0
Pct 9411	VBM	9411	1	936	261	27.88	30	13	28	15	146	1	28	0
Pct 9412	Election Day	9412	1	843	164	19.45	10	7	15	11	105	2	14	0
Pct 9412	VBM	9412	1	843	285	33.81	27	16	20	17	154	2	49	0
Pct 9413	Election Day	9413	1	858	172	20.05	15	8	18	13	97	0	21	0
Pct 9413	VBM	9413	1	858	310	36.13	25	19	17	15	192	0	41	1
Pct 9414	Election Day	9414	1	862	159	18.45	19	7	13	16	79	1	24	0
Pct 9414	VBM	9414	1	862	307	35.61	32	14	20	24	178	1	38	0
Pct 9415	Election Day	9415	1	755	121	16.03	10	6	10	9	73	0	13	0
Pct 9415	VBM	9415	1	755	284	37.62	35	25	13	29	148	0	34	0
Pct 9416	Election Day	9416	1	962	198	20.58	24	8	20	11	113	0	22	0
Pct 9416	VBM	9416	1	962	316	32.85	21	26	13	14	199	1	42	0
Pct 9417	Election Day	9417	1	714	117	16.39	10	12	11	6	60	0	18	0
Pct 9417	VBM	9417	1	714	286	40.06	25	28	16	30	153	2	32	0
Pct 9418	Election Day	9418	1	753	157	20.85	15	5	11	14	85	1	26	0
Pct 9418	VBM	9418	1	753	269	35.72	18	16	11	27	146	1	50	0
Pct 9419	Election Day	9419	1	893	167	18.7	6	10	13	18	90	0	29	1
Pct 9419	VBM	9419	1	893	326	36.51	15	31	13	38	190	0	39	0
Pct 9421	Election Day	9421	1	878	150	17.08	15	7	11	13	79	1	24	0
Pct 9421	VBM	9421	1	878	316	35.99	25	25	18	26	189	0	33	0
Pct 9422	Election Day	9422	1	1010	200	19.8	20	7	14	25	104	0	29	1
Pct 9422	VBM	9422	1	1010	358	35.45	25	31	20	33	207	2	40	0
Pct 9423	Election Day	9423	1	853	147	17.23	13	6	17	9	85	0	17	0
Pct 9423	VBM	9423	1	853	292	34.23	18	11	19	19	190	4	30	1
Pct 9424	Election Day	9424	1	910	146	16.04	16	9	18	10	71	0	22	0
Pct 9424	VBM	9424	1	910	331	36.37	35	19	14	14	224	0	25	0
Pct 9425	Election Day	9425	1	903	136	15.06	6	7	20	6	79	0	18	0
Pct 9425	VBM	9425	1	903	313	34.66	31	20	16	27	182	1	36	0
Pct 9426	Election Day	9426	1	801	143	17.85	7	10	8	21	82	0	15	0
Pct 9426	VBM	9426	1	801	283	35.33	14	21	17	34	146	0	51	0
Pct 9427	Election Day	9427	1	889	129	14.51	7	12	7	14	72	0	17	0
Pct 9427	VBM	9427	1	889	333	37.46	23	27	13	42	174	1	53	0
Pct 9428	Election Day	9428	1	892	122	13.68	14	12	10	6	60	1	19	0
Pct 9428	VBM	9428	1	892	346	38.79	33	26	20	29	196	1	41	0
Pct 9429	Election Day	9429	1	866	173	19.98	10	13	14	12	101	1	22	0
Pct 9429	VBM	9429	1	866	308	35.57	17	23	13	31	186	0	37	1
Pct 9431	Election Day	9431	1	954	152	15.93	17	12	6	11	89	0	17	0
Pct 9431	VBM	9431	1	954	352	36.9	35	29	14	33	200	0	41	0
Pct 9432	Election Day	9432	1	901	155	17.2	11	6	13	10	97	0	18	0
Pct 9432	VBM	9432	1	901	307	34.07	15	29	10	17	193	3	40	0
Pct 9433	Election Day	9433	1	912	155	17	20	14	8	17	80	0	16	0
Pct 9433	VBM	9433	1	912	317	34.76	15	17	14	36	194	0	41	0
Pct 9434	Election Day	9434	1	963	188	19.52	11	9	11	22	101	0	34	0
Pct 9434	VBM	9434	1	963	349	36.24	37	19	18	27	212	0	35	1
Pct 9435	Election Day	9435	1	934	195	20.88	14	18	16	13	112	1	21	0
Pct 9435	VBM	9435	1	934	320	34.26	18	20	14	25	191	2	50	0
Pct 9436	Election Day	9436	1	941	161	17.11	13	15	4	14	92	0	23	0
Pct 9436	VBM	9436	1	941	337	35.81	21	26	23	29	194	0	44	0
Pct 9437	Election Day	9437	1	873	170	19.47	20	8	8	13	95	0	26	0
Pct 9437	VBM	9437	1	873	324	37.11	24	33	14	35	181	0	37	0
Pct 9438	Election Day	9438	1	918	129	14.05	8	10	14	8	76	0	13	0
Pct 9438	VBM	9438	1	918	336	36.6	28	23	13	34	187	0	51	0
Pct 9439	Election Day	9439	1	827	126	15.24	12	7	8	6	79	1	13	0
Pct 9439	VBM	9439	1	827	314	37.97	22	30	9	37	162	0	53	1
Pct 9441	Election Day	9441	1	939	205	21.83	20	9	24	10	110	0	32	0
Pct 9441	VBM	9441	1	939	337	35.89	39	22	19	24	185	1	47	0
Pct 9442	Election Day	9442	1	970	200	20.62	20	7	17	20	116	0	20	0
Pct 9442	VBM	9442	1	970	325	33.51	22	34	21	29	173	2	44	0
Pct 9443	Election Day	9443	1	886	138	15.58	10	6	13	12	75	1	21	0
Pct 9443	VBM	9443	1	886	304	34.31	36	18	28	16	175	1	30	0
Pct 9444	Election Day	9444	1	901	118	13.1	6	5	12	16	63	1	15	0
Pct 9444	VBM	9444	1	901	312	34.63	24	32	7	29	184	0	36	0
Pct 9445	Election Day	9445	1	945	154	16.3	9	10	13	18	86	2	16	0
Pct 9445	VBM	9445	1	945	342	36.19	18	23	19	36	200	0	46	0
Pct 9446	Election Day	9446	1	1043	164	15.72	14	12	5	13	99	0	21	0
Pct 9446	VBM	9446	1	1043	417	39.98	35	43	16	36	235	0	52	0
Pct 9447	Election Day	9447	1	891	171	19.19	14	10	13	12	101	0	21	0
Pct 9447	VBM	9447	1	891	327	36.7	39	18	10	30	186	0	44	0
Pct 9448	Election Day	9448	1	877	159	18.13	15	11	21	11	79	2	20	0
Pct 9448	VBM	9448	1	877	307	35.01	20	19	19	21	180	1	47	0
Pct 9449	Election Day	9449	1	784	97	12.37	10	7	8	7	59	0	6	0
Pct 9449	VBM	9449	1	784	302	38.52	20	24	16	28	174	0	39	1
Pct 9451	Election Day	9451	1	414	57	13.77	4	5	3	3	42	0	0	0
Pct 9451	VBM	9451	1	414	154	37.2	9	13	5	27	83	1	15	1
Pct 9452	Election Day	9452	1	799	175	21.9	10	19	14	18	96	0	18	0
Pct 9452	VBM	9452	1	799	281	35.17	24	18	19	30	146	0	44	0
Pct 9453	Election Day	9453	1	488	90	18.44	5	5	3	8	60	1	8	0
Pct 9453	VBM	9453	1	488	175	35.86	10	16	4	17	115	0	12	1
Pct 9501 MB	Election Day	9501	1	149	5	3.36	0	1	0	1	1	0	2	0
Pct 9501 MB	VBM	9501	1	149	71	47.65	11	7	3	3	34	0	13	0
Pct 9502 MB	Election Day	9502	1	233	10	4.29	0	0	1	1	5	0	3	0
Pct 9502 MB	VBM	9502	1	233	116	49.79	17	7	1	2	77	0	12	0
Pct 9503/9504	Election Day	9503	1	725	128	17.66	9	7	13	3	69	0	26	1
Pct 9503/9504	VBM	9503	1	725	184	25.38	27	8	7	9	107	0	25	1
Pct 9505	Election Day	9505	1	756	147	19.44	7	6	9	5	94	0	25	1
Pct 9505	VBM	9505	1	756	274	36.24	33	6	25	10	151	0	49	0
Pct 9506	Election Day	9506	1	771	134	17.38	21	7	12	3	79	0	12	0
Pct 9506	VBM	9506	1	771	217	28.15	22	7	15	5	132	0	36	0
Pct 9507	Election Day	9507	1	733	170	23.19	27	3	29	5	81	0	25	0
Pct 9507	VBM	9507	1	733	218	29.74	31	4	36	3	122	0	22	0
Pct 9508	Election Day	9508	1	784	180	22.96	30	4	34	4	85	1	22	0
Pct 9508	VBM	9508	1	784	258	32.91	38	4	36	0	147	1	31	1
Pct 9509	Election Day	9509	1	719	165	22.95	21	1	20	8	89	1	24	1
Pct 9509	VBM	9509	1	719	239	33.24	37	2	22	1	146	0	31	0
Pct 9511	Election Day	9511	1	600	147	24.5	26	6	28	5	61	0	21	0
Pct 9511	VBM	9511	1	600	177	29.5	27	7	22	10	85	1	24	1
Pct 9512	Election Day	9512	1	771	161	20.88	15	5	34	2	82	1	22	0
Pct 9512	VBM	9512	1	771	251	32.56	35	8	27	5	141	1	34	0
Pct 9513	Election Day	9513	1	864	200	23.15	28	8	21	4	108	1	30	0
Pct 9513	VBM	9513	1	864	261	30.21	43	8	29	6	137	0	38	0
Pct 9514/9522	Election Day	9514	1	869	229	26.35	27	7	20	9	141	0	25	0
Pct 9514/9522	VBM	9514	1	869	257	29.57	31	10	15	6	154	0	40	1
Pct 9515	Election Day	9515	1	685	159	23.21	14	7	18	3	98	1	18	0
Pct 9515	VBM	9515	1	685	243	35.47	29	10	20	10	136	0	38	0
Pct 9516	Election Day	9516	1	864	206	23.84	21	10	32	11	102	0	30	0
Pct 9516	VBM	9516	1	864	269	31.13	33	14	25	11	152	0	33	1
Pct 9517	Election Day	9517	1	768	197	25.65	31	10	26	4	96	0	30	0
Pct 9517	VBM	9517	1	768	235	30.6	26	10	25	18	133	0	23	0
Pct 9518	Election Day	9518	1	783	180	22.99	29	6	23	2	97	1	22	0
Pct 9518	VBM	9518	1	783	242	30.91	27	9	20	9	148	0	29	0
Pct 9519	Election Day	9519	1	850	217	25.53	29	7	26	9	115	0	31	0
Pct 9519	VBM	9519	1	850	294	34.59	35	10	30	7	178	0	34	0
Pct 9521	Election Day	9521	1	893	254	28.44	33	7	31	4	151	2	26	0
Pct 9521	VBM	9521	1	893	290	32.47	40	4	30	7	176	0	33	0
Pct 9701	Election Day	9701	1	665	156	23.46	23	2	20	5	85	0	21	0
Pct 9701	VBM	9701	1	665	235	35.34	30	12	19	14	124	2	33	1
Pct 9702	Election Day	9702	1	710	194	27.32	29	5	22	8	101	1	28	0
Pct 9702	VBM	9702	1	710	231	32.54	23	12	21	10	129	0	36	0
Pct 9703	Election Day	9703	1	931	182	19.55	21	10	12	15	98	1	25	0
Pct 9703	VBM	9703	1	931	373	40.06	20	28	34	23	215	0	53	0
Pct 9704	Election Day	9704	1	942	191	20.28	25	7	18	11	112	0	18	0
Pct 9704	VBM	9704	1	942	354	37.58	33	17	29	12	220	1	42	0
Pct 9705	Election Day	9705	1	879	208	23.66	26	2	24	12	115	0	29	0
Pct 9705	VBM	9705	1	879	309	35.15	40	11	25	10	189	0	34	0
Pct 9706 MB	Election Day	9706	1	51	2	3.92	1	0	0	0	1	0	0	0
Pct 9706 MB	VBM	9706	1	51	32	62.75	2	2	2	1	23	0	2	0
Pct 9707	Election Day	9707	1	799	121	15.14	8	7	8	13	76	0	9	0
Pct 9707	VBM	9707	1	799	355	44.43	26	19	13	35	222	0	40	0
Pct 9708	Election Day	9708	1	919	193	21	21	6	21	8	112	0	25	0
Pct 9708	VBM	9708	1	919	324	35.26	36	9	25	19	179	1	54	1
Pct 9709	Election Day	9709	1	998	196	19.64	18	6	10	14	118	1	29	0
Pct 9709	VBM	9709	1	998	355	35.57	35	16	10	34	220	0	40	0
Pct 9711	Election Day	9711	1	625	167	26.72	20	8	8	14	97	1	19	0
Pct 9711	VBM	9711	1	625	254	40.64	27	14	6	18	171	0	18	0
Pct 9712	Election Day	9712	1	651	134	20.58	12	7	6	10	88	1	10	0
Pct 9712	VBM	9712	1	651	288	44.24	25	24	10	22	174	0	33	0
Pct 9713	Election Day	9713	1	930	161	17.31	13	8	10	17	82	2	29	0
Pct 9713	VBM	9713	1	930	362	38.92	36	20	12	29	230	0	35	0
Pct 9714	Election Day	9714	1	911	154	16.9	10	8	7	21	89	0	19	0
Pct 9714	VBM	9714	1	911	367	40.29	35	24	5	43	219	2	39	0
Pct 9715	Election Day	9715	1	566	162	28.62	13	10	8	12	102	2	15	0
Pct 9715	VBM	9715	1	566	218	38.52	16	20	7	25	129	0	21	0
Pct 9716	Election Day	9716	1	928	198	21.34	21	16	20	13	103	0	25	0
Pct 9716	VBM	9716	1	928	368	39.66	32	25	13	36	224	0	38	0
Pct 9717	Election Day	9717	1	967	206	21.3	15	15	22	18	111	0	25	0
Pct 9717	VBM	9717	1	967	371	38.37	30	23	21	22	243	0	32	0
Pct 9718	Election Day	9718	1	843	183	21.71	12	8	9	21	117	1	15	0
Pct 9718	VBM	9718	1	843	385	45.67	26	32	20	42	236	1	28	0
Pct 9719	Election Day	9719	1	863	186	21.55	14	12	10	12	122	0	16	0
Pct 9719	VBM	9719	1	863	389	45.08	41	21	10	38	244	1	34	0
Pct 9721	Election Day	9721	1	653	182	27.87	15	9	5	21	113	2	17	0
Pct 9721	VBM	9721	1	653	250	38.28	16	9	7	32	147	1	38	0
Pct 9722	Election Day	9722	1	593	86	14.5	14	6	3	7	49	0	7	0
Pct 9722	VBM	9722	1	593	269	45.36	25	15	8	41	159	0	21	0
Pct 9723	Election Day	9723	1	458	74	16.16	5	5	2	7	46	0	9	0
Pct 9723	VBM	9723	1	458	198	43.23	11	12	3	32	117	0	23	0
Pct 9724	Election Day	9724	1	950	144	15.16	8	13	5	24	83	1	10	0
Pct 9724	VBM	9724	1	950	386	40.63	22	38	9	64	204	0	49	0
Pct 9725	Election Day	9725	1	941	118	12.54	10	15	5	21	56	0	11	0
Pct 9725	VBM	9725	1	941	350	37.19	30	32	4	40	204	0	40	0
Pct 9726	Election Day	9726	1	685	83	12.12	6	2	7	8	50	0	10	0
Pct 9726	VBM	9726	1	685	137	20	16	8	6	24	70	1	11	1
Pct 9727	Election Day	9727	1	435	60	13.79	4	3	2	9	35	0	7	0
Pct 9727	VBM	9727	1	435	205	47.13	18	20	1	38	110	0	18	0
Pct 9728	Election Day	9728	1	906	204	22.52	16	17	2	26	125	0	18	0
Pct 9728	VBM	9728	1	906	378	41.72	36	36	7	48	219	0	31	1
Pct 9729	Election Day	9729	1	782	161	20.59	7	11	2	23	93	0	25	0
Pct 9729	VBM	9729	1	782	304	38.87	26	24	4	42	171	0	37	0
Pct 9731	Election Day	9731	1	529	138	26.09	10	16	2	13	80	0	17	0
Pct 9731	VBM	9731	1	529	189	35.73	10	17	4	21	113	2	22	0
Pct 9732 MB	Election Day	9732	1	73	3	4.11	0	0	0	0	3	0	0	0
Pct 9732 MB	VBM	9732	1	73	43	58.9	6	1	1	2	30	0	3	0
Pct 9733 MB	Election Day	9733	1	224	4	1.79	0	1	0	0	3	0	0	0
Pct 9733 MB	VBM	9733	1	224	146	65.18	9	8	7	7	105	0	10	0
Pct 9734	Election Day	9734	1	577	122	21.14	10	6	0	11	82	0	13	0
Pct 9734	VBM	9734	1	577	261	45.23	21	15	3	29	171	0	22	0
Pct 9735	Election Day	9735	1	782	167	21.36	13	12	7	10	93	1	30	1
Pct 9735	VBM	9735	1	782	344	43.99	29	24	12	36	209	0	34	0
Pct 9736	Election Day	9736	1	699	145	20.74	15	7	5	21	80	0	17	0
Pct 9736	VBM	9736	1	699	305	43.63	22	13	9	18	206	0	37	0
Pct 9737	Election Day	9737	1	792	175	22.1	11	7	6	13	117	0	21	0
Pct 9737	VBM	9737	1	792	343	43.31	27	15	14	30	232	0	25	0
Pct 9738	Election Day	9738	1	830	99	11.93	9	8	7	8	56	1	10	0
Pct 9738	VBM	9738	1	830	263	31.69	23	10	8	30	168	1	22	1
Pct 9739	Election Day	9739	1	826	126	15.25	12	3	15	12	71	0	12	1
Pct 9739	VBM	9739	1	826	193	23.37	21	13	15	18	114	0	12	0
Pct 9741	Election Day	9741	1	1022	19	1.86	6	0	2	0	9	0	2	0
Pct 9741	VBM	9741	1	1022	24	2.35	5	1	0	0	17	0	1	0
Pct 9742	Election Day	9742	1	647	134	20.71	10	6	6	19	81	0	12	0
Pct 9742	VBM	9742	1	647	187	28.9	16	16	5	23	103	0	24	0
Pct 9743	Election Day	9743	1	1093	172	15.74	13	11	17	8	101	0	22	0
Pct 9743	VBM	9743	1	1093	317	29	26	22	23	25	194	0	27	0
Pct 9744	Election Day	9744	1	902	141	15.63	15	4	16	18	74	1	12	1
Pct 9744	VBM	9744	1	902	234	25.94	26	25	10	24	124	1	24	0
Pct 9745	Election Day	9745	1	934	141	15.1	13	6	11	13	78	2	18	0
Pct 9745	VBM	9745	1	934	205	21.95	30	8	12	20	121	0	14	0
Pct 9746	Election Day	9746	1	867	192	22.15	11	16	5	24	108	0	28	0
Pct 9746	VBM	9746	1	867	334	38.52	20	25	11	43	197	0	38	0
Pct 9747	Election Day	9747	1	940	198	21.06	27	3	12	13	125	0	18	0
Pct 9747	VBM	9747	1	940	323	34.36	38	21	20	22	186	0	36	0
Pct 9748	Election Day	9748	1	913	164	17.96	10	4	9	18	103	1	19	0
Pct 9748	VBM	9748	1	913	342	37.46	33	31	14	38	189	1	35	1
Pct 9749	Election Day	9749	1	893	143	16.01	14	7	19	4	73	1	25	0
Pct 9749	VBM	9749	1	893	266	29.79	35	20	23	15	145	1	26	1
Pct 9751	Election Day	9751	1	977	157	16.07	15	6	5	14	96	0	21	0
Pct 9751	VBM	9751	1	977	384	39.3	47	25	16	34	227	1	34	0
Pct 9752	Election Day	9752	1	692	143	20.66	12	8	4	13	89	0	17	0
Pct 9752	VBM	9752	1	692	305	44.08	33	25	21	20	166	0	40	0
Pct 9753	Election Day	9753	1	735	148	20.14	18	6	12	4	86	1	21	0
Pct 9753	VBM	9753	1	735	266	36.19	20	13	26	12	171	0	24	0
Pct 9754	Election Day	9754	1	701	169	24.11	15	5	17	9	109	1	13	0
Pct 9754	VBM	9754	1	701	296	42.23	19	15	16	13	202	0	31	0
Pct 9755	Election Day	9755	1	553	120	21.7	8	6	14	5	79	0	8	0
Pct 9755	VBM	9755	1	553	201	36.35	19	23	11	12	123	0	13	0
Pct 9756	Election Day	9756	1	908	126	13.88	10	6	10	6	77	0	17	0
Pct 9756	VBM	9756	1	908	297	32.71	35	35	12	22	160	0	33	0
Pct 9801	Election Day	9801	1	399	76	19.05	10	10	1	4	41	0	10	0
Pct 9801	VBM	9801	1	399	148	37.09	19	6	13	7	92	0	11	0
Pct 9900 MB	Election Day	9900	1	0	0	0	0	0	0	0	0	0	0	0
Pct 9900 MB	VBM	9900	1	0	0	0	0	0	0	0	0	0	0	0
Pct 9901 MB	Election Day	9901	1	0	0	0	0	0	0	0	0	0	0	0
Pct 9901 MB	VBM	9901	1	0	0	0	0	0	0	0	0	0	0	0
Pct 9902 MB	Election Day	9902	1	0	0	0	0	0	0	0	0	0	0	0
Pct 9902 MB	VBM	9902	1	0	0	0	0	0	0	0	0	0	0	0
