PrecinctName	ReportingType	PrecinctID	Precincts	Registration	Ballots Cast	Turnout (%)	DAVID CHIU	ALEJANDRO FERNANDEZ	WRITE-IN	Under Vote	Over Vote
Pct 1141	Election Day	1141	1	998	149	14.93	80	34	1	34	0
Pct 1141	VBM	1141	1	998	368	36.87	216	73	4	75	0
Pct 1142	Election Day	1142	1	822	120	14.6	71	26	1	22	0
Pct 1142	VBM	1142	1	822	266	32.36	153	59	2	51	0
Pct 1143	Election Day	1143	1	989	147	14.86	65	48	1	34	0
Pct 1143	VBM	1143	1	989	311	31.45	154	73	4	79	1
Pct 1144	Election Day	1144	1	870	148	17.01	63	45	2	38	1
Pct 1144	VBM	1144	1	870	264	30.34	155	52	13	46	0
Pct 1145	Election Day	1145	1	879	136	15.47	79	20	0	36	0
Pct 1145	VBM	1145	1	879	370	42.09	227	65	4	74	0
Pct 1146	Election Day	1146	1	971	124	12.77	59	23	4	37	0
Pct 1146	VBM	1146	1	971	326	33.57	216	66	2	41	1
Pct 1147	Election Day	1147	1	853	166	19.46	86	40	1	38	0
Pct 1147	VBM	1147	1	853	279	32.71	168	53	1	58	0
Pct 1148	Election Day	1148	1	918	121	13.18	59	35	1	26	0
Pct 1148	VBM	1148	1	918	314	34.2	204	48	0	61	0
Pct 1149	Election Day	1149	1	873	148	16.95	70	48	2	30	0
Pct 1149	VBM	1149	1	873	285	32.65	184	46	1	54	0
Pct 1151 MB	Election Day	1151	1	0	0	0	0	0	0	0	0
Pct 1151 MB	VBM	1151	1	0	0	0	0	0	0	0	0
Pct 1152	Election Day	1152	1	838	125	14.92	65	21	5	35	0
Pct 1152	VBM	1152	1	838	286	34.13	168	50	4	63	0
Pct 1153	Election Day	1153	1	909	139	15.29	74	28	3	34	0
Pct 1153	VBM	1153	1	909	306	33.66	189	66	0	51	0
Pct 1154 MB	Election Day	1154	1	0	0	0	0	0	0	0	0
Pct 1154 MB	VBM	1154	1	0	0	0	0	0	0	0	0
Pct 7001	Election Day	7001	1	735	119	16.19	63	18	0	40	0
Pct 7001	VBM	7001	1	735	266	36.19	172	30	0	58	0
Pct 7002	Election Day	7002	1	641	132	20.59	85	19	1	26	0
Pct 7002	VBM	7002	1	641	173	26.99	117	27	1	28	0
Pct 7003	Election Day	7003	1	864	188	21.76	119	28	4	38	0
Pct 7003	VBM	7003	1	864	340	39.35	227	35	4	73	0
Pct 7004	Election Day	7004	1	835	175	20.96	125	11	1	39	0
Pct 7004	VBM	7004	1	835	306	36.65	201	29	2	68	0
Pct 7005	Election Day	7005	1	812	180	22.17	121	24	2	34	0
Pct 7005	VBM	7005	1	812	295	36.33	209	28	0	56	0
Pct 7006	Election Day	7006	1	884	213	24.1	124	32	2	56	0
Pct 7006	VBM	7006	1	884	290	32.81	172	47	6	64	0
Pct 7007	Election Day	7007	1	916	233	25.44	157	33	2	45	0
Pct 7007	VBM	7007	1	916	323	35.26	225	30	1	65	0
Pct 7008	Election Day	7008	1	861	187	21.72	114	28	1	44	0
Pct 7008	VBM	7008	1	861	345	40.07	224	37	1	83	0
Pct 7009	Election Day	7009	1	864	133	15.39	74	27	2	31	0
Pct 7009	VBM	7009	1	864	312	36.11	209	33	1	71	0
Pct 7011	Election Day	7011	1	976	141	14.45	89	22	3	27	0
Pct 7011	VBM	7011	1	976	205	21	139	26	0	39	0
Pct 7012	Election Day	7012	1	1061	224	21.11	134	42	4	44	0
Pct 7012	VBM	7012	1	1061	383	36.1	262	41	1	79	0
Pct 7013	Election Day	7013	1	805	132	16.4	87	17	3	25	0
Pct 7013	VBM	7013	1	805	251	31.18	179	28	1	41	0
Pct 7014	Election Day	7014	1	1213	188	15.5	116	27	2	45	0
Pct 7014	VBM	7014	1	1213	434	35.78	308	35	3	89	0
Pct 7015 MB	Election Day	7015	1	93	0	0	0	0	0	0	0
Pct 7015 MB	VBM	7015	1	93	34	36.56	21	6	0	7	0
Pct 7016	Election Day	7016	1	891	112	12.57	51	27	1	31	0
Pct 7016	VBM	7016	1	891	221	24.8	132	41	2	44	0
Pct 7017	Election Day	7017	1	734	79	10.76	39	15	0	25	0
Pct 7017	VBM	7017	1	734	167	22.75	108	28	0	30	0
Pct 7018	Election Day	7018	1	908	88	9.69	48	21	0	20	0
Pct 7018	VBM	7018	1	908	343	37.78	239	37	2	59	1
Pct 7019	Election Day	7019	1	864	111	12.85	60	23	1	25	0
Pct 7019	VBM	7019	1	864	349	40.39	246	60	2	42	0
Pct 7021	Election Day	7021	1	927	129	13.92	58	40	1	30	0
Pct 7021	VBM	7021	1	927	220	23.73	141	34	0	46	0
Pct 7022	Election Day	7022	1	923	164	17.77	101	31	0	33	0
Pct 7022	VBM	7022	1	923	270	29.25	180	37	3	48	0
Pct 7023	Election Day	7023	1	906	131	14.46	80	18	2	32	0
Pct 7023	VBM	7023	1	906	301	33.22	204	37	1	62	0
Pct 7024	Election Day	7024	1	386	30	7.77	11	6	3	10	0
Pct 7024	VBM	7024	1	386	47	12.18	29	11	0	6	0
Pct 7025	Election Day	7025	1	448	66	14.73	28	23	0	14	0
Pct 7025	VBM	7025	1	448	78	17.41	51	14	1	10	0
Pct 7026	Election Day	7026	1	971	90	9.27	47	21	1	22	0
Pct 7026	VBM	7026	1	971	350	36.05	239	50	0	53	0
Pct 7027	Election Day	7027	1	845	136	16.09	69	22	2	41	0
Pct 7027	VBM	7027	1	845	271	32.07	163	48	0	58	0
Pct 7028	Election Day	7028	1	835	157	18.8	95	31	0	32	0
Pct 7028	VBM	7028	1	835	180	21.56	108	30	3	39	0
Pct 7029	Election Day	7029	1	855	115	13.45	55	36	0	23	0
Pct 7029	VBM	7029	1	855	166	19.42	102	25	1	34	2
Pct 7030	Election Day	7030	1	729	94	12.89	59	14	1	20	0
Pct 7030	VBM	7030	1	729	277	38	166	52	0	59	0
Pct 7031	Election Day	7031	1	611	50	8.18	27	12	1	10	0
Pct 7031	VBM	7031	1	611	224	36.66	146	39	1	38	0
Pct 7032	Election Day	7032	1	867	126	14.53	58	29	3	38	0
Pct 7032	VBM	7032	1	867	238	27.45	142	48	1	46	0
Pct 7033	Election Day	7033	1	765	135	17.65	60	38	2	35	0
Pct 7033	VBM	7033	1	765	181	23.66	120	32	1	28	0
Pct 7034	Election Day	7034	1	914	97	10.61	57	14	0	26	0
Pct 7034	VBM	7034	1	914	154	16.85	100	28	1	26	0
Pct 7035	Election Day	7035	1	553	73	13.2	43	16	0	15	0
Pct 7035	VBM	7035	1	553	170	30.74	110	22	3	34	0
Pct 7036	Election Day	7036	1	898	52	5.79	28	16	0	8	0
Pct 7036	VBM	7036	1	898	265	29.51	146	64	5	50	0
Pct 7037	Election Day	7037	1	730	73	10	39	10	1	23	0
Pct 7037	VBM	7037	1	730	64	8.77	39	15	0	9	0
Pct 7038	Election Day	7038	1	880	84	9.55	44	22	2	16	0
Pct 7038	VBM	7038	1	880	255	28.98	179	39	3	33	1
Pct 7039	Election Day	7039	1	768	111	14.45	64	28	0	19	0
Pct 7039	VBM	7039	1	768	225	29.3	132	36	4	50	0
Pct 7041 MB	Election Day	7041	1	60	0	0	0	1	0	0	0
Pct 7041 MB	VBM	7041	1	60	24	40	14	4	0	5	0
Pct 7042	Election Day	7042	1	632	75	11.87	48	11	3	13	0
Pct 7042	VBM	7042	1	632	191	30.22	117	30	3	41	0
Pct 7043	Election Day	7043	1	915	97	10.6	46	27	0	24	0
Pct 7043	VBM	7043	1	915	282	30.82	186	47	0	48	1
Pct 7044	Election Day	7044	1	805	86	10.68	38	18	2	29	0
Pct 7044	VBM	7044	1	805	125	15.53	69	28	1	27	1
Pct 7045	Election Day	7045	1	763	87	11.4	44	19	3	21	0
Pct 7045	VBM	7045	1	763	282	36.96	165	50	3	63	0
Pct 7046	Election Day	7046	1	385	54	14.03	26	17	1	10	0
Pct 7046	VBM	7046	1	385	136	35.32	89	26	1	20	1
Pct 7047	Election Day	7047	1	781	68	8.71	43	11	0	15	0
Pct 7047	VBM	7047	1	781	298	38.16	189	60	1	46	0
Pct 7048	Election Day	7048	1	815	94	11.53	54	22	1	17	0
Pct 7048	VBM	7048	1	815	248	30.43	163	34	3	47	0
Pct 7049	Election Day	7049	1	751	108	14.38	55	23	1	29	0
Pct 7049	VBM	7049	1	751	241	32.09	141	52	0	48	0
Pct 7051	Election Day	7051	1	839	70	8.34	41	18	1	11	0
Pct 7051	VBM	7051	1	839	302	36	187	54	5	54	0
Pct 7052	Election Day	7052	1	806	120	14.89	78	19	0	24	0
Pct 7052	VBM	7052	1	806	278	34.49	180	43	0	54	0
Pct 7053	Election Day	7053	1	548	44	8.03	29	5	0	10	0
Pct 7053	VBM	7053	1	548	205	37.41	149	17	0	36	0
Pct 7054	Election Day	7054	1	1024	141	13.77	76	31	3	31	0
Pct 7054	VBM	7054	1	1024	275	26.86	170	55	2	47	0
Pct 7055	Election Day	7055	1	699	83	11.87	48	6	1	29	0
Pct 7055	VBM	7055	1	699	256	36.62	173	26	2	53	0
Pct 7101 MB	Election Day	7101	1	141	2	1.42	1	1	0	0	0
Pct 7101 MB	VBM	7101	1	141	83	58.87	69	6	1	7	0
Pct 7201	Election Day	7201	1	900	147	16.33	84	21	1	41	0
Pct 7201	VBM	7201	1	900	333	37	206	37	2	88	0
Pct 7202	Election Day	7202	1	830	138	16.63	88	13	1	37	0
Pct 7202	VBM	7202	1	830	271	32.65	165	41	1	66	0
Pct 7203	Election Day	7203	1	867	174	20.07	104	27	1	42	0
Pct 7203	VBM	7203	1	867	243	28.03	158	28	3	53	0
Pct 7204	Election Day	7204	1	888	157	17.68	89	26	1	41	0
Pct 7204	VBM	7204	1	888	340	38.29	227	41	3	67	0
Pct 7205	Election Day	7205	1	847	183	21.61	124	18	1	40	0
Pct 7205	VBM	7205	1	847	309	36.48	202	38	1	68	0
Pct 7206	Election Day	7206	1	375	88	23.47	54	11	2	21	0
Pct 7206	VBM	7206	1	375	124	33.07	81	13	0	29	0
Pct 7207	Election Day	7207	1	744	119	15.99	66	16	3	34	0
Pct 7207	VBM	7207	1	744	231	31.05	135	39	2	53	0
Pct 7208	Election Day	7208	1	567	76	13.4	40	18	0	18	0
Pct 7208	VBM	7208	1	567	206	36.33	130	32	1	42	0
Pct 7209	Election Day	7209	1	586	69	11.77	54	2	0	13	0
Pct 7209	VBM	7209	1	586	326	55.63	232	23	1	67	0
Pct 7301	Election Day	7301	1	1002	150	14.97	85	28	2	35	0
Pct 7301	VBM	7301	1	1002	299	29.84	194	40	2	60	0
Pct 7302	Election Day	7302	1	806	121	15.01	66	28	0	27	0
Pct 7302	VBM	7302	1	806	352	43.67	234	44	1	73	0
Pct 7303	Election Day	7303	1	986	167	16.94	109	19	0	40	0
Pct 7303	VBM	7303	1	986	318	32.25	221	43	2	51	0
Pct 7304	Election Day	7304	1	972	203	20.88	137	32	1	32	0
Pct 7304	VBM	7304	1	972	330	33.95	232	36	1	61	0
Pct 7305	Election Day	7305	1	851	171	20.09	96	36	1	38	0
Pct 7305	VBM	7305	1	851	306	35.96	201	46	5	54	1
Pct 7306	Election Day	7306	1	1014	179	17.65	99	28	1	51	0
Pct 7306	VBM	7306	1	1014	302	29.78	184	45	1	74	0
Pct 7307	Election Day	7307	1	726	143	19.7	93	21	0	29	0
Pct 7307	VBM	7307	1	726	226	31.13	147	26	0	51	0
Pct 7308	Election Day	7308	1	598	133	22.24	88	23	0	22	0
Pct 7308	VBM	7308	1	598	204	34.11	142	24	1	38	0
Pct 7309	Election Day	7309	1	826	160	19.37	95	22	2	43	0
Pct 7309	VBM	7309	1	826	209	25.3	124	24	1	60	0
Pct 7311	Election Day	7311	1	901	175	19.42	109	25	1	41	0
Pct 7311	VBM	7311	1	901	266	29.52	191	22	0	53	0
Pct 7312	Election Day	7312	1	810	128	15.8	83	16	1	28	0
Pct 7312	VBM	7312	1	810	332	40.99	228	34	2	65	0
Pct 7313	Election Day	7313	1	925	135	14.59	87	24	1	23	0
Pct 7313	VBM	7313	1	925	315	34.05	227	37	1	50	1
Pct 7314	Election Day	7314	1	760	92	12.11	40	20	2	30	0
Pct 7314	VBM	7314	1	760	213	28.03	135	16	0	63	0
Pct 7315	Election Day	7315	1	725	119	16.41	66	29	1	23	0
Pct 7315	VBM	7315	1	725	178	24.55	119	25	0	33	0
Pct 7316	Election Day	7316	1	824	122	14.81	82	13	2	25	0
Pct 7316	VBM	7316	1	824	266	32.28	173	36	1	56	0
Pct 7317	Election Day	7317	1	886	117	13.21	71	18	0	28	0
Pct 7317	VBM	7317	1	886	340	38.37	222	48	2	66	0
Pct 7318	Election Day	7318	1	709	123	17.35	67	20	1	35	0
Pct 7318	VBM	7318	1	709	243	34.27	174	24	0	47	0
Pct 7319	Election Day	7319	1	1035	182	17.58	113	27	2	40	0
Pct 7319	VBM	7319	1	1035	296	28.6	191	39	2	64	0
Pct 7321	Election Day	7321	1	644	100	15.53	57	11	0	32	0
Pct 7321	VBM	7321	1	644	211	32.76	132	31	1	47	0
Pct 7322	Election Day	7322	1	859	60	6.98	27	10	1	22	0
Pct 7322	VBM	7322	1	859	304	35.39	215	21	1	68	0
Pct 7323	Election Day	7323	1	881	146	16.57	90	21	1	33	0
Pct 7323	VBM	7323	1	881	273	30.99	169	33	2	69	0
Pct 7324	Election Day	7324	1	687	125	18.2	77	18	1	29	0
Pct 7324	VBM	7324	1	687	198	28.82	142	12	0	43	1
Pct 7325	Election Day	7325	1	870	150	17.24	88	25	0	37	0
Pct 7325	VBM	7325	1	870	276	31.72	186	33	2	55	0
Pct 7326	Election Day	7326	1	853	150	17.58	100	14	0	35	0
Pct 7326	VBM	7326	1	853	256	30.01	170	40	0	47	0
Pct 7327	Election Day	7327	1	684	62	9.06	33	11	0	18	0
Pct 7327	VBM	7327	1	684	277	40.5	186	41	0	49	0
Pct 7328	Election Day	7328	1	950	70	7.37	42	10	0	18	0
Pct 7328	VBM	7328	1	950	391	41.16	254	31	2	103	1
Pct 7329	Election Day	7329	1	610	71	11.64	41	8	3	20	0
Pct 7329	VBM	7329	1	610	205	33.61	146	20	1	40	0
Pct 7331	Election Day	7331	1	860	130	15.12	83	18	3	26	0
Pct 7331	VBM	7331	1	860	357	41.51	244	40	2	72	0
Pct 7332	Election Day	7332	1	799	154	19.27	89	32	3	30	0
Pct 7332	VBM	7332	1	799	209	26.16	133	30	3	43	0
Pct 7333	Election Day	7333	1	974	174	17.86	102	31	1	39	0
Pct 7333	VBM	7333	1	974	323	33.16	209	37	2	75	0
Pct 7334	Election Day	7334	1	854	113	13.23	70	11	1	31	0
Pct 7334	VBM	7334	1	854	275	32.2	184	34	0	59	0
Pct 7335	Election Day	7335	1	936	144	15.38	88	20	1	34	1
Pct 7335	VBM	7335	1	936	354	37.82	232	49	2	73	0
Pct 7336	Election Day	7336	1	920	155	16.85	101	19	1	32	0
Pct 7336	VBM	7336	1	920	324	35.22	198	43	2	81	0
Pct 7337	Election Day	7337	1	825	115	13.94	66	18	1	30	0
Pct 7337	VBM	7337	1	825	305	36.97	211	29	3	62	0
Pct 7338	Election Day	7338	1	884	100	11.31	66	8	0	25	0
Pct 7338	VBM	7338	1	884	364	41.18	245	41	2	79	0
Pct 7339	Election Day	7339	1	618	111	17.96	60	17	2	33	0
Pct 7339	VBM	7339	1	618	181	29.29	118	26	3	33	0
Pct 7341	Election Day	7341	1	877	124	14.14	70	24	2	28	0
Pct 7341	VBM	7341	1	877	246	28.05	158	36	2	52	0
Pct 7342	Election Day	7342	1	911	234	25.69	146	32	1	51	1
Pct 7342	VBM	7342	1	911	251	27.55	161	38	3	49	0
Pct 7343	Election Day	7343	1	707	144	20.37	88	22	1	33	0
Pct 7343	VBM	7343	1	707	186	26.31	119	26	0	38	0
Pct 7344	Election Day	7344	1	1039	179	17.23	112	28	2	38	0
Pct 7344	VBM	7344	1	1039	334	32.15	215	51	1	68	0
Pct 7345	Election Day	7345	1	1077	183	16.99	117	25	1	40	0
Pct 7345	VBM	7345	1	1077	283	26.28	172	41	3	65	0
Pct 7346	Election Day	7346	1	877	168	19.16	98	33	1	35	0
Pct 7346	VBM	7346	1	877	221	25.2	140	42	1	38	1
Pct 7347	Election Day	7347	1	968	137	14.15	78	28	3	28	0
Pct 7347	VBM	7347	1	968	279	28.82	195	32	2	50	0
Pct 7348	Election Day	7348	1	832	139	16.71	76	34	4	26	0
Pct 7348	VBM	7348	1	832	202	24.28	135	19	0	47	0
Pct 7349	Election Day	7349	1	921	147	15.96	91	28	1	27	1
Pct 7349	VBM	7349	1	921	282	30.62	189	30	2	61	0
Pct 7501	Election Day	7501	1	554	118	21.3	71	14	1	33	0
Pct 7501	VBM	7501	1	554	168	30.32	105	22	2	39	0
Pct 7502	Election Day	7502	1	741	113	15.25	67	17	0	28	0
Pct 7502	VBM	7502	1	741	349	47.1	214	45	6	88	0
Pct 7503	Election Day	7503	1	727	132	18.16	75	25	1	30	0
Pct 7503	VBM	7503	1	727	226	31.09	151	20	0	52	1
Pct 7504	Election Day	7504	1	484	76	15.7	47	8	0	21	0
Pct 7504	VBM	7504	1	484	158	32.64	112	6	3	36	0
Pct 7505	Election Day	7505	1	871	131	15.04	90	16	1	24	0
Pct 7505	VBM	7505	1	871	417	47.88	288	29	4	95	0
Pct 7506	Election Day	7506	1	920	133	14.46	68	26	0	38	0
Pct 7506	VBM	7506	1	920	252	27.39	156	41	1	52	0
Pct 7507	Election Day	7507	1	919	158	17.19	81	31	2	45	0
Pct 7507	VBM	7507	1	919	255	27.75	167	38	1	45	0
Pct 7508	Election Day	7508	1	702	106	15.1	60	19	1	26	0
Pct 7508	VBM	7508	1	702	340	48.43	211	44	4	81	0
Pct 7509/7511	Election Day	7509	1	909	171	18.81	108	21	2	42	0
Pct 7509/7511	VBM	7509	1	909	319	35.09	213	53	2	51	0
Pct 7512	Election Day	7512	1	604	96	15.89	52	19	0	23	0
Pct 7512	VBM	7512	1	604	196	32.45	106	34	0	54	0
Pct 7513	Election Day	7513	1	790	142	17.97	82	21	1	38	0
Pct 7513	VBM	7513	1	790	208	26.33	121	43	2	42	0
Pct 7514	Election Day	7514	1	863	95	11.01	41	23	1	32	0
Pct 7514	VBM	7514	1	863	235	27.23	140	44	0	48	1
Pct 7515	Election Day	7515	1	845	150	17.75	88	25	1	36	0
Pct 7515	VBM	7515	1	845	289	34.2	170	50	1	65	0
Pct 7516	Election Day	7516	1	886	145	16.37	88	25	0	32	0
Pct 7516	VBM	7516	1	886	378	42.66	253	47	2	76	0
Pct 7517	Election Day	7517	1	863	228	26.42	132	31	4	62	0
Pct 7517	VBM	7517	1	863	251	29.08	161	26	3	61	0
Pct 7518	Election Day	7518	1	939	235	25.03	132	44	2	57	0
Pct 7518	VBM	7518	1	939	298	31.74	188	30	0	80	0
Pct 7519	Election Day	7519	1	726	179	24.66	107	34	2	36	0
Pct 7519	VBM	7519	1	726	185	25.48	117	21	0	46	0
Pct 7521	Election Day	7521	1	802	211	26.31	129	31	1	50	0
Pct 7521	VBM	7521	1	802	215	26.81	125	25	1	64	1
Pct 7522	Election Day	7522	1	743	175	23.55	105	25	2	44	0
Pct 7522	VBM	7522	1	743	240	32.3	164	19	1	58	0
Pct 7523	Election Day	7523	1	737	208	28.22	105	38	3	62	0
Pct 7523	VBM	7523	1	737	223	30.26	149	27	1	48	0
Pct 7524	Election Day	7524	1	646	143	22.14	83	17	1	40	0
Pct 7524	VBM	7524	1	646	165	25.54	105	27	2	30	0
Pct 7525	Election Day	7525	1	779	145	18.61	76	24	2	46	0
Pct 7525	VBM	7525	1	779	214	27.47	138	25	2	45	0
Pct 7526	Election Day	7526	1	947	197	20.8	123	30	1	42	0
Pct 7526	VBM	7526	1	947	313	33.05	208	30	2	71	0
Pct 7527/7528	Election Day	7527	1	729	162	22.22	89	24	0	49	0
Pct 7527/7528	VBM	7527	1	729	237	32.51	141	36	1	55	0
Pct 7529	Election Day	7529	1	925	214	23.14	124	32	1	58	0
Pct 7529	VBM	7529	1	925	300	32.43	182	37	1	78	0
Pct 7531	Election Day	7531	1	847	179	21.13	119	23	0	37	0
Pct 7531	VBM	7531	1	847	263	31.05	164	22	1	76	0
Pct 7532	Election Day	7532	1	823	172	20.9	95	24	1	51	0
Pct 7532	VBM	7532	1	823	226	27.46	146	32	2	46	0
Pct 7533	Election Day	7533	1	951	268	28.18	168	39	2	60	0
Pct 7533	VBM	7533	1	951	297	31.23	178	44	5	70	0
Pct 7534	Election Day	7534	1	883	241	27.29	144	38	2	57	0
Pct 7534	VBM	7534	1	883	240	27.18	142	38	0	61	0
Pct 7535	Election Day	7535	1	743	201	27.05	111	30	1	59	0
Pct 7535	VBM	7535	1	743	251	33.78	151	31	1	68	0
Pct 7536	Election Day	7536	1	856	206	24.07	124	32	1	50	0
Pct 7536	VBM	7536	1	856	279	32.59	177	30	0	72	0
Pct 7537	Election Day	7537	1	734	187	25.48	118	23	3	43	0
Pct 7537	VBM	7537	1	734	225	30.65	131	29	3	61	0
Pct 7538	Election Day	7538	1	757	223	29.46	128	26	4	65	0
Pct 7538	VBM	7538	1	757	256	33.82	165	31	2	58	0
Pct 7539	Election Day	7539	1	884	250	28.28	143	36	1	69	0
Pct 7539	VBM	7539	1	884	286	32.35	185	32	2	68	0
Pct 7541	Election Day	7541	1	791	215	27.18	116	36	2	60	0
Pct 7541	VBM	7541	1	791	245	30.97	171	23	2	48	0
Pct 7542	Election Day	7542	1	787	183	23.25	104	28	1	50	0
Pct 7542	VBM	7542	1	787	247	31.39	160	20	0	66	0
Pct 7543	Election Day	7543	1	910	187	20.55	120	22	3	44	0
Pct 7543	VBM	7543	1	910	332	36.48	228	34	1	69	0
Pct 7544	Election Day	7544	1	877	186	21.21	107	25	2	52	0
Pct 7544	VBM	7544	1	877	331	37.74	199	49	1	85	0
Pct 7545	Election Day	7545	1	877	179	20.41	111	29	0	40	0
Pct 7545	VBM	7545	1	877	291	33.18	201	30	2	58	0
Pct 7546	Election Day	7546	1	913	219	23.99	135	24	1	59	0
Pct 7546	VBM	7546	1	913	310	33.95	210	31	0	68	0
Pct 7547	Election Day	7547	1	987	244	24.72	150	30	3	63	0
Pct 7547	VBM	7547	1	987	322	32.62	189	32	3	93	0
Pct 7548	Election Day	7548	1	1054	236	22.39	151	31	3	50	0
Pct 7548	VBM	7548	1	1054	345	32.73	212	49	3	77	0
Pct 7549	Election Day	7549	1	785	165	21.02	110	17	1	39	0
Pct 7549	VBM	7549	1	785	281	35.8	182	30	1	67	0
Pct 7551	Election Day	7551	1	705	199	28.23	119	29	0	52	0
Pct 7551	VBM	7551	1	705	240	34.04	159	16	2	61	0
Pct 7552	Election Day	7552	1	718	191	26.6	128	26	1	36	0
Pct 7552	VBM	7552	1	718	232	32.31	157	27	0	48	0
Pct 7553 MB	Election Day	7553	1	171	5	2.92	0	1	0	4	0
Pct 7553 MB	VBM	7553	1	171	87	50.88	66	12	0	7	0
Pct 7554	Election Day	7554	1	785	179	22.8	101	29	2	48	0
Pct 7554	VBM	7554	1	785	323	41.15	216	33	3	71	0
Pct 7555	Election Day	7555	1	847	242	28.57	157	29	1	55	0
Pct 7555	VBM	7555	1	847	304	35.89	210	25	2	66	0
Pct 7556/7557	Election Day	7556	1	961	223	23.2	133	27	0	66	0
Pct 7556/7557	VBM	7556	1	961	422	43.91	317	24	0	80	0
Pct 7601	Election Day	7601	1	744	128	17.2	70	29	2	28	0
Pct 7601	VBM	7601	1	744	185	24.87	108	25	4	45	0
Pct 7602	Election Day	7602	1	880	147	16.7	86	29	0	35	0
Pct 7602	VBM	7602	1	880	243	27.61	154	32	3	50	1
Pct 7603	Election Day	7603	1	826	152	18.4	89	23	1	38	0
Pct 7603	VBM	7603	1	826	215	26.03	140	27	0	48	0
Pct 7604	Election Day	7604	1	906	133	14.68	69	28	4	32	0
Pct 7604	VBM	7604	1	906	233	25.72	138	45	4	48	0
Pct 7605	Election Day	7605	1	651	77	11.83	38	18	3	18	0
Pct 7605	VBM	7605	1	651	155	23.81	100	21	2	29	0
Pct 7606	Election Day	7606	1	895	127	14.19	77	21	1	27	0
Pct 7606	VBM	7606	1	895	212	23.69	113	42	5	51	0
Pct 7607	Election Day	7607	1	955	120	12.57	76	22	1	21	0
Pct 7607	VBM	7607	1	955	265	27.75	165	41	2	60	1
Pct 7608	Election Day	7608	1	388	46	11.86	26	8	0	11	0
Pct 7608	VBM	7608	1	388	119	30.67	85	15	2	19	0
Pct 7609	Election Day	7609	1	916	101	11.03	46	21	1	33	0
Pct 7609	VBM	7609	1	916	297	32.42	190	36	2	66	1
Pct 7611	Election Day	7611	1	756	76	10.05	42	13	1	20	0
Pct 7611	VBM	7611	1	756	204	26.98	144	22	3	33	0
Pct 7612	Election Day	7612	1	574	76	13.24	50	9	0	16	1
Pct 7612	VBM	7612	1	574	210	36.59	138	16	1	56	0
Pct 7613	Election Day	7613	1	887	140	15.78	78	31	1	30	0
Pct 7613	VBM	7613	1	887	215	24.24	136	41	-1	37	0
Pct 7614	Election Day	7614	1	1015	123	12.12	62	28	1	34	0
Pct 7614	VBM	7614	1	1015	238	23.45	153	43	3	39	0
Pct 7615	Election Day	7615	1	832	108	12.98	50	25	4	27	2
Pct 7615	VBM	7615	1	832	170	20.43	109	22	4	35	0
Pct 7616	Election Day	7616	1	951	129	13.56	83	29	3	15	0
Pct 7616	VBM	7616	1	951	331	34.81	231	37	1	60	0
Pct 7617	Election Day	7617	1	751	84	11.19	46	23	0	16	0
Pct 7617	VBM	7617	1	751	223	29.69	136	34	2	48	1
Pct 7618	Election Day	7618	1	866	123	14.2	56	23	3	40	0
Pct 7618	VBM	7618	1	866	272	31.41	193	26	3	53	0
Pct 7619	Election Day	7619	1	993	154	15.51	80	26	1	48	0
Pct 7619	VBM	7619	1	993	308	31.02	188	55	4	62	0
Pct 7621	Election Day	7621	1	1132	163	14.4	95	25	3	41	0
Pct 7621	VBM	7621	1	1132	346	30.57	248	35	6	52	2
Pct 7622	Election Day	7622	1	964	99	10.27	50	24	0	23	0
Pct 7622	VBM	7622	1	964	193	20.02	111	36	1	42	2
Pct 7623	Election Day	7623	1	712	122	17.13	62	24	9	42	0
Pct 7623	VBM	7623	1	712	196	27.53	131	27	0	36	0
Pct 7624	Election Day	7624	1	905	104	11.49	62	20	0	21	0
Pct 7624	VBM	7624	1	905	195	21.55	125	27	0	42	0
Pct 7625	Election Day	7625	1	821	73	8.89	40	10	0	23	0
Pct 7625	VBM	7625	1	821	415	50.55	273	41	2	97	2
Pct 7626	Election Day	7626	1	1081	128	11.84	77	20	0	30	0
Pct 7626	VBM	7626	1	1081	361	33.4	244	37	3	76	0
Pct 7627	Election Day	7627	1	1075	116	10.79	71	19	0	27	0
Pct 7627	VBM	7627	1	1075	319	29.67	190	47	5	77	0
Pct 7628	Election Day	7628	1	906	156	17.22	91	24	4	37	0
Pct 7628	VBM	7628	1	906	267	29.47	162	39	1	65	0
Pct 7629	Election Day	7629	1	805	108	13.42	70	11	0	28	0
Pct 7629	VBM	7629	1	805	206	25.59	136	19	4	45	0
Pct 7631	Election Day	7631	1	1085	146	13.46	88	22	2	35	0
Pct 7631	VBM	7631	1	1085	339	31.24	229	49	3	56	0
Pct 7632	Election Day	7632	1	965	167	17.31	105	21	4	36	0
Pct 7632	VBM	7632	1	965	286	29.64	194	47	5	40	0
Pct 7633	Election Day	7633	1	702	90	12.82	63	8	1	18	0
Pct 7633	VBM	7633	1	702	253	36.04	183	18	1	51	0
Pct 7634	Election Day	7634	1	859	120	13.97	79	15	0	25	0
Pct 7634	VBM	7634	1	859	291	33.88	201	41	4	43	0
Pct 7635	Election Day	7635	1	782	89	11.38	55	14	1	19	0
Pct 7635	VBM	7635	1	782	242	30.95	163	34	3	39	0
Pct 7636	Election Day	7636	1	920	134	14.57	81	17	0	37	0
Pct 7636	VBM	7636	1	920	251	27.28	162	27	3	60	0
Pct 7637	Election Day	7637	1	732	89	12.16	56	14	0	19	0
Pct 7637	VBM	7637	1	732	249	34.02	183	25	0	41	0
Pct 7638	Election Day	7638	1	1365	129	9.45	81	20	0	28	0
Pct 7638	VBM	7638	1	1365	492	36.04	347	41	3	99	0
Pct 7639	Election Day	7639	1	962	110	11.43	63	12	4	30	0
Pct 7639	VBM	7639	1	962	319	33.16	214	30	2	75	0
Pct 7641	Election Day	7641	1	931	114	12.24	69	16	0	29	0
Pct 7641	VBM	7641	1	931	374	40.17	236	55	5	78	0
Pct 7642	Election Day	7642	1	909	84	9.24	49	13	1	21	0
Pct 7642	VBM	7642	1	909	268	29.48	108	54	0	106	0
Pct 7643	Election Day	7643	1	871	99	11.37	61	10	1	27	0
Pct 7643	VBM	7643	1	871	355	40.76	243	52	0	57	1
Pct 7644	Election Day	7644	1	1082	156	14.42	102	20	1	35	0
Pct 7644	VBM	7644	1	1082	291	26.89	207	27	0	56	0
Pct 7645	Election Day	7645	1	631	63	9.98	31	16	3	13	0
Pct 7645	VBM	7645	1	631	241	38.19	167	27	1	48	1
Pct 7646	Election Day	7646	1	1035	110	10.63	66	14	2	28	0
Pct 7646	VBM	7646	1	1035	326	31.5	222	42	0	62	0
Pct 7647	Election Day	7647	1	1027	107	10.42	58	26	7	16	0
Pct 7647	VBM	7647	1	1027	185	18.01	97	42	1	45	0
Pct 7648 MB	Election Day	7648	1	2	0	0	0	0	0	0	0
Pct 7648 MB	VBM	7648	1	2	0	0	0	0	0	0	0
Pct 7649	Election Day	7649	1	877	97	11.06	54	23	1	18	0
Pct 7649	VBM	7649	1	877	234	26.68	134	46	2	50	0
Pct 7651	Election Day	7651	1	555	48	8.65	34	7	1	6	0
Pct 7651	VBM	7651	1	555	155	27.93	106	15	3	31	0
Pct 7652	Election Day	7652	1	580	68	11.72	39	13	0	17	0
Pct 7652	VBM	7652	1	580	163	28.1	113	13	0	40	0
Pct 7653	Election Day	7653	1	1092	137	12.55	76	29	2	29	0
Pct 7653	VBM	7653	1	1092	321	29.4	222	39	2	58	0
Pct 7701	Election Day	7701	1	1012	225	22.23	140	30	4	51	0
Pct 7701	VBM	7701	1	1012	383	37.85	234	45	2	100	0
Pct 7702	Election Day	7702	1	704	117	16.62	65	28	0	24	0
Pct 7702	VBM	7702	1	704	302	42.9	196	39	3	65	0
Pct 7703 MB	Election Day	7703	1	172	0	0	0	0	0	0	0
Pct 7703 MB	VBM	7703	1	172	66	38.37	31	10	0	23	1
Pct 7704	Election Day	7704	1	977	208	21.29	128	30	3	47	0
Pct 7704	VBM	7704	1	977	396	40.53	254	57	5	79	0
Pct 7705	Election Day	7705	1	547	123	22.49	90	10	1	22	0
Pct 7705	VBM	7705	1	547	227	41.5	152	24	2	49	0
Pct 7706	Election Day	7706	1	821	189	23.02	128	29	1	31	0
Pct 7706	VBM	7706	1	821	341	41.53	222	45	5	69	0
Pct 7707	Election Day	7707	1	839	200	23.84	130	28	1	40	0
Pct 7707	VBM	7707	1	839	379	45.17	259	33	0	88	0
Pct 7708	Election Day	7708	1	860	181	21.05	115	28	3	34	0
Pct 7708	VBM	7708	1	860	400	46.51	295	46	0	60	0
Pct 7709	Election Day	7709	1	383	85	22.19	45	23	0	16	0
Pct 7709	VBM	7709	1	383	174	45.43	104	26	3	41	0
Pct 7711	Election Day	7711	1	772	162	20.98	97	29	2	34	0
Pct 7711	VBM	7711	1	772	344	44.56	248	31	4	61	0
Pct 7712	Election Day	7712	1	524	131	25	73	27	0	31	0
Pct 7712	VBM	7712	1	524	230	43.89	143	40	4	44	0
Pct 7801	Election Day	7801	1	970	230	23.71	145	34	1	49	0
Pct 7801	VBM	7801	1	970	424	43.71	299	40	3	84	0
Pct 7802	Election Day	7802	1	762	205	26.9	136	20	1	49	0
Pct 7802	VBM	7802	1	762	313	41.08	216	34	0	61	0
Pct 7803	Election Day	7803	1	823	143	17.38	90	16	0	37	0
Pct 7803	VBM	7803	1	823	412	50.06	294	37	1	81	0
Pct 7804	Election Day	7804	1	891	236	26.49	156	30	4	46	0
Pct 7804	VBM	7804	1	891	394	44.22	269	45	2	78	0
Pct 7805	Election Day	7805	1	785	176	22.42	125	28	1	21	0
Pct 7805	VBM	7805	1	785	348	44.33	225	39	3	82	0
Pct 7806	Election Day	7806	1	699	163	23.32	93	23	1	46	0
Pct 7806	VBM	7806	1	699	283	40.49	191	24	1	64	0
Pct 7807	Election Day	7807	1	796	228	28.64	137	36	2	51	0
Pct 7807	VBM	7807	1	796	273	34.3	179	31	4	59	0
Pct 7808	Election Day	7808	1	655	178	27.18	119	18	0	41	0
Pct 7808	VBM	7808	1	655	243	37.1	155	21	2	65	0
Pct 7809	Election Day	7809	1	742	160	21.56	98	22	1	40	0
Pct 7809	VBM	7809	1	742	267	35.98	182	23	0	62	0
Pct 7811	Election Day	7811	1	726	186	25.62	117	31	2	37	0
Pct 7811	VBM	7811	1	726	243	33.47	162	27	5	48	0
Pct 7812	Election Day	7812	1	843	207	24.56	128	27	0	52	0
Pct 7812	VBM	7812	1	843	292	34.64	194	34	3	62	1
Pct 7813	Election Day	7813	1	988	251	25.4	152	31	3	66	0
Pct 7813	VBM	7813	1	988	362	36.64	241	39	1	80	0
Pct 7814	Election Day	7814	1	892	173	19.39	89	34	3	48	0
Pct 7814	VBM	7814	1	892	223	25	135	40	2	44	1
Pct 7815	Election Day	7815	1	914	178	19.47	113	29	1	36	0
Pct 7815	VBM	7815	1	914	407	44.53	294	37	1	75	0
Pct 7816	Election Day	7816	1	858	202	23.54	134	24	3	40	0
Pct 7816	VBM	7816	1	858	390	45.45	276	43	2	69	0
Pct 7817	Election Day	7817	1	795	215	27.04	152	23	2	39	0
Pct 7817	VBM	7817	1	795	309	38.87	208	34	3	62	0
Pct 7818	Election Day	7818	1	823	172	20.9	97	30	0	45	0
Pct 7818	VBM	7818	1	823	335	40.7	233	25	1	76	0
Pct 7819	Election Day	7819	1	760	169	22.24	98	25	2	44	0
Pct 7819	VBM	7819	1	760	297	39.08	185	39	5	67	0
Pct 7821	Election Day	7821	1	947	229	24.18	156	25	0	48	0
Pct 7821	VBM	7821	1	947	439	46.36	303	44	2	90	0
Pct 7822	Election Day	7822	1	927	244	26.32	156	43	1	44	0
Pct 7822	VBM	7822	1	927	343	37	247	35	0	60	0
Pct 7823	Election Day	7823	1	857	237	27.65	158	26	3	50	0
Pct 7823	VBM	7823	1	857	347	40.49	246	46	1	53	0
Pct 7824	Election Day	7824	1	756	170	22.49	102	19	3	46	0
Pct 7824	VBM	7824	1	756	274	36.24	193	32	1	45	0
Pct 7825	Election Day	7825	1	580	160	27.59	99	26	0	36	0
Pct 7825	VBM	7825	1	580	215	37.07	141	21	2	51	0
Pct 7826	Election Day	7826	1	665	214	32.18	144	20	2	48	0
Pct 7826	VBM	7826	1	665	194	29.17	121	18	0	57	0
Pct 7827	Election Day	7827	1	828	199	24.03	115	35	3	46	0
Pct 7827	VBM	7827	1	828	252	30.43	137	39	11	65	0
Pct 7828	Election Day	7828	1	976	205	21	130	31	2	40	0
Pct 7828	VBM	7828	1	976	397	40.68	267	48	3	80	0
Pct 7829	Election Day	7829	1	882	199	22.56	129	25	0	45	0
Pct 7829	VBM	7829	1	882	391	44.33	283	32	1	76	0
Pct 7831	Election Day	7831	1	828	202	24.4	134	21	0	46	0
Pct 7831	VBM	7831	1	828	369	44.57	254	40	1	73	0
Pct 7832	Election Day	7832	1	781	162	20.74	109	15	2	37	0
Pct 7832	VBM	7832	1	781	343	43.92	245	42	1	56	0
Pct 7833	Election Day	7833	1	745	182	24.43	108	22	0	53	0
Pct 7833	VBM	7833	1	745	271	36.38	180	29	3	59	0
Pct 7834	Election Day	7834	1	836	225	26.91	130	28	4	64	0
Pct 7834	VBM	7834	1	836	288	34.45	184	36	2	67	0
Pct 7835	Election Day	7835	1	808	175	21.66	122	20	2	31	0
Pct 7835	VBM	7835	1	808	338	41.83	237	49	2	51	0
Pct 7836	Election Day	7836	1	979	199	20.33	129	29	3	38	0
Pct 7836	VBM	7836	1	979	421	43	295	41	7	78	0
Pct 7837	Election Day	7837	1	883	237	26.84	165	17	3	51	0
Pct 7837	VBM	7837	1	883	339	38.39	243	21	0	75	0
Pct 7838	Election Day	7838	1	891	210	23.57	143	18	1	48	0
Pct 7838	VBM	7838	1	891	413	46.35	303	36	0	73	0
Pct 7839	Election Day	7839	1	830	172	20.72	108	19	1	46	0
Pct 7839	VBM	7839	1	830	389	46.87	277	32	0	79	0
Pct 7841	Election Day	7841	1	898	240	26.73	154	23	2	61	0
Pct 7841	VBM	7841	1	898	353	39.31	234	35	4	80	0
Pct 7842	Election Day	7842	1	873	214	24.51	129	35	2	48	0
Pct 7842	VBM	7842	1	873	308	35.28	187	42	2	75	0
Pct 7843	Election Day	7843	1	751	182	24.23	113	26	4	40	0
Pct 7843	VBM	7843	1	751	267	35.55	174	26	3	64	0
Pct 7844	Election Day	7844	1	635	160	25.2	90	20	1	48	0
Pct 7844	VBM	7844	1	635	245	38.58	156	28	3	59	0
Pct 7845	Election Day	7845	1	803	202	25.16	131	19	0	53	0
Pct 7845	VBM	7845	1	803	314	39.1	244	21	1	49	0
Pct 7846	Election Day	7846	1	871	221	25.37	134	26	2	60	0
Pct 7846	VBM	7846	1	871	330	37.89	225	32	1	69	0
Pct 7847	Election Day	7847	1	878	207	23.58	133	24	3	47	0
Pct 7847	VBM	7847	1	878	358	40.77	249	29	1	81	0
Pct 7848	Election Day	7848	1	838	209	24.94	147	16	1	47	0
Pct 7848	VBM	7848	1	838	346	41.29	239	28	1	78	2
Pct 7849	Election Day	7849	1	904	237	26.22	148	27	3	60	0
Pct 7849	VBM	7849	1	904	353	39.05	253	30	2	68	0
Pct 7851	Election Day	7851	1	493	118	23.94	81	4	2	31	0
Pct 7851	VBM	7851	1	493	204	41.38	153	17	1	33	0
Pct 7852	Election Day	7852	1	634	104	16.4	72	16	1	15	0
Pct 7852	VBM	7852	1	634	303	47.79	220	38	4	41	0
Pct 7853	Election Day	7853	1	837	180	21.51	125	17	1	37	0
Pct 7853	VBM	7853	1	837	333	39.78	234	41	0	58	0
Pct 7854	Election Day	7854	1	874	216	24.71	121	27	1	67	0
Pct 7854	VBM	7854	1	874	346	39.59	240	31	0	75	0
Pct 7855	Election Day	7855	1	949	259	27.29	172	35	1	51	0
Pct 7855	VBM	7855	1	949	359	37.83	237	30	0	94	0
Pct 7856	Election Day	7856	1	790	204	25.82	127	30	0	46	0
Pct 7856	VBM	7856	1	790	312	39.49	240	21	1	50	1
Pct 7857	Election Day	7857	1	913	225	24.64	135	32	2	57	0
Pct 7857	VBM	7857	1	913	350	38.34	202	54	2	92	0
Pct 7858	Election Day	7858	1	743	192	25.84	109	32	2	49	0
Pct 7858	VBM	7858	1	743	252	33.92	175	33	2	41	0
Pct 7859	Election Day	7859	1	879	219	24.91	163	14	1	41	0
Pct 7859	VBM	7859	1	879	352	40.05	228	35	0	89	0
Pct 7861	Election Day	7861	1	835	184	22.04	121	23	2	38	0
Pct 7861	VBM	7861	1	835	367	43.95	249	48	0	70	0
Pct 7862	Election Day	7862	1	850	237	27.88	150	33	2	52	0
Pct 7862	VBM	7862	1	850	323	38	225	29	4	66	0
Pct 7863	Election Day	7863	1	870	237	27.24	154	31	2	50	0
Pct 7863	VBM	7863	1	870	302	34.71	202	30	3	67	0
Pct 7864	Election Day	7864	1	773	188	24.32	104	41	1	42	0
Pct 7864	VBM	7864	1	773	284	36.74	188	33	2	63	0
Pct 7865	Election Day	7865	1	808	178	22.03	102	22	2	52	0
Pct 7865	VBM	7865	1	808	310	38.37	203	41	0	66	0
Pct 7866	Election Day	7866	1	816	184	22.55	129	18	1	36	0
Pct 7866	VBM	7866	1	816	389	47.67	280	31	1	76	1
Pct 7867	Election Day	7867	1	932	209	22.42	139	21	3	46	0
Pct 7867	VBM	7867	1	932	385	41.31	268	48	2	64	0
Pct 7868	Election Day	7868	1	860	218	25.35	141	30	1	46	0
Pct 7868	VBM	7868	1	860	324	37.67	237	36	2	48	0
Pct 7869	Election Day	7869	1	842	219	26.01	135	30	2	50	1
Pct 7869	VBM	7869	1	842	376	44.66	260	35	4	78	0
Pct 7871	Election Day	7871	1	882	240	27.21	166	34	1	40	2
Pct 7871	VBM	7871	1	882	364	41.27	262	26	4	71	0
Pct 7872	Election Day	7872	1	864	242	28.01	172	27	0	43	0
Pct 7872	VBM	7872	1	864	369	42.71	249	43	5	72	0
Pct 7873	Election Day	7873	1	841	231	27.47	150	33	0	48	0
Pct 7873	VBM	7873	1	841	387	46.02	274	42	1	70	0
Pct 7874	Election Day	7874	1	453	85	18.76	65	8	1	11	0
Pct 7874	VBM	7874	1	453	174	38.41	125	21	1	26	0
Pct 7875	Election Day	7875	1	615	127	20.65	57	27	3	40	0
Pct 7875	VBM	7875	1	615	203	33.01	113	36	1	55	0
Pct 7876	Election Day	7876	1	491	101	20.57	49	21	1	30	0
Pct 7876	VBM	7876	1	491	148	30.14	101	12	1	35	0
Pct 7901	Election Day	7901	1	466	87	18.67	33	28	1	26	0
Pct 7901	VBM	7901	1	466	133	28.54	84	19	2	28	0
Pct 7902	Election Day	7902	1	921	188	20.41	103	35	4	46	0
Pct 7902	VBM	7902	1	921	259	28.12	155	37	3	64	0
Pct 7903	Election Day	7903	1	819	144	17.58	64	41	1	38	0
Pct 7903	VBM	7903	1	819	244	29.79	144	51	1	48	0
Pct 7904	Election Day	7904	1	846	137	16.19	75	21	1	40	0
Pct 7904	VBM	7904	1	846	248	29.31	146	44	4	55	0
Pct 7905	Election Day	7905	1	821	199	24.24	120	39	0	39	0
Pct 7905	VBM	7905	1	821	275	33.5	172	45	1	54	0
Pct 7906	Election Day	7906	1	769	164	21.33	85	26	2	50	0
Pct 7906	VBM	7906	1	769	214	27.83	134	24	2	55	0
Pct 7907	Election Day	7907	1	926	201	21.71	105	42	2	50	0
Pct 7907	VBM	7907	1	926	286	30.89	173	40	2	70	0
Pct 7908	Election Day	7908	1	936	191	20.41	97	43	2	49	0
Pct 7908	VBM	7908	1	936	267	28.53	163	42	4	58	0
Pct 7909	Election Day	7909	1	726	190	26.17	106	37	3	44	0
Pct 7909	VBM	7909	1	726	221	30.44	153	25	2	41	0
Pct 7911	Election Day	7911	1	849	192	22.61	117	30	6	39	0
Pct 7911	VBM	7911	1	849	250	29.45	151	36	3	59	0
Pct 7912	Election Day	7912	1	1036	215	20.75	119	32	5	57	0
Pct 7912	VBM	7912	1	1036	314	30.31	188	44	2	76	0
Pct 7913	Election Day	7913	1	887	240	27.06	124	55	1	60	0
Pct 7913	VBM	7913	1	887	244	27.51	157	34	2	52	0
Pct 7914	Election Day	7914	1	833	208	24.97	110	48	1	49	0
Pct 7914	VBM	7914	1	833	253	30.37	166	24	2	56	4
Pct 7915	Election Day	7915	1	802	213	26.56	112	46	1	54	0
Pct 7915	VBM	7915	1	802	222	27.68	132	33	0	56	0
Pct 7916	Election Day	7916	1	887	215	24.24	120	45	2	48	0
Pct 7916	VBM	7916	1	887	289	32.58	181	42	4	62	0
Pct 7917	Election Day	7917	1	983	254	25.84	121	57	3	74	0
Pct 7917	VBM	7917	1	983	287	29.2	169	58	1	58	1
Pct 7918	Election Day	7918	1	790	191	24.18	106	31	3	51	0
Pct 7918	VBM	7918	1	790	234	29.62	143	27	2	63	0
Pct 7919	Election Day	7919	1	857	217	25.32	117	53	1	46	0
Pct 7919	VBM	7919	1	857	241	28.12	146	39	2	53	1
Pct 7921	Election Day	7921	1	883	151	17.1	93	32	3	24	0
Pct 7921	VBM	7921	1	883	210	23.78	105	53	1	51	0
Pct 7922	Election Day	7922	1	797	182	22.84	87	30	5	59	0
Pct 7922	VBM	7922	1	797	241	30.24	145	47	1	47	0
Pct 7923	Election Day	7923	1	863	202	23.41	98	44	5	55	0
Pct 7923	VBM	7923	1	863	241	27.93	129	47	1	63	1
Pct 7924	Election Day	7924	1	806	172	21.34	79	40	2	50	0
Pct 7924	VBM	7924	1	806	247	30.65	145	50	2	50	0
Pct 7925	Election Day	7925	1	570	114	20	53	31	1	29	0
Pct 7925	VBM	7925	1	570	191	33.51	113	32	1	45	0
Pct 7926	Election Day	7926	1	768	177	23.05	99	30	5	43	0
Pct 7926	VBM	7926	1	768	296	38.54	172	43	3	78	0
Pct 7927	Election Day	7927	1	733	187	25.51	103	30	3	51	0
Pct 7927	VBM	7927	1	733	289	39.43	197	33	1	59	0
Pct 7928	Election Day	7928	1	899	253	28.14	166	35	5	48	0
Pct 7928	VBM	7928	1	899	297	33.04	190	42	2	61	0
Pct 7929	Election Day	7929	1	840	200	23.81	134	25	1	41	0
Pct 7929	VBM	7929	1	840	367	43.69	250	42	1	72	0
Pct 7931	Election Day	7931	1	732	189	25.82	124	20	0	44	1
Pct 7931	VBM	7931	1	732	317	43.31	227	34	4	53	0
Pct 7932	Election Day	7932	1	551	112	20.33	63	20	1	28	0
Pct 7932	VBM	7932	1	551	225	40.83	149	21	0	55	0
Pct 7933 MB	Election Day	7933	1	8	0	0	0	0	0	0	0
Pct 7933 MB	VBM	7933	1	8	4	50	3	1	0	0	0
Pct 7934	Election Day	7934	1	885	195	22.03	106	31	2	60	0
Pct 7934	VBM	7934	1	885	328	37.06	194	50	2	80	0
Pct 7935	Election Day	7935	1	938	283	30.17	182	28	3	70	0
Pct 7935	VBM	7935	1	938	370	39.45	246	32	3	87	0
Pct 7936	Election Day	7936	1	832	246	29.57	143	31	1	72	0
Pct 7936	VBM	7936	1	832	326	39.18	207	42	0	76	0
Pct 7937	Election Day	7937	1	874	223	25.51	145	28	0	50	0
Pct 7937	VBM	7937	1	874	309	35.35	204	36	9	60	0
Pct 7938	Election Day	7938	1	774	162	20.93	81	36	0	45	0
Pct 7938	VBM	7938	1	774	247	31.91	162	39	2	44	0
Pct 7939	Election Day	7939	1	667	186	27.89	120	22	1	41	0
Pct 7939	VBM	7939	1	667	230	34.48	149	27	0	53	0
Pct 7941	Election Day	7941	1	728	167	22.94	108	23	3	32	0
Pct 7941	VBM	7941	1	728	236	32.42	135	42	1	57	0
Pct 7942	Election Day	7942	1	893	166	18.59	92	28	2	43	0
Pct 7942	VBM	7942	1	893	286	32.03	181	41	2	63	0
Pct 7943	Election Day	7943	1	887	192	21.65	109	38	1	44	0
Pct 7943	VBM	7943	1	887	319	35.96	204	59	3	51	0
Pct 7944	Election Day	7944	1	769	201	26.14	129	29	1	43	0
Pct 7944	VBM	7944	1	769	235	30.56	159	28	0	48	0
Pct 7945	Election Day	7945	1	897	118	13.15	60	23	2	33	0
Pct 7945	VBM	7945	1	897	294	32.78	191	36	0	64	0
Pct 7946	Election Day	7946	1	909	134	14.74	69	38	4	22	0
Pct 7946	VBM	7946	1	909	348	38.28	205	56	7	74	3
Pct 7947	Election Day	7947	1	894	128	14.32	63	32	2	32	0
Pct 7947	VBM	7947	1	894	327	36.58	189	66	3	70	0
Pct 7948	Election Day	7948	1	900	165	18.33	87	35	2	41	0
Pct 7948	VBM	7948	1	900	313	34.78	198	52	4	61	0
Pct 7949	Election Day	7949	1	552	78	14.13	48	8	1	18	0
Pct 7949	VBM	7949	1	552	224	40.58	152	32	1	39	0
Pct 7951	Election Day	7951	1	830	97	11.69	59	13	0	25	0
Pct 7951	VBM	7951	1	830	341	41.08	215	47	6	73	0
Pct 7952	Election Day	7952	1	823	100	12.15	51	24	0	25	0
Pct 7952	VBM	7952	1	823	288	34.99	194	51	1	43	0
Pct 7953	Election Day	7953	1	795	103	12.96	66	18	5	16	0
Pct 7953	VBM	7953	1	795	294	36.98	168	64	3	59	0
Pct 7954 MB	Election Day	7954	1	0	0	0	0	0	0	0	0
Pct 7954 MB	VBM	7954	1	0	0	0	0	0	0	0	0
Pct 7955	Election Day	7955	1	854	116	13.58	65	28	1	22	0
Pct 7955	VBM	7955	1	854	320	37.47	192	67	1	60	0
Pct 7956	Election Day	7956	1	779	101	12.97	46	21	1	33	0
Pct 7956	VBM	7956	1	779	247	31.71	143	50	3	48	0
Pct 7957	Election Day	7957	1	623	97	15.57	59	17	0	20	0
Pct 7957	VBM	7957	1	623	217	34.83	140	41	2	34	0
Pct 7958 MB	Election Day	7958	1	263	13	4.94	7	3	0	4	0
Pct 7958 MB	VBM	7958	1	263	104	39.54	59	22	1	21	1
Pct 7959	Election Day	7959	1	695	110	15.83	52	28	2	28	0
Pct 7959	VBM	7959	1	695	190	27.34	133	22	1	34	0
Pct 9900 MB	Election Day	9900	1	0	0	0	0	0	0	0	0
Pct 9900 MB	VBM	9900	1	0	0	0	0	0	0	0	0
Pct 9901 MB	Election Day	9901	1	0	0	0	0	0	0	0	0
Pct 9901 MB	VBM	9901	1	0	0	0	0	0	0	0	0
Pct 9902 MB	Election Day	9902	1	0	0	0	0	0	0	0	0
Pct 9902 MB	VBM	9902	1	0	0	0	0	0	0	0	0
