PrecinctName	ReportingType	PrecinctID	Precincts	Registration	Ballots Cast	Turnout (%)	LILY (ESPINOZA) PLOSKI	STEVEN IRELAND	TONY K. THURMOND	MARSHALL TUCK	WRITE-IN	WRITE-IN DOUGLAS I. VIGIL	WRITE-IN THOMAS L. WILLIAMS	Under Vote	Over Vote
Pct 1101	Election Day	1101	1	544	83	15.26	11	4	33	15	0	0	0	20	0
Pct 1101	VBM	1101	1	544	198	36.4	27	13	99	30	0	0	0	29	0
Pct 1102	Election Day	1102	1	964	188	19.5	20	9	88	33	1	0	0	39	0
Pct 1102	VBM	1102	1	964	337	34.96	42	30	140	64	0	0	0	60	0
Pct 1103	Election Day	1103	1	914	163	17.83	17	13	75	29	3	0	0	26	0
Pct 1103	VBM	1103	1	914	348	38.07	37	29	172	59	3	0	0	47	0
Pct 1104/1105	Election Day	1104	1	953	167	17.52	19	11	74	36	0	0	0	27	0
Pct 1104/1105	VBM	1104	1	953	292	30.64	36	19	138	41	1	0	0	57	0
Pct 1106	Election Day	1106	1	740	113	15.27	11	3	52	28	0	0	0	19	0
Pct 1106	VBM	1106	1	740	231	31.22	22	6	117	52	0	0	0	34	0
Pct 1107	Election Day	1107	1	721	101	14.01	3	3	54	23	2	0	0	16	0
Pct 1107	VBM	1107	1	721	240	33.29	21	21	113	38	2	0	0	40	0
Pct 1108	Election Day	1108	1	882	156	17.69	22	6	61	27	2	0	0	39	0
Pct 1108	VBM	1108	1	882	328	37.19	35	12	170	51	2	0	0	55	0
Pct 1109	Election Day	1109	1	758	124	16.36	15	8	61	21	1	0	0	18	0
Pct 1109	VBM	1109	1	758	265	34.96	27	20	128	45	2	0	0	43	0
Pct 1111	Election Day	1111	1	938	132	14.07	23	6	62	19	1	0	0	22	0
Pct 1111	VBM	1111	1	938	330	35.18	40	18	139	77	2	0	0	51	0
Pct 1112	Election Day	1112	1	702	96	13.68	16	4	41	17	1	0	0	16	1
Pct 1112	VBM	1112	1	702	221	31.48	17	10	117	32	3	0	0	41	0
Pct 1113	Election Day	1113	1	701	82	11.7	11	2	34	12	2	0	0	21	0
Pct 1113	VBM	1113	1	701	272	38.8	16	19	103	64	1	0	0	65	2
Pct 1114	Election Day	1114	1	915	139	15.19	20	11	52	27	1	0	0	28	0
Pct 1114	VBM	1114	1	915	280	30.6	28	23	137	59	1	0	0	30	2
Pct 1115	Election Day	1115	1	835	97	11.62	11	5	48	16	1	0	0	17	0
Pct 1115	VBM	1115	1	835	279	33.41	21	25	131	41	0	0	0	59	1
Pct 1116	Election Day	1116	1	842	141	16.75	17	12	56	26	2	0	0	28	0
Pct 1116	VBM	1116	1	842	275	32.66	20	15	144	36	3	0	0	55	1
Pct 1117	Election Day	1117	1	827	138	16.69	21	12	55	20	3	0	0	30	0
Pct 1117	VBM	1117	1	827	240	29.02	22	14	109	47	1	0	0	45	1
Pct 1118	Election Day	1118	1	974	158	16.22	27	15	72	21	0	0	0	23	0
Pct 1118	VBM	1118	1	974	335	34.39	45	19	161	47	1	0	0	62	0
Pct 1119	Election Day	1119	1	745	97	13.02	11	4	40	21	0	0	0	21	0
Pct 1119	VBM	1119	1	745	274	36.78	21	22	148	48	0	0	0	35	0
Pct 1121	Election Day	1121	1	653	104	15.93	12	14	43	19	1	0	0	16	0
Pct 1121	VBM	1121	1	653	221	33.84	31	21	68	50	0	0	0	49	0
Pct 1122	Election Day	1122	1	607	69	11.37	8	3	30	13	1	0	0	14	0
Pct 1122	VBM	1122	1	607	213	35.09	28	18	64	44	1	0	0	58	0
Pct 1123	Election Day	1123	1	876	118	13.47	14	7	58	23	2	0	0	14	0
Pct 1123	VBM	1123	1	876	254	29	36	17	114	51	1	0	0	34	0
Pct 1124	Election Day	1124	1	773	109	14.1	12	4	47	19	1	0	0	26	0
Pct 1124	VBM	1124	1	773	200	25.87	21	18	99	39	1	0	0	23	0
Pct 1125	Election Day	1125	1	987	80	8.11	11	7	28	14	2	0	0	19	0
Pct 1125	VBM	1125	1	987	329	33.33	43	30	146	53	4	0	0	54	0
Pct 1126	Election Day	1126	1	900	92	10.22	15	0	39	19	2	0	0	19	0
Pct 1126	VBM	1126	1	900	292	32.44	40	16	124	65	1	0	0	44	1
Pct 1127	Election Day	1127	1	875	141	16.11	18	4	53	35	2	0	0	30	0
Pct 1127	VBM	1127	1	875	277	31.66	34	13	112	69	0	0	0	48	0
Pct 1128	Election Day	1128	1	813	104	12.79	15	6	34	23	3	0	0	23	0
Pct 1128	VBM	1128	1	813	246	30.26	37	26	83	54	1	0	0	45	0
Pct 1129	Election Day	1129	1	924	120	12.99	24	5	41	26	0	0	0	24	0
Pct 1129	VBM	1129	1	924	274	29.65	30	19	126	55	1	0	0	40	1
Pct 1131	Election Day	1131	1	783	85	10.86	13	6	29	25	2	0	0	10	0
Pct 1131	VBM	1131	1	783	288	36.78	35	34	105	62	3	0	0	47	1
Pct 1132	Election Day	1132	1	910	112	12.31	22	8	40	22	1	0	0	19	0
Pct 1132	VBM	1132	1	910	324	35.6	36	20	133	75	0	0	0	58	2
Pct 1133	Election Day	1133	1	826	99	11.99	15	4	41	17	1	0	0	21	0
Pct 1133	VBM	1133	1	826	292	35.35	43	17	114	60	4	0	0	55	1
Pct 1134	Election Day	1134	1	727	126	17.33	26	7	55	14	1	0	0	21	2
Pct 1134	VBM	1134	1	727	241	33.15	25	14	86	53	1	0	0	62	0
Pct 1135	Election Day	1135	1	511	71	13.89	8	5	32	13	0	0	0	13	0
Pct 1135	VBM	1135	1	511	217	42.47	29	23	91	29	2	0	0	43	0
Pct 1136	Election Day	1136	1	807	97	12.02	20	13	31	17	1	0	0	15	0
Pct 1136	VBM	1136	1	807	287	35.56	32	22	105	66	2	0	0	58	1
Pct 1141	Election Day	1141	1	998	149	14.93	26	10	48	31	0	0	0	34	0
Pct 1141	VBM	1141	1	998	368	36.87	73	25	138	70	3	0	0	59	0
Pct 1142	Election Day	1142	1	822	120	14.6	18	12	44	21	1	0	0	24	0
Pct 1142	VBM	1142	1	822	266	32.36	38	20	110	57	1	0	0	39	0
Pct 1143	Election Day	1143	1	989	147	14.86	41	9	57	17	1	0	0	23	0
Pct 1143	VBM	1143	1	989	311	31.45	59	18	111	52	6	0	0	64	1
Pct 1144	Election Day	1144	1	870	148	17.01	35	9	55	27	1	0	0	21	1
Pct 1144	VBM	1144	1	870	264	30.34	45	16	104	55	0	0	0	45	1
Pct 1145	Election Day	1145	1	879	136	15.47	28	8	57	16	0	0	0	26	0
Pct 1145	VBM	1145	1	879	370	42.09	52	26	167	61	2	0	0	62	0
Pct 1146	Election Day	1146	1	971	124	12.77	28	13	50	15	1	0	0	16	0
Pct 1146	VBM	1146	1	971	326	33.57	57	27	117	77	1	0	0	46	1
Pct 1147	Election Day	1147	1	853	166	19.46	23	9	77	27	3	0	0	26	0
Pct 1147	VBM	1147	1	853	279	32.71	70	16	106	44	0	0	0	43	1
Pct 1148	Election Day	1148	1	918	121	13.18	26	4	40	24	1	0	0	26	0
Pct 1148	VBM	1148	1	918	314	34.2	61	26	103	53	2	0	0	68	0
Pct 1149	Election Day	1149	1	873	148	16.95	38	15	48	19	0	0	0	30	0
Pct 1149	VBM	1149	1	873	285	32.65	45	17	117	58	2	0	0	43	3
Pct 1151 MB	Election Day	1151	1	0	0	0	0	0	0	0	0	0	0	0	0
Pct 1151 MB	VBM	1151	1	0	0	0	0	0	0	0	0	0	0	0	0
Pct 1152	Election Day	1152	1	838	125	14.92	23	11	47	22	0	0	0	23	0
Pct 1152	VBM	1152	1	838	286	34.13	63	18	115	46	0	0	0	43	0
Pct 1153	Election Day	1153	1	909	139	15.29	24	9	42	28	1	0	0	35	0
Pct 1153	VBM	1153	1	909	306	33.66	48	27	116	61	1	0	0	52	1
Pct 1154 MB	Election Day	1154	1	0	0	0	0	0	0	0	0	0	0	0	0
Pct 1154 MB	VBM	1154	1	0	0	0	0	0	0	0	0	0	0	0	0
Pct 7001	Election Day	7001	1	735	119	16.19	20	3	48	18	1	0	0	31	0
Pct 7001	VBM	7001	1	735	266	36.19	41	10	95	52	0	0	0	62	0
Pct 7002	Election Day	7002	1	641	132	20.59	23	8	58	16	0	0	0	25	1
Pct 7002	VBM	7002	1	641	173	26.99	21	11	72	38	0	0	0	31	0
Pct 7003	Election Day	7003	1	864	188	21.76	20	6	91	24	1	0	0	47	0
Pct 7003	VBM	7003	1	864	340	39.35	25	10	154	86	0	0	0	64	0
Pct 7004	Election Day	7004	1	835	175	20.96	27	7	60	31	1	0	0	50	0
Pct 7004	VBM	7004	1	835	306	36.65	14	11	130	87	0	0	0	58	0
Pct 7005	Election Day	7005	1	812	180	22.17	29	5	84	20	1	0	0	42	0
Pct 7005	VBM	7005	1	812	295	36.33	33	15	132	59	0	0	0	54	0
Pct 7006	Election Day	7006	1	884	213	24.1	30	9	88	34	0	0	0	53	0
Pct 7006	VBM	7006	1	884	290	32.81	37	12	142	50	2	0	0	46	0
Pct 7007	Election Day	7007	1	916	233	25.44	36	14	82	46	0	0	0	59	0
Pct 7007	VBM	7007	1	916	323	35.26	32	6	143	77	2	0	0	61	0
Pct 7008	Election Day	7008	1	861	187	21.72	16	9	76	33	0	0	0	53	0
Pct 7008	VBM	7008	1	861	345	40.07	32	13	133	89	0	0	0	77	1
Pct 7009	Election Day	7009	1	864	133	15.39	15	11	52	21	1	0	0	34	0
Pct 7009	VBM	7009	1	864	312	36.11	30	9	148	62	1	0	0	64	0
Pct 7011	Election Day	7011	1	976	141	14.45	29	8	42	23	3	0	0	36	0
Pct 7011	VBM	7011	1	976	205	21	28	15	79	45	1	0	0	36	0
Pct 7012	Election Day	7012	1	1061	224	21.11	28	16	93	36	1	0	0	50	0
Pct 7012	VBM	7012	1	1061	383	36.1	38	20	167	76	2	0	0	79	1
Pct 7013	Election Day	7013	1	805	132	16.4	22	4	47	26	2	0	0	31	0
Pct 7013	VBM	7013	1	805	251	31.18	46	6	85	61	0	0	0	51	0
Pct 7014	Election Day	7014	1	1213	188	15.5	33	6	70	35	0	0	0	46	0
Pct 7014	VBM	7014	1	1213	434	35.78	52	26	183	90	1	0	0	83	0
Pct 7015 MB	Election Day	7015	1	93	0	0	0	0	0	0	0	0	0	0	0
Pct 7015 MB	VBM	7015	1	93	34	36.56	5	0	21	5	0	0	0	3	0
Pct 7016	Election Day	7016	1	891	112	12.57	26	9	32	15	1	0	0	27	0
Pct 7016	VBM	7016	1	891	221	24.8	30	17	85	40	1	0	0	46	0
Pct 7017	Election Day	7017	1	734	79	10.76	9	3	27	11	2	0	0	27	0
Pct 7017	VBM	7017	1	734	167	22.75	22	7	73	27	0	0	0	37	0
Pct 7018	Election Day	7018	1	908	88	9.69	15	5	38	15	0	0	0	16	0
Pct 7018	VBM	7018	1	908	343	37.78	53	27	134	49	2	0	0	73	0
Pct 7019	Election Day	7019	1	864	111	12.85	24	7	46	11	1	0	0	20	0
Pct 7019	VBM	7019	1	864	349	40.39	59	17	155	57	3	0	0	58	1
Pct 7021	Election Day	7021	1	927	129	13.92	17	11	54	18	2	0	0	27	0
Pct 7021	VBM	7021	1	927	220	23.73	27	11	108	32	1	0	0	42	0
Pct 7022	Election Day	7022	1	923	164	17.77	33	11	80	14	1	0	0	26	0
Pct 7022	VBM	7022	1	923	270	29.25	46	12	122	42	2	0	0	44	0
Pct 7023	Election Day	7023	1	906	131	14.46	13	5	68	17	3	0	0	26	0
Pct 7023	VBM	7023	1	906	301	33.22	42	11	163	47	2	0	0	39	0
Pct 7024	Election Day	7024	1	386	30	7.77	6	3	9	4	1	0	0	7	0
Pct 7024	VBM	7024	1	386	47	12.18	17	7	14	5	0	0	0	3	0
Pct 7025	Election Day	7025	1	448	66	14.73	9	5	19	20	0	0	0	11	1
Pct 7025	VBM	7025	1	448	78	17.41	16	7	27	17	0	0	0	9	0
Pct 7026	Election Day	7026	1	971	90	9.27	12	7	37	15	0	0	0	20	0
Pct 7026	VBM	7026	1	971	350	36.05	61	22	133	59	2	0	0	65	0
Pct 7027	Election Day	7027	1	845	136	16.09	15	8	60	14	0	0	0	36	1
Pct 7027	VBM	7027	1	845	271	32.07	38	23	103	42	0	0	0	63	0
Pct 7028	Election Day	7028	1	835	157	18.8	23	6	78	23	0	0	0	27	1
Pct 7028	VBM	7028	1	835	180	21.56	29	7	93	25	1	0	0	25	0
Pct 7029	Election Day	7029	1	855	115	13.45	21	11	44	20	0	0	0	18	0
Pct 7029	VBM	7029	1	855	166	19.42	23	10	79	25	1	0	0	25	1
Pct 7030	Election Day	7030	1	729	94	12.89	21	9	27	22	0	0	0	15	0
Pct 7030	VBM	7030	1	729	277	38	54	30	87	40	3	0	0	63	0
Pct 7031	Election Day	7031	1	611	50	8.18	7	4	16	12	0	0	0	11	0
Pct 7031	VBM	7031	1	611	224	36.66	36	12	91	27	1	0	0	57	0
Pct 7032	Election Day	7032	1	867	126	14.53	25	9	47	15	2	0	0	30	0
Pct 7032	VBM	7032	1	867	238	27.45	30	26	114	25	0	0	0	41	1
Pct 7033	Election Day	7033	1	765	135	17.65	23	8	51	23	2	0	0	28	0
Pct 7033	VBM	7033	1	765	181	23.66	24	14	93	29	0	0	0	20	1
Pct 7034	Election Day	7034	1	914	97	10.61	15	4	35	16	0	0	0	26	1
Pct 7034	VBM	7034	1	914	154	16.85	24	7	64	26	1	0	0	33	0
Pct 7035	Election Day	7035	1	553	73	13.2	8	4	33	14	0	0	0	15	0
Pct 7035	VBM	7035	1	553	170	30.74	18	12	76	36	1	0	0	26	0
Pct 7036	Election Day	7036	1	898	52	5.79	11	3	21	10	0	0	0	7	0
Pct 7036	VBM	7036	1	898	265	29.51	70	21	77	54	4	0	0	38	1
Pct 7037	Election Day	7037	1	730	73	10	10	6	21	16	0	0	0	20	0
Pct 7037	VBM	7037	1	730	64	8.77	21	3	24	7	1	0	0	7	0
Pct 7038	Election Day	7038	1	880	84	9.55	19	10	25	12	4	0	0	14	0
Pct 7038	VBM	7038	1	880	255	28.98	67	14	80	45	4	0	0	44	1
Pct 7039	Election Day	7039	1	768	111	14.45	21	15	40	15	0	0	0	20	0
Pct 7039	VBM	7039	1	768	225	29.3	43	15	80	36	4	0	0	44	0
Pct 7041 MB	Election Day	7041	1	60	0	0	0	0	0	1	0	0	0	0	0
Pct 7041 MB	VBM	7041	1	60	24	40	2	1	13	2	0	0	0	5	0
Pct 7042	Election Day	7042	1	632	75	11.87	15	5	34	11	0	0	0	10	0
Pct 7042	VBM	7042	1	632	191	30.22	41	9	75	35	1	0	0	30	0
Pct 7043	Election Day	7043	1	915	97	10.6	19	3	44	9	0	0	0	22	0
Pct 7043	VBM	7043	1	915	282	30.82	54	18	119	39	1	0	0	51	0
Pct 7044	Election Day	7044	1	805	86	10.68	9	7	24	16	3	0	0	28	0
Pct 7044	VBM	7044	1	805	125	15.53	36	12	40	14	0	0	0	24	0
Pct 7045	Election Day	7045	1	763	87	11.4	17	5	25	16	1	0	0	23	0
Pct 7045	VBM	7045	1	763	282	36.96	53	27	74	46	1	0	0	80	0
Pct 7046	Election Day	7046	1	385	54	14.03	10	6	24	6	0	0	0	8	0
Pct 7046	VBM	7046	1	385	136	35.32	24	9	53	30	0	0	0	21	0
Pct 7047	Election Day	7047	1	781	68	8.71	12	4	23	13	0	0	0	17	0
Pct 7047	VBM	7047	1	781	298	38.16	49	14	131	46	3	0	0	53	0
Pct 7048	Election Day	7048	1	815	94	11.53	20	7	36	15	1	0	0	15	0
Pct 7048	VBM	7048	1	815	248	30.43	46	28	92	34	3	0	0	44	0
Pct 7049	Election Day	7049	1	751	108	14.38	28	15	21	15	1	0	0	28	0
Pct 7049	VBM	7049	1	751	241	32.09	47	30	54	53	1	0	0	56	0
Pct 7051	Election Day	7051	1	839	70	8.34	16	8	21	10	0	0	0	16	0
Pct 7051	VBM	7051	1	839	302	36	59	38	99	33	4	0	0	67	0
Pct 7052	Election Day	7052	1	806	120	14.89	20	10	46	23	0	0	0	22	0
Pct 7052	VBM	7052	1	806	278	34.49	53	18	85	63	0	0	0	58	0
Pct 7053	Election Day	7053	1	548	44	8.03	6	2	19	6	0	0	0	11	0
Pct 7053	VBM	7053	1	548	205	37.41	40	15	64	40	1	0	0	42	0
Pct 7054	Election Day	7054	1	1024	141	13.77	31	7	61	20	0	0	0	22	0
Pct 7054	VBM	7054	1	1024	275	26.86	47	11	127	44	0	0	0	44	1
Pct 7055	Election Day	7055	1	699	83	11.87	14	2	26	18	0	0	0	24	0
Pct 7055	VBM	7055	1	699	256	36.62	36	12	82	58	1	0	0	65	0
Pct 7101 MB	Election Day	7101	1	141	2	1.42	1	0	1	0	0	0	0	0	0
Pct 7101 MB	VBM	7101	1	141	83	58.87	3	0	36	27	0	0	0	17	0
Pct 7201	Election Day	7201	1	900	147	16.33	17	6	38	30	1	0	0	55	0
Pct 7201	VBM	7201	1	900	333	37	33	19	114	81	0	0	0	85	1
Pct 7202	Election Day	7202	1	830	138	16.63	14	5	50	25	1	0	0	44	0
Pct 7202	VBM	7202	1	830	271	32.65	34	11	72	85	0	0	0	71	0
Pct 7203	Election Day	7203	1	867	174	20.07	29	5	55	38	1	0	0	46	0
Pct 7203	VBM	7203	1	867	243	28.03	22	7	89	57	3	0	0	63	1
Pct 7204	Election Day	7204	1	888	157	17.68	23	3	49	40	0	0	0	41	1
Pct 7204	VBM	7204	1	888	340	38.29	24	10	109	118	1	0	0	75	1
Pct 7205	Election Day	7205	1	847	183	21.61	26	7	51	52	0	0	0	47	0
Pct 7205	VBM	7205	1	847	309	36.48	24	11	107	104	1	0	0	62	0
Pct 7206	Election Day	7206	1	375	88	23.47	13	4	33	23	1	0	0	14	0
Pct 7206	VBM	7206	1	375	124	33.07	22	2	33	32	1	0	0	33	0
Pct 7207	Election Day	7207	1	744	119	15.99	20	12	31	24	1	0	0	31	0
Pct 7207	VBM	7207	1	744	231	31.05	29	10	78	62	1	0	0	49	0
Pct 7208	Election Day	7208	1	567	76	13.4	16	3	25	8	0	0	0	24	0
Pct 7208	VBM	7208	1	567	206	36.33	24	20	71	52	1	0	0	37	0
Pct 7209	Election Day	7209	1	586	69	11.77	11	5	16	15	0	0	0	22	0
Pct 7209	VBM	7209	1	586	326	55.63	26	11	101	117	1	0	0	67	0
Pct 7301	Election Day	7301	1	1002	150	14.97	25	20	38	30	1	0	0	36	0
Pct 7301	VBM	7301	1	1002	299	29.84	38	23	96	60	1	0	0	78	0
Pct 7302	Election Day	7302	1	806	121	15.01	22	2	45	21	0	0	0	31	0
Pct 7302	VBM	7302	1	806	352	43.67	44	29	135	69	1	0	0	73	1
Pct 7303	Election Day	7303	1	986	167	16.94	23	9	46	33	1	0	0	56	0
Pct 7303	VBM	7303	1	986	318	32.25	42	13	122	70	0	0	0	69	1
Pct 7304	Election Day	7304	1	972	203	20.88	25	15	65	46	1	0	0	50	0
Pct 7304	VBM	7304	1	972	330	33.95	38	19	110	91	2	0	0	70	0
Pct 7305	Election Day	7305	1	851	171	20.09	22	12	66	31	0	0	0	40	0
Pct 7305	VBM	7305	1	851	306	35.96	32	17	106	71	1	0	0	80	0
Pct 7306	Election Day	7306	1	1014	179	17.65	32	15	51	30	0	0	0	51	0
Pct 7306	VBM	7306	1	1014	302	29.78	37	16	95	63	1	0	0	91	1
Pct 7307	Election Day	7307	1	726	143	19.7	25	3	43	31	0	0	0	41	0
Pct 7307	VBM	7307	1	726	226	31.13	26	16	73	42	0	0	0	67	0
Pct 7308	Election Day	7308	1	598	133	22.24	17	7	44	26	0	0	0	39	0
Pct 7308	VBM	7308	1	598	204	34.11	15	4	71	63	2	0	0	50	0
Pct 7309	Election Day	7309	1	826	160	19.37	20	8	58	33	0	0	0	43	0
Pct 7309	VBM	7309	1	826	209	25.3	23	15	71	42	0	0	0	57	1
Pct 7311	Election Day	7311	1	901	175	19.42	20	13	60	42	0	0	0	41	0
Pct 7311	VBM	7311	1	901	266	29.52	36	12	89	68	1	0	0	59	1
Pct 7312	Election Day	7312	1	810	128	15.8	13	6	32	38	0	0	0	39	0
Pct 7312	VBM	7312	1	810	332	40.99	35	24	97	92	1	0	0	80	0
Pct 7313	Election Day	7313	1	925	135	14.59	15	8	50	25	0	0	0	37	0
Pct 7313	VBM	7313	1	925	315	34.05	40	19	93	90	0	0	0	73	1
Pct 7314	Election Day	7314	1	760	92	12.11	20	7	24	7	0	0	0	34	0
Pct 7314	VBM	7314	1	760	213	28.03	31	13	69	28	0	0	0	73	0
Pct 7315	Election Day	7315	1	725	119	16.41	19	8	36	23	1	0	0	32	0
Pct 7315	VBM	7315	1	725	178	24.55	29	10	66	30	0	0	0	42	0
Pct 7316	Election Day	7316	1	824	122	14.81	16	9	47	18	1	0	0	31	0
Pct 7316	VBM	7316	1	824	266	32.28	46	17	85	50	0	0	0	68	0
Pct 7317	Election Day	7317	1	886	117	13.21	15	9	39	30	0	0	0	24	0
Pct 7317	VBM	7317	1	886	340	38.37	38	15	129	84	1	0	0	71	0
Pct 7318	Election Day	7318	1	709	123	17.35	15	10	44	15	0	0	0	39	0
Pct 7318	VBM	7318	1	709	243	34.27	27	13	101	44	0	0	0	60	0
Pct 7319	Election Day	7319	1	1035	182	17.58	32	11	57	39	0	0	0	43	0
Pct 7319	VBM	7319	1	1035	296	28.6	35	9	92	75	1	0	0	84	0
Pct 7321	Election Day	7321	1	644	100	15.53	16	6	25	15	2	0	0	36	0
Pct 7321	VBM	7321	1	644	211	32.76	22	11	60	69	0	0	0	49	0
Pct 7322	Election Day	7322	1	859	60	6.98	9	3	21	9	0	0	0	18	0
Pct 7322	VBM	7322	1	859	304	35.39	43	16	106	42	1	0	0	97	0
Pct 7323	Election Day	7323	1	881	146	16.57	25	5	43	30	0	0	0	41	1
Pct 7323	VBM	7323	1	881	273	30.99	39	15	93	48	1	0	0	77	0
Pct 7324	Election Day	7324	1	687	125	18.2	29	8	33	13	0	0	0	42	0
Pct 7324	VBM	7324	1	687	198	28.82	17	11	72	36	2	0	0	60	0
Pct 7325	Election Day	7325	1	870	150	17.24	21	10	44	19	1	0	0	55	0
Pct 7325	VBM	7325	1	870	276	31.72	23	17	86	57	2	0	0	91	0
Pct 7326	Election Day	7326	1	853	150	17.58	26	9	54	23	1	0	0	36	0
Pct 7326	VBM	7326	1	853	256	30.01	45	10	88	57	0	0	0	56	1
Pct 7327	Election Day	7327	1	684	62	9.06	8	4	17	12	0	0	0	21	0
Pct 7327	VBM	7327	1	684	277	40.5	50	26	94	31	1	0	0	74	0
Pct 7328	Election Day	7328	1	950	70	7.37	14	5	13	15	0	0	0	22	1
Pct 7328	VBM	7328	1	950	391	41.16	56	32	113	56	4	0	0	129	1
Pct 7329	Election Day	7329	1	610	71	11.64	14	8	13	16	0	0	0	21	0
Pct 7329	VBM	7329	1	610	205	33.61	29	10	71	56	0	0	0	41	0
Pct 7331	Election Day	7331	1	860	130	15.12	17	6	38	43	0	0	0	26	0
Pct 7331	VBM	7331	1	860	357	41.51	35	15	137	95	1	0	0	75	0
Pct 7332	Election Day	7332	1	799	154	19.27	29	6	67	21	2	0	0	29	0
Pct 7332	VBM	7332	1	799	209	26.16	30	13	88	36	2	0	0	38	2
Pct 7333	Election Day	7333	1	974	174	17.86	24	5	65	32	0	0	0	47	0
Pct 7333	VBM	7333	1	974	323	33.16	47	19	119	55	2	0	0	81	0
Pct 7334	Election Day	7334	1	854	113	13.23	9	9	43	27	0	0	0	25	0
Pct 7334	VBM	7334	1	854	275	32.2	38	17	103	46	1	0	0	72	0
Pct 7335	Election Day	7335	1	936	144	15.38	27	5	46	33	0	0	0	33	0
Pct 7335	VBM	7335	1	936	354	37.82	40	18	129	101	1	0	0	65	2
Pct 7336	Election Day	7336	1	920	155	16.85	21	9	51	36	0	0	0	36	0
Pct 7336	VBM	7336	1	920	324	35.22	34	19	118	81	2	0	0	70	0
Pct 7337	Election Day	7337	1	825	115	13.94	16	6	32	24	0	0	0	37	0
Pct 7337	VBM	7337	1	825	305	36.97	21	17	112	80	0	0	0	75	0
Pct 7338	Election Day	7338	1	884	100	11.31	14	5	39	15	0	0	0	26	0
Pct 7338	VBM	7338	1	884	364	41.18	45	27	130	43	1	0	0	119	2
Pct 7339	Election Day	7339	1	618	111	17.96	21	6	28	24	1	0	0	32	0
Pct 7339	VBM	7339	1	618	181	29.29	33	9	66	35	2	0	0	34	1
Pct 7341	Election Day	7341	1	877	124	14.14	19	9	37	25	1	0	0	33	0
Pct 7341	VBM	7341	1	877	246	28.05	40	14	98	47	0	0	0	49	0
Pct 7342	Election Day	7342	1	911	234	25.69	39	7	96	36	1	0	0	52	0
Pct 7342	VBM	7342	1	911	251	27.55	21	10	104	65	1	0	0	50	0
Pct 7343	Election Day	7343	1	707	144	20.37	22	13	52	25	0	0	0	32	0
Pct 7343	VBM	7343	1	707	186	26.31	30	8	84	27	0	0	0	34	0
Pct 7344	Election Day	7344	1	1039	179	17.23	32	11	60	30	3	0	0	44	0
Pct 7344	VBM	7344	1	1039	334	32.15	57	12	137	65	0	0	0	64	0
Pct 7345	Election Day	7345	1	1077	183	16.99	35	11	64	32	2	0	0	39	0
Pct 7345	VBM	7345	1	1077	283	26.28	38	13	105	58	3	0	0	64	0
Pct 7346	Election Day	7346	1	877	168	19.16	32	12	58	35	0	0	0	30	0
Pct 7346	VBM	7346	1	877	221	25.2	32	10	91	46	1	0	0	42	0
Pct 7347	Election Day	7347	1	968	137	14.15	24	9	52	20	0	0	0	32	0
Pct 7347	VBM	7347	1	968	279	28.82	43	9	129	53	0	0	0	45	0
Pct 7348	Election Day	7348	1	832	139	16.71	21	10	58	25	2	0	0	23	1
Pct 7348	VBM	7348	1	832	202	24.28	33	9	86	38	1	0	0	34	0
Pct 7349	Election Day	7349	1	921	147	15.96	25	11	58	18	1	0	0	34	1
Pct 7349	VBM	7349	1	921	282	30.62	39	16	104	60	2	0	0	61	0
Pct 7501	Election Day	7501	1	554	118	21.3	18	0	33	37	1	0	0	30	0
Pct 7501	VBM	7501	1	554	168	30.32	16	9	57	45	0	0	0	41	0
Pct 7502	Election Day	7502	1	741	113	15.25	13	3	40	28	1	0	0	27	0
Pct 7502	VBM	7502	1	741	349	47.1	44	11	128	88	1	0	0	80	1
Pct 7503	Election Day	7503	1	727	132	18.16	17	9	42	26	2	0	0	35	0
Pct 7503	VBM	7503	1	727	226	31.09	20	10	91	50	1	0	0	52	0
Pct 7504	Election Day	7504	1	484	76	15.7	12	3	32	13	0	0	0	16	0
Pct 7504	VBM	7504	1	484	158	32.64	20	12	52	38	2	0	0	33	0
Pct 7505	Election Day	7505	1	871	131	15.04	8	7	40	45	0	0	0	31	0
Pct 7505	VBM	7505	1	871	417	47.88	43	16	146	121	1	0	0	89	0
Pct 7506	Election Day	7506	1	920	133	14.46	19	7	47	29	1	0	0	29	0
Pct 7506	VBM	7506	1	920	252	27.39	26	13	86	66	2	0	0	57	0
Pct 7507	Election Day	7507	1	919	158	17.19	18	11	58	25	1	0	0	46	0
Pct 7507	VBM	7507	1	919	255	27.75	30	11	122	40	2	0	0	46	0
Pct 7508	Election Day	7508	1	702	106	15.1	17	10	34	21	1	0	0	23	0
Pct 7508	VBM	7508	1	702	340	48.43	38	11	142	62	1	0	0	84	2
Pct 7509/7511	Election Day	7509	1	909	171	18.81	28	6	77	30	3	0	0	29	0
Pct 7509/7511	VBM	7509	1	909	319	35.09	43	21	128	58	3	0	0	66	0
Pct 7512	Election Day	7512	1	604	96	15.89	12	5	34	20	1	0	0	21	1
Pct 7512	VBM	7512	1	604	196	32.45	17	13	73	48	1	0	0	41	1
Pct 7513	Election Day	7513	1	790	142	17.97	21	7	58	23	0	0	0	30	3
Pct 7513	VBM	7513	1	790	208	26.33	17	10	98	34	2	0	0	45	2
Pct 7514	Election Day	7514	1	863	95	11.01	12	10	36	14	0	0	0	25	0
Pct 7514	VBM	7514	1	863	235	27.23	40	14	111	32	1	0	0	35	0
Pct 7515	Election Day	7515	1	845	150	17.75	20	8	64	23	2	0	0	32	1
Pct 7515	VBM	7515	1	845	289	34.2	42	15	123	38	0	0	0	68	0
Pct 7516	Election Day	7516	1	886	145	16.37	18	6	49	34	1	0	0	37	0
Pct 7516	VBM	7516	1	886	378	42.66	51	25	158	72	3	0	0	68	1
Pct 7517	Election Day	7517	1	863	228	26.42	42	8	102	25	1	0	0	51	0
Pct 7517	VBM	7517	1	863	251	29.08	32	5	117	38	1	0	0	58	0
Pct 7518	Election Day	7518	1	939	235	25.03	32	11	104	34	0	0	0	54	0
Pct 7518	VBM	7518	1	939	298	31.74	29	10	148	45	0	0	0	66	0
Pct 7519	Election Day	7519	1	726	179	24.66	19	8	90	24	0	0	0	38	0
Pct 7519	VBM	7519	1	726	185	25.48	15	2	76	42	0	0	0	49	0
Pct 7521	Election Day	7521	1	802	211	26.31	25	12	96	28	0	0	0	50	0
Pct 7521	VBM	7521	1	802	215	26.81	24	1	94	42	0	0	0	53	2
Pct 7522	Election Day	7522	1	743	175	23.55	21	4	76	29	0	0	0	46	0
Pct 7522	VBM	7522	1	743	240	32.3	26	9	112	41	0	0	0	53	1
Pct 7523	Election Day	7523	1	737	208	28.22	27	14	95	30	1	0	0	41	0
Pct 7523	VBM	7523	1	737	223	30.26	26	5	109	44	0	0	0	41	0
Pct 7524	Election Day	7524	1	646	143	22.14	17	8	48	31	2	0	0	34	1
Pct 7524	VBM	7524	1	646	165	25.54	26	12	69	30	0	0	0	27	0
Pct 7525	Election Day	7525	1	779	145	18.61	21	10	56	24	2	0	0	35	0
Pct 7525	VBM	7525	1	779	214	27.47	24	8	96	41	1	0	0	40	0
Pct 7526	Election Day	7526	1	947	197	20.8	34	8	87	37	2	0	0	28	0
Pct 7526	VBM	7526	1	947	313	33.05	35	14	123	64	1	0	0	74	0
Pct 7527/7528	Election Day	7527	1	729	162	22.22	18	13	63	24	0	0	0	44	0
Pct 7527/7528	VBM	7527	1	729	237	32.51	25	14	94	34	1	0	0	65	0
Pct 7529	Election Day	7529	1	925	214	23.14	32	8	96	32	3	0	0	44	0
Pct 7529	VBM	7529	1	925	300	32.43	34	15	136	51	0	0	0	62	0
Pct 7531	Election Day	7531	1	847	179	21.13	24	7	82	20	0	0	0	46	0
Pct 7531	VBM	7531	1	847	263	31.05	28	7	123	52	0	0	0	53	0
Pct 7532	Election Day	7532	1	823	172	20.9	25	10	57	35	0	0	0	43	1
Pct 7532	VBM	7532	1	823	226	27.46	20	8	79	60	1	0	0	58	0
Pct 7533	Election Day	7533	1	951	268	28.18	55	12	126	26	2	0	0	48	0
Pct 7533	VBM	7533	1	951	297	31.23	43	5	139	47	0	0	0	63	0
Pct 7534	Election Day	7534	1	883	241	27.29	32	11	106	40	0	0	0	52	0
Pct 7534	VBM	7534	1	883	240	27.18	27	11	113	49	0	0	0	41	0
Pct 7535	Election Day	7535	1	743	201	27.05	25	6	84	29	4	0	0	53	0
Pct 7535	VBM	7535	1	743	251	33.78	26	3	133	36	0	0	0	53	0
Pct 7536	Election Day	7536	1	856	206	24.07	34	10	89	24	0	0	0	50	0
Pct 7536	VBM	7536	1	856	279	32.59	27	6	137	45	0	0	0	64	0
Pct 7537	Election Day	7537	1	734	187	25.48	31	8	77	22	0	0	0	49	0
Pct 7537	VBM	7537	1	734	225	30.65	16	5	101	33	2	0	0	67	0
Pct 7538	Election Day	7538	1	757	223	29.46	19	8	108	27	2	0	0	58	1
Pct 7538	VBM	7538	1	757	256	33.82	25	8	125	58	0	0	0	40	0
Pct 7539	Election Day	7539	1	884	250	28.28	38	12	117	25	0	0	0	57	0
Pct 7539	VBM	7539	1	884	286	32.35	32	4	130	55	2	0	0	64	0
Pct 7541	Election Day	7541	1	791	215	27.18	36	8	80	24	1	0	0	65	0
Pct 7541	VBM	7541	1	791	245	30.97	21	10	126	39	0	0	0	48	0
Pct 7542	Election Day	7542	1	787	183	23.25	22	5	88	19	0	0	0	49	0
Pct 7542	VBM	7542	1	787	247	31.39	15	8	132	31	1	0	0	59	0
Pct 7543	Election Day	7543	1	910	187	20.55	32	5	75	22	1	0	0	54	0
Pct 7543	VBM	7543	1	910	332	36.48	26	10	163	63	1	0	0	69	0
Pct 7544	Election Day	7544	1	877	186	21.21	24	10	90	19	2	0	0	41	0
Pct 7544	VBM	7544	1	877	331	37.74	42	5	160	53	2	0	0	72	0
Pct 7545	Election Day	7545	1	877	179	20.41	44	10	60	23	2	0	0	41	0
Pct 7545	VBM	7545	1	877	291	33.18	33	14	130	49	1	0	0	64	0
Pct 7546	Election Day	7546	1	913	219	23.99	25	9	94	35	2	0	0	54	0
Pct 7546	VBM	7546	1	913	310	33.95	38	4	148	57	1	0	0	61	0
Pct 7547	Election Day	7547	1	987	244	24.72	35	7	107	29	1	0	0	67	0
Pct 7547	VBM	7547	1	987	322	32.62	34	17	162	44	1	0	0	59	0
Pct 7548	Election Day	7548	1	1054	236	22.39	35	16	85	43	2	0	0	54	0
Pct 7548	VBM	7548	1	1054	345	32.73	31	19	163	73	3	0	0	52	0
Pct 7549	Election Day	7549	1	785	165	21.02	22	8	71	26	1	0	0	39	0
Pct 7549	VBM	7549	1	785	281	35.8	33	6	122	58	1	0	0	59	1
Pct 7551	Election Day	7551	1	705	199	28.23	24	7	86	41	1	0	0	41	0
Pct 7551	VBM	7551	1	705	240	34.04	18	7	120	44	0	0	0	49	0
Pct 7552	Election Day	7552	1	718	191	26.6	30	4	83	32	2	0	0	40	0
Pct 7552	VBM	7552	1	718	232	32.31	20	2	105	55	0	0	0	50	0
Pct 7553 MB	Election Day	7553	1	171	5	2.92	1	0	1	1	0	0	0	2	0
Pct 7553 MB	VBM	7553	1	171	87	50.88	16	2	30	28	0	0	0	9	0
Pct 7554	Election Day	7554	1	785	179	22.8	16	6	68	35	2	0	0	53	0
Pct 7554	VBM	7554	1	785	323	41.15	20	9	132	86	1	0	0	75	0
Pct 7555	Election Day	7555	1	847	242	28.57	28	11	95	53	2	0	0	53	0
Pct 7555	VBM	7555	1	847	304	35.89	25	11	126	72	0	0	0	69	0
Pct 7556/7557	Election Day	7556	1	961	223	23.2	20	6	86	48	1	0	0	65	0
Pct 7556/7557	VBM	7556	1	961	422	43.91	29	10	194	108	0	0	0	80	0
Pct 7601	Election Day	7601	1	744	128	17.2	22	16	50	12	2	0	0	26	1
Pct 7601	VBM	7601	1	744	185	24.87	27	21	74	20	2	0	0	38	0
Pct 7602	Election Day	7602	1	880	147	16.7	28	18	54	14	3	0	0	33	0
Pct 7602	VBM	7602	1	880	243	27.61	42	9	106	40	0	0	0	42	1
Pct 7603	Election Day	7603	1	826	152	18.4	22	3	70	19	0	0	0	37	0
Pct 7603	VBM	7603	1	826	215	26.03	34	18	87	29	1	0	0	45	1
Pct 7604	Election Day	7604	1	906	133	14.68	23	15	41	18	2	0	0	34	0
Pct 7604	VBM	7604	1	906	233	25.72	38	22	100	38	2	0	0	35	0
Pct 7605	Election Day	7605	1	651	77	11.83	13	4	26	12	0	0	0	21	1
Pct 7605	VBM	7605	1	651	155	23.81	27	7	58	27	1	0	0	30	2
Pct 7606	Election Day	7606	1	895	127	14.19	23	9	49	19	0	0	0	26	0
Pct 7606	VBM	7606	1	895	212	23.69	37	17	79	29	3	0	0	46	0
Pct 7607	Election Day	7607	1	955	120	12.57	24	12	43	19	0	0	0	22	0
Pct 7607	VBM	7607	1	955	265	27.75	48	15	114	44	0	0	0	46	2
Pct 7608	Election Day	7608	1	388	46	11.86	9	4	13	5	0	0	0	14	0
Pct 7608	VBM	7608	1	388	119	30.67	19	13	39	26	0	0	0	24	0
Pct 7609	Election Day	7609	1	916	101	11.03	22	8	24	15	2	0	0	30	0
Pct 7609	VBM	7609	1	916	297	32.42	71	20	91	38	1	0	0	71	3
Pct 7611	Election Day	7611	1	756	76	10.05	11	3	31	14	1	0	0	16	0
Pct 7611	VBM	7611	1	756	204	26.98	28	25	71	34	1	0	0	43	0
Pct 7612	Election Day	7612	1	574	76	13.24	9	10	19	16	0	0	0	21	1
Pct 7612	VBM	7612	1	574	210	36.59	32	9	71	47	0	0	0	51	1
Pct 7613	Election Day	7613	1	887	140	15.78	34	7	52	24	0	0	0	23	0
Pct 7613	VBM	7613	1	887	215	24.24	25	23	80	41	0	0	0	43	1
Pct 7614	Election Day	7614	1	1015	123	12.12	17	13	41	22	0	0	0	32	0
Pct 7614	VBM	7614	1	1015	238	23.45	48	30	85	31	2	0	0	42	0
Pct 7615	Election Day	7615	1	832	108	12.98	22	10	31	16	1	0	0	25	3
Pct 7615	VBM	7615	1	832	170	20.43	32	15	64	28	1	0	0	30	0
Pct 7616	Election Day	7616	1	951	129	13.56	25	4	43	26	2	0	0	30	0
Pct 7616	VBM	7616	1	951	331	34.81	29	11	134	80	1	0	0	74	0
Pct 7617	Election Day	7617	1	751	84	11.19	15	6	25	21	0	0	0	18	0
Pct 7617	VBM	7617	1	751	223	29.69	48	11	82	28	0	0	0	50	2
Pct 7618	Election Day	7618	1	866	123	14.2	18	5	55	15	0	0	0	28	1
Pct 7618	VBM	7618	1	866	272	31.41	37	13	124	39	1	0	0	61	0
Pct 7619	Election Day	7619	1	993	154	15.51	29	8	63	15	1	0	0	39	0
Pct 7619	VBM	7619	1	993	308	31.02	54	12	136	55	0	0	0	52	0
Pct 7621	Election Day	7621	1	1132	163	14.4	37	14	55	25	0	0	0	33	0
Pct 7621	VBM	7621	1	1132	346	30.57	52	15	144	65	1	0	0	66	0
Pct 7622	Election Day	7622	1	964	99	10.27	13	11	34	16	1	0	0	22	0
Pct 7622	VBM	7622	1	964	193	20.02	39	16	66	30	0	0	0	40	1
Pct 7623	Election Day	7623	1	712	122	17.13	39	7	38	17	0	0	0	36	0
Pct 7623	VBM	7623	1	712	196	27.53	37	13	75	31	0	0	0	38	0
Pct 7624	Election Day	7624	1	905	104	11.49	22	11	30	17	2	0	0	21	0
Pct 7624	VBM	7624	1	905	195	21.55	40	11	75	38	1	0	0	29	0
Pct 7625	Election Day	7625	1	821	73	8.89	15	5	13	18	0	0	0	22	0
Pct 7625	VBM	7625	1	821	415	50.55	71	25	142	67	1	0	0	107	2
Pct 7626	Election Day	7626	1	1081	128	11.84	15	10	48	21	0	0	0	33	0
Pct 7626	VBM	7626	1	1081	361	33.4	36	17	126	94	1	0	0	85	1
Pct 7627	Election Day	7627	1	1075	116	10.79	24	8	31	22	0	0	0	32	0
Pct 7627	VBM	7627	1	1075	319	29.67	44	19	78	87	1	0	0	90	0
Pct 7628	Election Day	7628	1	906	156	17.22	23	9	60	17	0	0	0	47	0
Pct 7628	VBM	7628	1	906	267	29.47	47	11	118	32	2	0	0	57	0
Pct 7629	Election Day	7629	1	805	108	13.42	29	4	43	8	1	0	0	24	0
Pct 7629	VBM	7629	1	805	206	25.59	22	6	76	48	1	0	0	51	0
Pct 7631	Election Day	7631	1	1085	146	13.46	22	6	42	34	2	0	0	40	1
Pct 7631	VBM	7631	1	1085	339	31.24	45	18	123	77	1	0	0	72	1
Pct 7632	Election Day	7632	1	965	167	17.31	31	5	65	21	1	0	0	43	0
Pct 7632	VBM	7632	1	965	286	29.64	46	13	127	50	0	0	0	48	2
Pct 7633	Election Day	7633	1	702	90	12.82	15	6	32	17	1	0	0	19	0
Pct 7633	VBM	7633	1	702	253	36.04	43	19	96	48	1	0	0	46	0
Pct 7634	Election Day	7634	1	859	120	13.97	16	9	36	27	1	0	0	30	0
Pct 7634	VBM	7634	1	859	291	33.88	59	20	111	47	1	0	0	50	1
Pct 7635	Election Day	7635	1	782	89	11.38	16	9	28	18	1	0	0	17	0
Pct 7635	VBM	7635	1	782	242	30.95	36	5	90	69	3	0	0	36	0
Pct 7636	Election Day	7636	1	920	134	14.57	20	9	44	23	0	0	0	39	0
Pct 7636	VBM	7636	1	920	251	27.28	32	11	85	52	2	0	0	70	0
Pct 7637	Election Day	7637	1	732	89	12.16	16	10	24	15	0	0	0	24	0
Pct 7637	VBM	7637	1	732	249	34.02	32	13	80	63	0	0	0	61	0
Pct 7638	Election Day	7638	1	1365	129	9.45	22	5	32	26	0	0	0	44	0
Pct 7638	VBM	7638	1	1365	492	36.04	44	24	156	141	3	0	0	122	0
Pct 7639	Election Day	7639	1	962	110	11.43	14	8	25	26	1	0	0	35	0
Pct 7639	VBM	7639	1	962	319	33.16	32	11	108	83	0	0	0	87	0
Pct 7641	Election Day	7641	1	931	114	12.24	19	5	35	26	0	0	0	29	0
Pct 7641	VBM	7641	1	931	374	40.17	43	18	111	105	3	0	0	94	0
Pct 7642	Election Day	7642	1	909	84	9.24	17	6	17	11	1	0	0	32	0
Pct 7642	VBM	7642	1	909	268	29.48	19	30	59	55	1	0	0	104	0
Pct 7643	Election Day	7643	1	871	99	11.37	14	6	28	18	3	0	0	30	0
Pct 7643	VBM	7643	1	871	355	40.76	59	17	130	85	0	0	0	61	1
Pct 7644	Election Day	7644	1	1082	156	14.42	21	6	56	31	0	0	0	44	0
Pct 7644	VBM	7644	1	1082	291	26.89	41	9	116	54	0	0	0	70	0
Pct 7645	Election Day	7645	1	631	63	9.98	13	6	14	12	3	0	0	15	0
Pct 7645	VBM	7645	1	631	241	38.19	27	13	82	64	0	0	0	58	0
Pct 7646	Election Day	7646	1	1035	110	10.63	14	5	36	17	2	0	0	36	0
Pct 7646	VBM	7646	1	1035	326	31.5	44	18	108	83	0	0	0	73	0
Pct 7647	Election Day	7647	1	1027	107	10.42	30	4	41	13	4	0	0	15	0
Pct 7647	VBM	7647	1	1027	185	18.01	42	10	60	35	1	0	0	37	0
Pct 7648 MB	Election Day	7648	1	2	0	0	0	0	0	0	0	0	0	0	0
Pct 7648 MB	VBM	7648	1	2	0	0	0	0	0	0	0	0	0	0	0
Pct 7649	Election Day	7649	1	877	97	11.06	17	7	32	20	1	0	0	19	0
Pct 7649	VBM	7649	1	877	234	26.68	38	15	92	40	0	0	0	47	0
Pct 7651	Election Day	7651	1	555	48	8.65	9	0	15	14	1	0	0	9	0
Pct 7651	VBM	7651	1	555	155	27.93	15	14	58	29	0	0	0	39	0
Pct 7652	Election Day	7652	1	580	68	11.72	12	4	20	17	1	0	0	15	0
Pct 7652	VBM	7652	1	580	163	28.1	19	2	54	47	1	0	0	43	0
Pct 7653	Election Day	7653	1	1092	137	12.55	31	7	41	26	0	0	0	31	0
Pct 7653	VBM	7653	1	1092	321	29.4	46	13	105	74	2	0	0	80	1
Pct 7701	Election Day	7701	1	1012	225	22.23	39	8	77	46	0	0	0	55	0
Pct 7701	VBM	7701	1	1012	383	37.85	42	12	142	90	1	0	0	93	1
Pct 7702	Election Day	7702	1	704	117	16.62	10	7	47	30	0	0	0	22	1
Pct 7702	VBM	7702	1	704	302	42.9	24	22	127	68	0	0	0	61	1
Pct 7703 MB	Election Day	7703	1	172	0	0	0	0	0	0	0	0	0	0	0
Pct 7703 MB	VBM	7703	1	172	66	38.37	7	9	22	8	1	0	0	17	1
Pct 7704	Election Day	7704	1	977	208	21.29	27	11	67	53	0	0	0	50	0
Pct 7704	VBM	7704	1	977	396	40.53	44	32	141	95	1	0	0	80	2
Pct 7705	Election Day	7705	1	547	123	22.49	16	2	36	37	2	0	0	30	0
Pct 7705	VBM	7705	1	547	227	41.5	24	16	92	53	0	0	0	42	0
Pct 7706	Election Day	7706	1	821	189	23.02	30	12	79	42	0	0	0	26	0
Pct 7706	VBM	7706	1	821	341	41.53	21	24	138	98	2	0	0	58	0
Pct 7707	Election Day	7707	1	839	200	23.84	16	16	87	34	0	0	0	46	0
Pct 7707	VBM	7707	1	839	379	45.17	35	21	147	99	0	0	0	77	1
Pct 7708	Election Day	7708	1	860	181	21.05	24	12	69	39	1	0	0	35	0
Pct 7708	VBM	7708	1	860	400	46.51	36	18	192	98	0	0	0	57	0
Pct 7709	Election Day	7709	1	383	85	22.19	12	7	35	8	0	0	0	22	0
Pct 7709	VBM	7709	1	383	174	45.43	16	6	81	38	0	0	0	33	0
Pct 7711	Election Day	7711	1	772	162	20.98	24	5	66	35	1	0	0	31	0
Pct 7711	VBM	7711	1	772	344	44.56	31	11	153	80	5	0	0	64	0
Pct 7712	Election Day	7712	1	524	131	25	13	5	66	21	0	0	0	26	0
Pct 7712	VBM	7712	1	524	230	43.89	29	16	107	35	3	0	0	41	0
Pct 7801	Election Day	7801	1	970	230	23.71	31	7	85	49	0	0	0	57	0
Pct 7801	VBM	7801	1	970	424	43.71	29	14	202	93	0	0	0	88	0
Pct 7802	Election Day	7802	1	762	205	26.9	35	7	80	39	1	0	0	44	0
Pct 7802	VBM	7802	1	762	313	41.08	40	10	121	72	0	0	0	68	0
Pct 7803	Election Day	7803	1	823	143	17.38	15	4	56	27	0	0	0	41	0
Pct 7803	VBM	7803	1	823	412	50.06	32	12	185	94	0	0	0	90	0
Pct 7804	Election Day	7804	1	891	236	26.49	29	15	96	43	3	0	0	50	0
Pct 7804	VBM	7804	1	891	394	44.22	35	7	170	88	3	0	0	90	1
Pct 7805	Election Day	7805	1	785	176	22.42	18	5	96	23	1	0	0	32	0
Pct 7805	VBM	7805	1	785	348	44.33	31	13	149	76	0	0	0	77	3
Pct 7806	Election Day	7806	1	699	163	23.32	12	8	77	31	0	0	0	35	0
Pct 7806	VBM	7806	1	699	283	40.49	21	7	127	60	0	0	0	65	0
Pct 7807	Election Day	7807	1	796	228	28.64	30	11	98	36	0	0	0	51	0
Pct 7807	VBM	7807	1	796	273	34.3	26	10	121	45	3	0	0	68	0
Pct 7808	Election Day	7808	1	655	178	27.18	29	7	76	23	1	0	0	42	0
Pct 7808	VBM	7808	1	655	243	37.1	20	4	136	37	0	0	0	46	0
Pct 7809	Election Day	7809	1	742	160	21.56	22	4	80	17	0	0	0	37	1
Pct 7809	VBM	7809	1	742	267	35.98	30	10	144	36	0	0	0	47	0
Pct 7811	Election Day	7811	1	726	186	25.62	29	7	85	24	0	0	0	42	0
Pct 7811	VBM	7811	1	726	243	33.47	21	7	124	41	2	0	0	47	0
Pct 7812	Election Day	7812	1	843	207	24.56	40	5	84	32	0	0	0	46	0
Pct 7812	VBM	7812	1	843	292	34.64	37	12	121	67	4	0	0	52	1
Pct 7813	Election Day	7813	1	988	251	25.4	28	12	106	36	2	0	0	68	0
Pct 7813	VBM	7813	1	988	362	36.64	43	7	174	58	0	0	0	79	0
Pct 7814	Election Day	7814	1	892	173	19.39	32	14	73	15	0	0	0	40	0
Pct 7814	VBM	7814	1	892	223	25	46	10	93	33	2	0	0	37	1
Pct 7815	Election Day	7815	1	914	178	19.47	18	8	71	38	0	0	0	44	0
Pct 7815	VBM	7815	1	914	407	44.53	38	6	203	80	1	0	0	78	1
Pct 7816	Election Day	7816	1	858	202	23.54	30	5	87	35	3	0	0	41	0
Pct 7816	VBM	7816	1	858	390	45.45	36	12	178	87	1	0	0	76	0
Pct 7817	Election Day	7817	1	795	215	27.04	31	5	97	31	1	0	0	51	0
Pct 7817	VBM	7817	1	795	309	38.87	28	13	157	45	1	0	0	63	0
Pct 7818	Election Day	7818	1	823	172	20.9	20	6	88	17	0	0	0	41	0
Pct 7818	VBM	7818	1	823	335	40.7	29	12	154	59	1	0	0	80	0
Pct 7819	Election Day	7819	1	760	169	22.24	18	5	88	23	1	0	0	34	0
Pct 7819	VBM	7819	1	760	297	39.08	37	7	133	54	0	0	0	65	0
Pct 7821	Election Day	7821	1	947	229	24.18	27	9	94	43	0	0	0	56	0
Pct 7821	VBM	7821	1	947	439	46.36	40	12	204	96	1	0	0	86	0
Pct 7822	Election Day	7822	1	927	244	26.32	38	12	113	37	0	0	0	44	0
Pct 7822	VBM	7822	1	927	343	37	40	12	173	49	1	0	0	67	0
Pct 7823	Election Day	7823	1	857	237	27.65	29	10	117	39	1	0	0	41	0
Pct 7823	VBM	7823	1	857	347	40.49	32	18	164	61	1	0	0	70	0
Pct 7824	Election Day	7824	1	756	170	22.49	19	11	70	28	2	0	0	40	0
Pct 7824	VBM	7824	1	756	274	36.24	24	5	138	51	0	0	0	53	0
Pct 7825	Election Day	7825	1	580	160	27.59	22	8	69	19	0	0	0	43	0
Pct 7825	VBM	7825	1	580	215	37.07	20	9	106	36	0	0	0	44	0
Pct 7826	Election Day	7826	1	665	214	32.18	28	2	98	34	1	0	0	51	0
Pct 7826	VBM	7826	1	665	194	29.17	18	4	96	44	0	0	0	34	0
Pct 7827	Election Day	7827	1	828	199	24.03	40	7	87	18	1	0	0	46	0
Pct 7827	VBM	7827	1	828	252	30.43	34	4	121	40	4	0	0	49	0
Pct 7828	Election Day	7828	1	976	205	21	33	12	72	36	0	0	0	50	0
Pct 7828	VBM	7828	1	976	397	40.68	37	21	181	80	2	0	0	77	0
Pct 7829	Election Day	7829	1	882	199	22.56	20	9	91	36	0	0	0	43	0
Pct 7829	VBM	7829	1	882	391	44.33	33	10	178	80	0	0	0	90	1
Pct 7831	Election Day	7831	1	828	202	24.4	30	6	82	32	0	0	0	50	1
Pct 7831	VBM	7831	1	828	369	44.57	34	9	163	82	2	0	0	78	0
Pct 7832	Election Day	7832	1	781	162	20.74	28	3	59	30	3	0	0	40	0
Pct 7832	VBM	7832	1	781	343	43.92	28	9	157	63	0	0	0	86	1
Pct 7833	Election Day	7833	1	745	182	24.43	18	9	75	27	3	0	0	51	0
Pct 7833	VBM	7833	1	745	271	36.38	11	9	143	55	0	0	0	53	0
Pct 7834	Election Day	7834	1	836	225	26.91	21	8	113	26	1	0	0	57	0
Pct 7834	VBM	7834	1	836	288	34.45	21	8	153	52	1	0	0	54	0
Pct 7835	Election Day	7835	1	808	175	21.66	25	10	68	31	3	0	0	38	0
Pct 7835	VBM	7835	1	808	338	41.83	38	24	160	66	0	0	0	51	0
Pct 7836	Election Day	7836	1	979	199	20.33	43	5	73	36	3	1	0	38	0
Pct 7836	VBM	7836	1	979	421	43	46	22	188	82	2	1	0	79	1
Pct 7837	Election Day	7837	1	883	237	26.84	35	7	97	54	0	0	0	43	0
Pct 7837	VBM	7837	1	883	339	38.39	24	8	130	77	1	0	0	99	0
Pct 7838	Election Day	7838	1	891	210	23.57	23	11	80	41	0	0	0	55	0
Pct 7838	VBM	7838	1	891	413	46.35	30	13	191	86	0	0	0	92	0
Pct 7839	Election Day	7839	1	830	172	20.72	10	7	58	47	2	0	0	50	0
Pct 7839	VBM	7839	1	830	389	46.87	30	9	175	93	0	0	0	81	0
Pct 7841	Election Day	7841	1	898	240	26.73	30	6	88	51	2	0	0	63	0
Pct 7841	VBM	7841	1	898	353	39.31	27	10	167	70	3	0	0	76	0
Pct 7842	Election Day	7842	1	873	214	24.51	31	6	92	38	0	0	0	47	0
Pct 7842	VBM	7842	1	873	308	35.28	37	9	137	51	0	0	0	72	0
Pct 7843	Election Day	7843	1	751	182	24.23	27	12	77	30	1	0	0	36	0
Pct 7843	VBM	7843	1	751	267	35.55	24	7	138	48	1	0	0	48	1
Pct 7844	Election Day	7844	1	635	160	25.2	24	12	69	24	0	0	0	30	0
Pct 7844	VBM	7844	1	635	245	38.58	28	5	122	35	2	0	0	54	0
Pct 7845	Election Day	7845	1	803	202	25.16	22	6	76	43	0	0	0	56	0
Pct 7845	VBM	7845	1	803	314	39.1	41	11	151	57	0	0	0	55	0
Pct 7846	Election Day	7846	1	871	221	25.37	21	11	75	41	3	0	0	71	0
Pct 7846	VBM	7846	1	871	330	37.89	25	19	135	72	0	0	0	75	1
Pct 7847	Election Day	7847	1	878	207	23.58	24	6	88	42	1	0	0	46	0
Pct 7847	VBM	7847	1	878	358	40.77	33	10	160	78	0	0	0	79	0
Pct 7848	Election Day	7848	1	838	209	24.94	28	7	80	43	1	0	0	52	0
Pct 7848	VBM	7848	1	838	346	41.29	30	11	139	93	3	0	0	71	1
Pct 7849	Election Day	7849	1	904	237	26.22	27	8	94	47	1	0	0	61	0
Pct 7849	VBM	7849	1	904	353	39.05	28	14	160	79	2	0	0	70	0
Pct 7851	Election Day	7851	1	493	118	23.94	7	1	42	38	1	0	0	29	0
Pct 7851	VBM	7851	1	493	204	41.38	18	7	93	52	0	0	0	34	0
Pct 7852	Election Day	7852	1	634	104	16.4	13	4	36	25	0	0	0	26	0
Pct 7852	VBM	7852	1	634	303	47.79	38	11	130	70	2	0	0	52	0
Pct 7853	Election Day	7853	1	837	180	21.51	11	13	76	33	1	0	0	46	0
Pct 7853	VBM	7853	1	837	333	39.78	36	19	140	82	0	0	0	56	0
Pct 7854	Election Day	7854	1	874	216	24.71	26	13	77	37	1	0	0	62	0
Pct 7854	VBM	7854	1	874	346	39.59	37	14	150	75	0	0	0	69	1
Pct 7855	Election Day	7855	1	949	259	27.29	36	8	116	49	0	0	0	50	0
Pct 7855	VBM	7855	1	949	359	37.83	28	15	153	70	1	0	0	94	0
Pct 7856	Election Day	7856	1	790	204	25.82	29	8	90	34	0	0	0	42	0
Pct 7856	VBM	7856	1	790	312	39.49	24	7	138	77	2	0	0	65	0
Pct 7857	Election Day	7857	1	913	225	24.64	28	5	102	40	1	0	0	49	1
Pct 7857	VBM	7857	1	913	350	38.34	36	13	146	64	0	0	0	91	0
Pct 7858	Election Day	7858	1	743	192	25.84	40	4	85	20	1	0	0	42	0
Pct 7858	VBM	7858	1	743	252	33.92	25	3	138	44	1	0	0	40	0
Pct 7859	Election Day	7859	1	879	219	24.91	33	8	82	49	0	0	0	47	0
Pct 7859	VBM	7859	1	879	352	40.05	25	15	144	90	1	0	0	77	0
Pct 7861	Election Day	7861	1	835	184	22.04	20	3	89	31	1	0	0	40	0
Pct 7861	VBM	7861	1	835	367	43.95	41	15	160	86	1	0	0	64	0
Pct 7862	Election Day	7862	1	850	237	27.88	33	11	102	43	0	0	0	48	0
Pct 7862	VBM	7862	1	850	323	38	33	11	141	69	0	0	0	70	0
Pct 7863	Election Day	7863	1	870	237	27.24	33	9	103	55	2	0	0	35	0
Pct 7863	VBM	7863	1	870	302	34.71	40	9	137	57	0	0	0	59	0
Pct 7864	Election Day	7864	1	773	188	24.32	27	10	78	39	1	0	0	33	0
Pct 7864	VBM	7864	1	773	284	36.74	21	8	121	68	0	0	0	67	1
Pct 7865	Election Day	7865	1	808	178	22.03	30	4	74	31	0	0	0	39	0
Pct 7865	VBM	7865	1	808	310	38.37	36	12	145	54	0	0	0	63	0
Pct 7866	Election Day	7866	1	816	184	22.55	22	8	59	54	1	0	0	40	0
Pct 7866	VBM	7866	1	816	389	47.67	35	11	151	112	0	0	0	78	2
Pct 7867	Election Day	7867	1	932	209	22.42	25	9	89	39	3	0	0	44	0
Pct 7867	VBM	7867	1	932	385	41.31	39	19	172	98	2	0	0	52	0
Pct 7868	Election Day	7868	1	860	218	25.35	31	11	88	42	3	0	0	42	1
Pct 7868	VBM	7868	1	860	324	37.67	33	7	171	59	1	0	0	52	0
Pct 7869	Election Day	7869	1	842	219	26.01	27	7	98	46	0	0	0	39	1
Pct 7869	VBM	7869	1	842	376	44.66	36	23	155	87	1	0	0	75	0
Pct 7871	Election Day	7871	1	882	240	27.21	26	13	96	52	0	0	0	56	0
Pct 7871	VBM	7871	1	882	364	41.27	41	11	153	83	3	0	0	71	1
Pct 7872	Election Day	7872	1	864	242	28.01	33	7	96	39	0	0	0	67	0
Pct 7872	VBM	7872	1	864	369	42.71	32	17	175	73	0	0	0	72	0
Pct 7873	Election Day	7873	1	841	231	27.47	33	4	101	45	1	0	0	47	0
Pct 7873	VBM	7873	1	841	387	46.02	30	12	178	87	1	0	0	78	1
Pct 7874	Election Day	7874	1	453	85	18.76	14	5	30	20	0	0	0	16	0
Pct 7874	VBM	7874	1	453	174	38.41	23	4	87	36	1	0	0	22	0
Pct 7875	Election Day	7875	1	615	127	20.65	28	7	43	17	2	0	0	30	0
Pct 7875	VBM	7875	1	615	203	33.01	33	4	90	32	3	0	0	43	0
Pct 7876	Election Day	7876	1	491	101	20.57	20	3	34	17	0	0	0	27	0
Pct 7876	VBM	7876	1	491	148	30.14	8	6	68	28	0	0	0	39	0
Pct 7901	Election Day	7901	1	466	87	18.67	22	4	22	14	2	0	0	24	0
Pct 7901	VBM	7901	1	466	133	28.54	24	4	41	31	0	0	0	33	0
Pct 7902	Election Day	7902	1	921	188	20.41	36	7	86	21	4	0	0	34	0
Pct 7902	VBM	7902	1	921	259	28.12	44	9	111	41	2	0	0	52	0
Pct 7903	Election Day	7903	1	819	144	17.58	30	13	42	23	3	0	0	32	1
Pct 7903	VBM	7903	1	819	244	29.79	50	3	107	36	3	0	0	44	1
Pct 7904	Election Day	7904	1	846	137	16.19	19	6	64	20	0	0	0	28	0
Pct 7904	VBM	7904	1	846	248	29.31	36	11	108	42	0	0	0	51	1
Pct 7905	Election Day	7905	1	821	199	24.24	28	8	84	40	1	0	0	37	0
Pct 7905	VBM	7905	1	821	275	33.5	36	3	132	55	1	0	0	45	0
Pct 7906	Election Day	7906	1	769	164	21.33	30	4	63	17	1	0	0	48	0
Pct 7906	VBM	7906	1	769	214	27.83	16	9	109	30	0	0	0	51	0
Pct 7907	Election Day	7907	1	926	201	21.71	37	9	94	23	1	0	0	34	1
Pct 7907	VBM	7907	1	926	286	30.89	40	14	135	40	0	0	0	56	0
Pct 7908	Election Day	7908	1	936	191	20.41	25	11	86	29	1	0	0	39	0
Pct 7908	VBM	7908	1	936	267	28.53	46	14	100	57	1	0	0	49	0
Pct 7909	Election Day	7909	1	726	190	26.17	24	6	100	25	1	0	0	34	0
Pct 7909	VBM	7909	1	726	221	30.44	22	5	118	33	0	0	0	43	0
Pct 7911	Election Day	7911	1	849	192	22.61	36	7	74	31	5	0	0	38	1
Pct 7911	VBM	7911	1	849	250	29.45	41	11	100	40	2	0	0	54	1
Pct 7912	Election Day	7912	1	1036	215	20.75	21	7	106	30	1	0	0	48	0
Pct 7912	VBM	7912	1	1036	314	30.31	38	10	164	39	2	0	0	57	0
Pct 7913	Election Day	7913	1	887	240	27.06	49	5	117	28	0	0	0	41	0
Pct 7913	VBM	7913	1	887	244	27.51	24	8	141	37	0	0	0	35	0
Pct 7914	Election Day	7914	1	833	208	24.97	37	10	83	29	2	0	0	46	1
Pct 7914	VBM	7914	1	833	253	30.37	35	4	136	35	2	0	0	38	2
Pct 7915	Election Day	7915	1	802	213	26.56	45	14	88	19	0	0	0	47	0
Pct 7915	VBM	7915	1	802	222	27.68	30	8	108	37	0	0	0	37	1
Pct 7916	Election Day	7916	1	887	215	24.24	35	8	102	20	3	0	0	47	0
Pct 7916	VBM	7916	1	887	289	32.58	47	7	136	44	3	0	0	52	0
Pct 7917	Election Day	7917	1	983	254	25.84	51	10	107	30	2	0	0	54	1
Pct 7917	VBM	7917	1	983	287	29.2	49	9	145	37	2	0	0	42	3
Pct 7918	Election Day	7918	1	790	191	24.18	21	9	93	21	2	0	0	45	0
Pct 7918	VBM	7918	1	790	234	29.62	33	8	118	37	2	0	0	37	0
Pct 7919	Election Day	7919	1	857	217	25.32	46	10	96	22	1	0	0	41	1
Pct 7919	VBM	7919	1	857	241	28.12	32	8	129	43	0	0	0	29	0
Pct 7921	Election Day	7921	1	883	151	17.1	32	8	63	19	1	0	0	29	0
Pct 7921	VBM	7921	1	883	210	23.78	40	11	88	38	0	0	0	33	0
Pct 7922	Election Day	7922	1	797	182	22.84	18	6	100	23	1	0	0	33	0
Pct 7922	VBM	7922	1	797	241	30.24	29	12	116	52	0	0	0	31	0
Pct 7923	Election Day	7923	1	863	202	23.41	39	10	95	20	0	0	0	38	0
Pct 7923	VBM	7923	1	863	241	27.93	27	11	122	43	1	0	0	37	0
Pct 7924	Election Day	7924	1	806	172	21.34	42	2	85	11	0	0	0	31	0
Pct 7924	VBM	7924	1	806	247	30.65	37	8	141	28	0	0	0	33	0
Pct 7925	Election Day	7925	1	570	114	20	27	5	49	13	1	0	0	19	0
Pct 7925	VBM	7925	1	570	191	33.51	34	3	90	29	0	0	0	35	0
Pct 7926	Election Day	7926	1	768	177	23.05	27	4	84	26	2	0	0	34	0
Pct 7926	VBM	7926	1	768	296	38.54	32	7	147	50	2	0	0	57	1
Pct 7927	Election Day	7927	1	733	187	25.51	23	5	90	26	2	0	0	41	0
Pct 7927	VBM	7927	1	733	289	39.43	24	9	156	41	2	0	0	58	0
Pct 7928	Election Day	7928	1	899	253	28.14	39	11	117	44	0	0	0	43	0
Pct 7928	VBM	7928	1	899	297	33.04	28	15	159	52	0	0	0	41	0
Pct 7929	Election Day	7929	1	840	200	23.81	24	4	105	26	0	0	0	42	0
Pct 7929	VBM	7929	1	840	367	43.69	27	6	197	80	0	0	0	55	0
Pct 7931	Election Day	7931	1	732	189	25.82	22	2	99	28	0	0	0	38	0
Pct 7931	VBM	7931	1	732	317	43.31	22	6	167	54	0	0	0	69	0
Pct 7932	Election Day	7932	1	551	112	20.33	15	5	59	14	0	0	0	19	0
Pct 7932	VBM	7932	1	551	225	40.83	26	7	112	36	1	0	0	43	0
Pct 7933 MB	Election Day	7933	1	8	0	0	0	0	0	0	0	0	0	0	0
Pct 7933 MB	VBM	7933	1	8	4	50	2	0	1	0	0	0	0	1	0
Pct 7934	Election Day	7934	1	885	195	22.03	22	8	89	28	1	0	0	51	0
Pct 7934	VBM	7934	1	885	328	37.06	44	7	158	57	3	0	0	57	0
Pct 7935	Election Day	7935	1	938	283	30.17	34	11	124	50	0	0	0	64	0
Pct 7935	VBM	7935	1	938	370	39.45	26	10	195	65	0	0	0	72	0
Pct 7936	Election Day	7936	1	832	246	29.57	26	5	131	31	1	0	0	52	1
Pct 7936	VBM	7936	1	832	326	39.18	36	12	177	43	2	0	0	55	0
Pct 7937	Election Day	7937	1	874	223	25.51	37	11	117	18	0	0	0	40	0
Pct 7937	VBM	7937	1	874	309	35.35	41	7	147	59	6	0	0	49	0
Pct 7938	Election Day	7938	1	774	162	20.93	38	6	58	21	2	0	0	37	0
Pct 7938	VBM	7938	1	774	247	31.91	29	8	132	43	0	0	0	35	0
Pct 7939	Election Day	7939	1	667	186	27.89	27	10	89	19	2	0	0	37	0
Pct 7939	VBM	7939	1	667	230	34.48	20	13	115	42	0	0	0	39	0
Pct 7941	Election Day	7941	1	728	167	22.94	20	6	80	29	3	0	0	28	0
Pct 7941	VBM	7941	1	728	236	32.42	25	2	125	35	0	0	0	46	2
Pct 7942	Election Day	7942	1	893	166	18.59	20	10	70	23	2	0	0	40	0
Pct 7942	VBM	7942	1	893	286	32.03	53	10	115	45	3	0	0	61	0
Pct 7943	Election Day	7943	1	887	192	21.65	33	12	77	39	0	0	0	31	0
Pct 7943	VBM	7943	1	887	319	35.96	57	31	128	48	1	0	0	52	0
Pct 7944	Election Day	7944	1	769	201	26.14	29	6	95	37	1	0	0	34	0
Pct 7944	VBM	7944	1	769	235	30.56	26	7	123	35	1	0	0	43	0
Pct 7945	Election Day	7945	1	897	118	13.15	19	2	51	23	1	0	0	22	0
Pct 7945	VBM	7945	1	897	294	32.78	35	12	149	46	0	0	0	49	0
Pct 7946	Election Day	7946	1	909	134	14.74	19	12	55	22	2	0	0	23	0
Pct 7946	VBM	7946	1	909	348	38.28	52	26	131	70	6	0	0	60	0
Pct 7947	Election Day	7947	1	894	128	14.32	33	11	33	24	0	0	0	28	0
Pct 7947	VBM	7947	1	894	327	36.58	76	22	97	56	0	0	0	77	0
Pct 7948	Election Day	7948	1	900	165	18.33	30	10	64	25	1	0	0	35	0
Pct 7948	VBM	7948	1	900	313	34.78	50	21	128	53	5	0	0	58	0
Pct 7949	Election Day	7949	1	552	78	14.13	17	7	21	11	1	0	0	18	0
Pct 7949	VBM	7949	1	552	224	40.58	32	19	89	39	0	0	0	45	0
Pct 7951	Election Day	7951	1	830	97	11.69	22	5	32	18	2	0	0	18	0
Pct 7951	VBM	7951	1	830	341	41.08	47	36	110	77	5	0	0	65	1
Pct 7952	Election Day	7952	1	823	100	12.15	24	11	25	21	2	0	0	17	0
Pct 7952	VBM	7952	1	823	288	34.99	58	23	124	44	1	0	0	39	0
Pct 7953	Election Day	7953	1	795	103	12.96	18	5	46	20	2	0	0	14	0
Pct 7953	VBM	7953	1	795	294	36.98	53	18	109	60	2	0	0	51	1
Pct 7954 MB	Election Day	7954	1	0	0	0	0	0	0	0	0	0	0	0	0
Pct 7954 MB	VBM	7954	1	0	0	0	0	0	0	0	0	0	0	0	0
Pct 7955	Election Day	7955	1	854	116	13.58	22	8	52	18	0	0	0	16	0
Pct 7955	VBM	7955	1	854	320	37.47	56	29	104	71	0	0	0	59	1
Pct 7956	Election Day	7956	1	779	101	12.97	11	8	30	18	1	0	0	33	0
Pct 7956	VBM	7956	1	779	247	31.71	50	24	78	50	0	0	0	42	0
Pct 7957	Election Day	7957	1	623	97	15.57	13	5	43	15	2	0	0	18	0
Pct 7957	VBM	7957	1	623	217	34.83	22	12	109	34	1	0	0	39	0
Pct 7958 MB	Election Day	7958	1	263	13	4.94	4	1	4	3	0	0	0	2	0
Pct 7958 MB	VBM	7958	1	263	104	39.54	13	13	42	19	0	0	0	17	0
Pct 7959	Election Day	7959	1	695	110	15.83	25	2	41	15	1	0	0	26	0
Pct 7959	VBM	7959	1	695	190	27.34	25	10	64	48	2	0	0	40	1
Pct 9001 MB	Election Day	9001	1	257	8	3.11	0	0	5	2	0	0	0	1	0
Pct 9001 MB	VBM	9001	1	257	101	39.3	12	10	45	18	0	0	0	14	0
Pct 9101	Election Day	9101	1	833	190	22.81	26	11	68	36	0	0	0	49	0
Pct 9101	VBM	9101	1	833	323	38.78	27	26	131	72	0	0	0	67	0
Pct 9102	Election Day	9102	1	950	182	19.16	18	12	72	43	1	0	0	37	0
Pct 9102	VBM	9102	1	950	335	35.26	19	24	145	85	0	0	0	58	0
Pct 9103	Election Day	9103	1	924	174	18.83	16	10	68	42	1	0	0	37	0
Pct 9103	VBM	9103	1	924	302	32.68	27	12	127	72	2	0	0	62	0
Pct 9104	Election Day	9104	1	937	176	18.78	16	18	71	24	2	0	0	44	1
Pct 9104	VBM	9104	1	937	332	35.43	36	32	130	72	0	0	0	62	0
Pct 9105	Election Day	9105	1	888	191	21.51	19	12	65	38	0	0	0	56	0
Pct 9105	VBM	9105	1	888	339	38.18	32	21	156	65	2	0	0	64	0
Pct 9106	Election Day	9106	1	907	213	23.48	20	11	72	57	0	0	0	52	0
Pct 9106	VBM	9106	1	907	334	36.82	27	13	139	78	0	0	0	73	0
Pct 9107	Election Day	9107	1	806	164	20.35	23	7	80	21	0	0	0	33	0
Pct 9107	VBM	9107	1	806	246	30.52	23	14	113	46	0	0	0	49	0
Pct 9108	Election Day	9108	1	761	185	24.31	24	13	86	30	1	0	0	32	0
Pct 9108	VBM	9108	1	761	220	28.91	19	11	96	47	0	0	0	48	0
Pct 9109	Election Day	9109	1	848	205	24.17	17	16	82	45	0	0	0	46	0
Pct 9109	VBM	9109	1	848	285	33.61	28	17	107	72	0	0	0	57	0
Pct 9111	Election Day	9111	1	756	150	19.84	33	10	45	27	0	0	0	35	0
Pct 9111	VBM	9111	1	756	226	29.89	21	12	99	51	0	0	0	44	0
Pct 9112	Election Day	9112	1	918	211	22.98	19	12	89	46	0	0	0	45	0
Pct 9112	VBM	9112	1	918	295	32.14	24	20	137	48	0	0	0	65	1
Pct 9113	Election Day	9113	1	959	231	24.09	19	18	87	55	1	0	0	51	0
Pct 9113	VBM	9113	1	959	351	36.6	22	26	149	85	0	0	0	68	0
Pct 9114	Election Day	9114	1	820	170	20.73	12	8	63	37	1	0	0	48	1
Pct 9114	VBM	9114	1	820	273	33.29	14	10	127	61	0	0	0	59	1
Pct 9115	Election Day	9115	1	873	172	19.7	23	13	72	32	0	0	0	31	1
Pct 9115	VBM	9115	1	873	287	32.88	26	18	135	53	0	0	0	53	0
Pct 9116	Election Day	9116	1	903	193	21.37	20	8	80	31	4	0	0	48	0
Pct 9116	VBM	9116	1	903	314	34.77	29	17	138	58	1	0	0	67	0
Pct 9117	Election Day	9117	1	756	180	23.81	15	8	82	36	0	0	0	37	0
Pct 9117	VBM	9117	1	756	285	37.7	19	20	117	61	0	0	0	67	0
Pct 9118	Election Day	9118	1	923	184	19.93	17	7	75	39	1	0	0	45	0
Pct 9118	VBM	9118	1	923	268	29.04	26	26	105	43	1	0	0	67	0
Pct 9119	Election Day	9119	1	856	152	17.76	9	5	65	34	0	0	0	41	0
Pct 9119	VBM	9119	1	856	323	37.73	28	30	135	70	1	0	0	59	0
Pct 9121	Election Day	9121	1	890	188	21.12	16	13	75	39	2	0	0	43	0
Pct 9121	VBM	9121	1	890	274	30.79	14	11	132	53	3	0	0	61	0
Pct 9122	Election Day	9122	1	913	131	14.35	6	12	58	17	1	0	0	37	0
Pct 9122	VBM	9122	1	913	292	31.98	33	16	126	44	1	0	0	71	0
Pct 9123	Election Day	9123	1	829	175	21.11	10	17	74	42	0	0	0	31	1
Pct 9123	VBM	9123	1	829	270	32.57	29	17	114	62	1	0	0	46	0
Pct 9124	Election Day	9124	1	832	150	18.03	13	13	54	33	0	0	0	37	0
Pct 9124	VBM	9124	1	832	290	34.86	22	21	100	74	5	0	0	67	0
Pct 9125	Election Day	9125	1	822	159	19.34	12	10	67	35	1	0	0	33	0
Pct 9125	VBM	9125	1	822	299	36.37	23	10	130	77	1	0	0	61	0
Pct 9126	Election Day	9126	1	945	186	19.68	22	8	77	38	0	0	0	41	0
Pct 9126	VBM	9126	1	945	350	37.04	26	27	161	56	1	0	0	79	0
Pct 9127	Election Day	9127	1	908	209	23.02	28	6	81	41	1	0	0	52	0
Pct 9127	VBM	9127	1	908	315	34.69	30	14	132	62	1	0	0	77	0
Pct 9128	Election Day	9128	1	805	188	23.35	19	16	69	42	0	0	0	42	0
Pct 9128	VBM	9128	1	805	296	36.77	27	33	114	57	0	0	0	65	0
Pct 9129	Election Day	9129	1	713	173	24.26	15	11	74	34	2	0	0	37	0
Pct 9129	VBM	9129	1	713	225	31.56	19	17	88	53	0	0	0	45	0
Pct 9131	Election Day	9131	1	740	151	20.41	14	8	53	43	3	0	0	30	0
Pct 9131	VBM	9131	1	740	274	37.03	28	10	123	57	0	0	0	54	0
Pct 9132	Election Day	9132	1	827	167	20.19	19	9	71	23	1	0	0	44	0
Pct 9132	VBM	9132	1	827	251	30.35	17	8	124	54	2	0	0	46	0
Pct 9133	Election Day	9133	1	1007	188	18.67	15	5	88	45	0	0	0	35	0
Pct 9133	VBM	9133	1	1007	388	38.53	19	23	184	69	0	0	0	92	0
Pct 9134	Election Day	9134	1	893	132	14.78	14	5	62	18	1	0	0	32	0
Pct 9134	VBM	9134	1	893	297	33.26	29	15	123	63	2	0	0	62	0
Pct 9135	Election Day	9135	1	778	149	19.15	19	13	50	29	0	0	0	38	0
Pct 9135	VBM	9135	1	778	269	34.58	21	18	113	72	0	0	0	44	0
Pct 9136	Election Day	9136	1	894	191	21.36	19	9	94	34	2	0	0	33	0
Pct 9136	VBM	9136	1	894	289	32.33	28	15	105	67	1	0	0	69	0
Pct 9137	Election Day	9137	1	946	201	21.25	20	21	76	42	0	0	0	42	0
Pct 9137	VBM	9137	1	946	323	34.14	28	12	144	67	1	0	0	68	0
Pct 9138	Election Day	9138	1	892	155	17.38	12	9	62	40	1	0	0	32	0
Pct 9138	VBM	9138	1	892	323	36.21	27	26	139	58	1	0	0	74	0
Pct 9139	Election Day	9139	1	912	163	17.87	8	8	81	28	2	0	0	37	0
Pct 9139	VBM	9139	1	912	356	39.04	26	32	151	78	1	0	0	67	0
Pct 9141	Election Day	9141	1	904	168	18.58	18	9	60	45	0	0	0	34	0
Pct 9141	VBM	9141	1	904	328	36.28	22	20	152	80	1	0	0	54	0
Pct 9142	Election Day	9142	1	921	219	23.78	36	8	98	42	3	0	0	31	0
Pct 9142	VBM	9142	1	921	288	31.27	31	20	135	53	0	0	0	49	1
Pct 9143	Election Day	9143	1	887	196	22.1	13	10	92	38	1	0	0	42	0
Pct 9143	VBM	9143	1	887	315	35.51	23	22	146	61	1	0	0	59	0
Pct 9144	Election Day	9144	1	931	221	23.74	15	11	99	44	2	0	0	49	0
Pct 9144	VBM	9144	1	931	322	34.59	16	23	136	81	1	0	0	67	0
Pct 9145	Election Day	9145	1	837	197	23.54	30	9	65	47	0	0	0	46	0
Pct 9145	VBM	9145	1	837	282	33.69	21	12	131	64	0	0	0	53	1
Pct 9146	Election Day	9146	1	866	206	23.79	17	12	93	38	1	0	0	44	1
Pct 9146	VBM	9146	1	866	297	34.3	21	9	147	59	2	0	0	60	0
Pct 9147	Election Day	9147	1	920	227	24.67	19	7	108	44	1	0	0	47	0
Pct 9147	VBM	9147	1	920	318	34.57	23	15	161	52	0	0	0	68	1
Pct 9148	Election Day	9148	1	946	226	23.89	20	7	99	51	3	0	0	46	0
Pct 9148	VBM	9148	1	946	322	34.04	25	19	140	70	1	0	0	62	2
Pct 9149	Election Day	9149	1	884	196	22.17	19	13	82	32	1	0	0	49	0
Pct 9149	VBM	9149	1	884	296	33.48	25	8	154	52	3	0	0	55	0
Pct 9151	Election Day	9151	1	806	152	18.86	10	4	53	48	0	0	0	38	0
Pct 9151	VBM	9151	1	806	267	33.13	13	14	108	75	3	0	0	55	0
Pct 9152	Election Day	9152	1	712	67	9.41	9	4	23	15	0	0	0	15	0
Pct 9152	VBM	9152	1	712	138	19.38	10	4	61	37	2	0	0	23	0
Pct 9201	Election Day	9201	1	953	201	21.09	27	11	85	40	2	0	0	36	0
Pct 9201	VBM	9201	1	953	229	24.03	20	12	98	55	0	0	0	42	0
Pct 9202	Election Day	9202	1	908	184	20.26	21	13	51	52	0	0	0	48	0
Pct 9202	VBM	9202	1	908	218	24.01	17	12	92	55	1	0	0	41	0
Pct 9203	Election Day	9203	1	968	145	14.98	9	10	47	46	0	0	0	33	0
Pct 9203	VBM	9203	1	968	300	30.99	18	22	80	104	1	0	0	71	0
Pct 9204	Election Day	9204	1	809	147	18.17	10	11	36	39	1	0	0	50	0
Pct 9204	VBM	9204	1	809	223	27.56	16	18	65	79	0	0	0	47	1
Pct 9205	Election Day	9205	1	694	113	16.28	12	8	33	29	0	0	0	31	0
Pct 9205	VBM	9205	1	694	201	28.96	12	13	72	48	0	0	0	54	0
Pct 9206	Election Day	9206	1	887	135	15.22	14	15	32	42	1	0	0	32	0
Pct 9206	VBM	9206	1	887	294	33.15	14	16	84	117	2	0	0	61	0
Pct 9207	Election Day	9207	1	913	148	16.21	16	9	37	44	1	0	0	40	1
Pct 9207	VBM	9207	1	913	249	27.27	7	17	96	64	0	0	0	64	0
Pct 9208	Election Day	9208	1	936	147	15.71	14	11	40	39	2	0	0	41	0
Pct 9208	VBM	9208	1	936	240	25.64	20	11	84	60	1	0	0	65	0
Pct 9209	Election Day	9209	1	675	121	17.93	14	13	35	27	0	0	0	33	0
Pct 9209	VBM	9209	1	675	188	27.85	13	9	68	43	3	0	0	52	0
Pct 9211	Election Day	9211	1	834	130	15.59	7	9	44	30	0	0	0	40	0
Pct 9211	VBM	9211	1	834	212	25.42	18	11	74	60	1	0	0	47	0
Pct 9212	Election Day	9212	1	764	121	15.84	9	6	43	28	1	0	0	34	0
Pct 9212	VBM	9212	1	764	205	26.83	19	10	62	58	4	0	0	49	0
Pct 9213	Election Day	9213	1	890	140	15.73	22	6	47	36	0	0	0	29	0
Pct 9213	VBM	9213	1	890	260	29.21	16	14	94	71	0	0	0	63	0
Pct 9214	Election Day	9214	1	581	92	15.83	5	7	26	25	0	0	0	29	0
Pct 9214	VBM	9214	1	581	203	34.94	13	9	68	60	1	0	0	50	0
Pct 9215	Election Day	9215	1	626	130	20.77	7	13	25	43	0	0	0	42	0
Pct 9215	VBM	9215	1	626	170	27.16	9	7	56	61	1	0	0	37	0
Pct 9216	Election Day	9216	1	798	134	16.79	13	7	43	32	0	0	0	40	0
Pct 9216	VBM	9216	1	798	206	25.81	12	10	67	63	0	0	0	54	0
Pct 9217	Election Day	9217	1	684	123	17.98	11	7	43	25	1	0	0	36	0
Pct 9217	VBM	9217	1	684	187	27.34	18	13	53	53	0	0	0	47	0
Pct 9218	Election Day	9218	1	797	119	14.93	9	8	35	30	0	0	0	37	0
Pct 9218	VBM	9218	1	797	225	28.23	18	7	68	63	0	0	0	67	0
Pct 9219	Election Day	9219	1	733	146	19.92	13	7	59	33	1	0	0	33	0
Pct 9219	VBM	9219	1	733	187	25.51	13	9	64	63	0	0	0	38	0
Pct 9221	Election Day	9221	1	641	121	18.88	6	3	29	49	1	0	0	33	0
Pct 9221	VBM	9221	1	641	278	43.37	10	17	72	121	0	0	0	57	0
Pct 9222	Election Day	9222	1	842	139	16.51	8	11	37	53	1	0	0	30	0
Pct 9222	VBM	9222	1	842	268	31.83	14	18	70	98	1	0	0	64	0
Pct 9223	Election Day	9223	1	606	88	14.52	7	6	20	32	0	0	0	22	0
Pct 9223	VBM	9223	1	606	202	33.33	12	12	54	74	0	0	0	49	0
Pct 9224	Election Day	9224	1	912	171	18.75	8	18	37	67	1	0	0	34	0
Pct 9224	VBM	9224	1	912	308	33.77	14	17	110	94	0	0	0	66	0
Pct 9225	Election Day	9225	1	898	161	17.93	17	5	59	43	0	0	0	37	0
Pct 9225	VBM	9225	1	898	243	27.06	10	12	90	59	0	0	0	72	0
Pct 9226	Election Day	9226	1	905	143	15.8	9	3	38	49	1	0	0	44	0
Pct 9226	VBM	9226	1	905	312	34.48	17	10	114	80	2	0	0	89	0
Pct 9227	Election Day	9227	1	729	140	19.2	12	10	44	43	1	0	0	30	0
Pct 9227	VBM	9227	1	729	304	41.7	18	11	119	96	1	0	0	60	0
Pct 9228	Election Day	9228	1	726	175	24.1	8	11	52	63	0	0	0	38	0
Pct 9228	VBM	9228	1	726	277	38.15	9	15	71	111	0	0	0	67	0
Pct 9229	Election Day	9229	1	596	130	21.81	11	7	45	36	0	0	0	32	0
Pct 9229	VBM	9229	1	596	219	36.74	10	8	90	78	0	0	0	34	0
Pct 9231	Election Day	9231	1	919	221	24.05	15	6	86	60	1	0	0	55	0
Pct 9231	VBM	9231	1	919	294	31.99	16	13	97	94	0	0	0	76	0
Pct 9232	Election Day	9232	1	701	151	21.54	9	10	46	55	0	0	0	31	0
Pct 9232	VBM	9232	1	701	274	39.09	24	13	92	96	0	0	0	48	0
Pct 9233	Election Day	9233	1	774	139	17.96	10	6	18	58	0	0	0	46	1
Pct 9233	VBM	9233	1	774	308	39.79	13	14	83	105	0	0	0	91	0
Pct 9234	Election Day	9234	1	731	131	17.92	17	7	40	35	1	0	0	32	0
Pct 9234	VBM	9234	1	731	281	38.44	15	11	97	88	1	0	0	66	0
Pct 9235	Election Day	9235	1	842	174	20.67	13	11	47	50	0	0	0	52	0
Pct 9235	VBM	9235	1	842	298	35.39	14	15	81	105	0	0	0	84	0
Pct 9236	Election Day	9236	1	658	130	19.76	7	4	34	44	0	0	0	41	0
Pct 9236	VBM	9236	1	658	207	31.46	9	8	74	67	0	0	0	46	0
Pct 9237	Election Day	9237	1	880	145	16.48	10	5	43	48	1	0	0	38	0
Pct 9237	VBM	9237	1	880	331	37.61	21	16	99	103	2	0	0	91	0
Pct 9238	Election Day	9238	1	792	130	16.41	9	12	41	35	0	0	0	33	0
Pct 9238	VBM	9238	1	792	271	34.22	16	16	70	111	0	0	0	58	1
Pct 9239	Election Day	9239	1	835	117	14.01	5	6	32	39	2	0	0	33	0
Pct 9239	VBM	9239	1	835	318	38.08	14	14	100	114	0	0	0	76	0
Pct 9241	Election Day	9241	1	961	158	16.44	11	4	57	50	2	0	0	33	0
Pct 9241	VBM	9241	1	961	322	33.51	15	9	112	113	1	0	0	70	0
Pct 9242	Election Day	9242	1	940	154	16.38	12	8	46	31	1	0	0	56	0
Pct 9242	VBM	9242	1	940	300	31.91	18	22	109	88	0	0	0	60	0
Pct 9243	Election Day	9243	1	572	135	23.6	9	4	47	40	1	0	0	34	0
Pct 9243	VBM	9243	1	572	188	32.87	8	4	69	59	1	0	0	46	0
Pct 9244	Election Day	9244	1	880	149	16.93	13	7	43	44	2	0	0	39	0
Pct 9244	VBM	9244	1	880	269	30.57	15	7	104	78	0	0	0	66	0
Pct 9245	Election Day	9245	1	706	128	18.13	9	5	52	31	3	0	0	28	0
Pct 9245	VBM	9245	1	706	226	32.01	17	10	81	63	1	0	0	52	0
Pct 9246	Election Day	9246	1	910	139	15.27	12	8	42	38	0	0	0	39	0
Pct 9246	VBM	9246	1	910	299	32.86	17	13	86	93	0	0	0	90	1
Pct 9247	Election Day	9247	1	936	151	16.13	15	9	56	37	1	0	0	34	0
Pct 9247	VBM	9247	1	936	303	32.37	22	17	103	99	0	0	0	61	0
Pct 9248	Election Day	9248	1	898	181	20.16	30	11	46	43	2	0	0	48	1
Pct 9248	VBM	9248	1	898	282	31.4	14	6	106	71	0	0	0	79	0
Pct 9249	Election Day	9249	1	910	187	20.55	13	7	58	55	0	0	0	53	0
Pct 9249	VBM	9249	1	910	314	34.51	16	12	107	112	2	0	0	62	0
Pct 9251	Election Day	9251	1	946	204	21.56	16	9	68	59	0	0	0	52	0
Pct 9251	VBM	9251	1	946	342	36.15	24	12	142	90	0	0	0	74	1
Pct 9252	Election Day	9252	1	913	140	15.33	15	6	50	44	0	0	0	26	0
Pct 9252	VBM	9252	1	913	352	38.55	24	9	138	104	2	0	0	74	0
Pct 9253	Election Day	9253	1	751	138	18.38	15	7	46	25	0	0	0	41	0
Pct 9253	VBM	9253	1	751	272	36.22	20	8	96	83	0	0	0	60	5
Pct 9254	Election Day	9254	1	889	168	18.9	14	6	76	33	1	0	0	38	0
Pct 9254	VBM	9254	1	889	318	35.77	22	17	126	79	1	0	0	75	0
Pct 9255	Election Day	9255	1	545	126	23.12	16	4	53	26	1	0	0	26	0
Pct 9255	VBM	9255	1	545	128	23.49	10	5	61	27	0	0	0	24	0
Pct 9256	Election Day	9256	1	433	77	17.78	8	1	26	23	0	0	0	19	0
Pct 9256	VBM	9256	1	433	103	23.79	8	3	44	22	0	0	0	27	0
Pct 9257 MB	Election Day	9257	1	312	9	2.88	2	0	3	3	0	0	0	1	0
Pct 9257 MB	VBM	9257	1	312	150	48.08	16	6	79	25	1	0	0	24	0
Pct 9258	Election Day	9258	1	699	127	18.17	12	3	58	28	0	0	0	26	0
Pct 9258	VBM	9258	1	699	244	34.91	16	10	97	65	0	0	0	58	0
Pct 9401	Election Day	9401	1	970	194	20	27	9	81	24	3	0	0	51	0
Pct 9401	VBM	9401	1	970	293	30.21	32	13	142	39	1	0	0	68	0
Pct 9402	Election Day	9402	1	931	197	21.16	32	11	77	32	0	0	0	45	0
Pct 9402	VBM	9402	1	931	307	32.98	33	15	131	52	0	0	0	75	0
Pct 9403	Election Day	9403	1	853	167	19.58	20	12	82	21	0	0	0	32	0
Pct 9403	VBM	9403	1	853	286	33.53	36	20	117	54	1	0	0	56	0
Pct 9404	Election Day	9404	1	889	153	17.21	18	11	62	25	0	0	0	37	0
Pct 9404	VBM	9404	1	889	320	36	14	24	146	57	0	0	0	76	0
Pct 9405	Election Day	9405	1	757	160	21.14	13	11	56	44	1	0	0	36	0
Pct 9405	VBM	9405	1	757	245	32.36	17	17	98	55	1	0	0	56	0
Pct 9406	Election Day	9406	1	815	179	21.96	16	14	73	40	0	0	0	36	0
Pct 9406	VBM	9406	1	815	277	33.99	33	13	110	53	4	0	0	62	1
Pct 9407	Election Day	9407	1	861	191	22.18	14	12	78	34	2	0	0	50	0
Pct 9407	VBM	9407	1	861	284	32.98	26	10	119	78	0	0	0	51	1
Pct 9408	Election Day	9408	1	837	187	22.34	14	17	80	29	0	0	0	46	0
Pct 9408	VBM	9408	1	837	246	29.39	22	8	124	53	0	0	0	41	0
Pct 9409	Election Day	9409	1	565	140	24.78	25	6	52	31	1	0	0	25	0
Pct 9409	VBM	9409	1	565	170	30.09	6	6	83	32	1	0	0	40	0
Pct 9411	Election Day	9411	1	936	175	18.7	17	12	77	30	0	0	0	40	0
Pct 9411	VBM	9411	1	936	261	27.88	26	16	121	49	1	0	0	47	0
Pct 9412	Election Day	9412	1	843	164	19.45	14	14	81	28	3	0	0	24	0
Pct 9412	VBM	9412	1	843	285	33.81	26	16	128	49	1	0	0	65	0
Pct 9413	Election Day	9413	1	858	172	20.05	21	11	52	38	1	0	0	50	0
Pct 9413	VBM	9413	1	858	310	36.13	28	18	120	63	0	0	0	78	0
Pct 9414	Election Day	9414	1	862	159	18.45	18	10	53	29	1	0	0	47	0
Pct 9414	VBM	9414	1	862	307	35.61	31	20	125	63	1	0	0	66	0
Pct 9415	Election Day	9415	1	755	121	16.03	12	6	55	27	0	0	0	21	0
Pct 9415	VBM	9415	1	755	284	37.62	31	9	120	62	0	0	0	63	1
Pct 9416	Election Day	9416	1	962	198	20.58	25	13	75	41	2	0	0	41	1
Pct 9416	VBM	9416	1	962	316	32.85	34	22	118	56	0	0	0	83	0
Pct 9417	Election Day	9417	1	714	117	16.39	8	7	52	18	0	0	0	33	0
Pct 9417	VBM	9417	1	714	286	40.06	26	32	120	52	2	0	0	45	1
Pct 9418	Election Day	9418	1	753	157	20.85	13	12	63	25	0	0	0	43	0
Pct 9418	VBM	9418	1	753	269	35.72	30	13	115	34	2	0	0	75	0
Pct 9419	Election Day	9419	1	893	167	18.7	11	13	60	37	0	0	0	46	0
Pct 9419	VBM	9419	1	893	326	36.51	34	25	126	79	1	0	0	60	0
Pct 9421	Election Day	9421	1	878	150	17.08	11	3	62	28	2	0	0	45	0
Pct 9421	VBM	9421	1	878	316	35.99	26	12	139	63	3	0	0	74	0
Pct 9422	Election Day	9422	1	1010	200	19.8	19	14	86	31	0	0	0	51	0
Pct 9422	VBM	9422	1	1010	358	35.45	30	31	145	69	3	0	0	80	0
Pct 9423	Election Day	9423	1	853	147	17.23	15	10	60	25	0	0	0	37	0
Pct 9423	VBM	9423	1	853	292	34.23	26	21	112	67	0	0	0	67	0
Pct 9424	Election Day	9424	1	910	146	16.04	20	4	66	28	1	0	0	26	0
Pct 9424	VBM	9424	1	910	331	36.37	34	17	134	81	2	0	0	63	1
Pct 9425	Election Day	9425	1	903	136	15.06	15	6	61	19	0	0	0	34	0
Pct 9425	VBM	9425	1	903	313	34.66	22	18	137	57	1	0	0	74	1
Pct 9426	Election Day	9426	1	801	143	17.85	15	6	51	39	0	0	0	33	0
Pct 9426	VBM	9426	1	801	283	35.33	22	24	104	49	2	0	0	80	1
Pct 9427	Election Day	9427	1	889	129	14.51	6	8	49	33	1	0	0	33	0
Pct 9427	VBM	9427	1	889	333	37.46	22	23	132	72	1	0	0	82	0
Pct 9428	Election Day	9428	1	892	122	13.68	15	14	36	22	2	0	0	34	0
Pct 9428	VBM	9428	1	892	346	38.79	38	24	144	69	3	0	0	68	1
Pct 9429	Election Day	9429	1	866	173	19.98	13	17	73	32	0	0	0	38	0
Pct 9429	VBM	9429	1	866	308	35.57	30	21	101	91	1	0	0	64	0
Pct 9431	Election Day	9431	1	954	152	15.93	21	11	56	33	0	0	0	32	0
Pct 9431	VBM	9431	1	954	352	36.9	26	27	147	72	1	0	0	71	4
Pct 9432	Election Day	9432	1	901	155	17.2	14	15	62	30	0	0	0	34	0
Pct 9432	VBM	9432	1	901	307	34.07	28	15	117	64	6	0	0	77	0
Pct 9433	Election Day	9433	1	912	155	17	18	9	59	29	2	0	0	38	0
Pct 9433	VBM	9433	1	912	317	34.76	21	20	121	56	1	0	0	100	0
Pct 9434	Election Day	9434	1	963	188	19.52	14	17	62	40	2	0	0	53	0
Pct 9434	VBM	9434	1	963	349	36.24	40	29	144	78	0	0	0	58	1
Pct 9435	Election Day	9435	1	934	195	20.88	12	16	75	45	2	0	0	45	0
Pct 9435	VBM	9435	1	934	320	34.26	27	25	125	54	2	0	0	83	2
Pct 9436	Election Day	9436	1	941	161	17.11	21	11	61	30	1	0	0	37	0
Pct 9436	VBM	9436	1	941	337	35.81	34	18	157	49	2	0	0	77	0
Pct 9437	Election Day	9437	1	873	170	19.47	20	5	72	40	0	0	0	33	0
Pct 9437	VBM	9437	1	873	324	37.11	31	15	126	80	0	0	0	71	0
Pct 9438	Election Day	9438	1	918	129	14.05	11	9	63	25	2	0	0	18	0
Pct 9438	VBM	9438	1	918	336	36.6	40	32	129	65	0	0	0	71	0
Pct 9439	Election Day	9439	1	827	126	15.24	16	5	48	29	1	0	0	27	0
Pct 9439	VBM	9439	1	827	314	37.97	33	30	98	77	2	0	0	75	0
Pct 9441	Election Day	9441	1	939	205	21.83	29	11	95	25	3	0	0	43	0
Pct 9441	VBM	9441	1	939	337	35.89	25	24	141	81	1	0	0	66	0
Pct 9442	Election Day	9442	1	970	200	20.62	16	17	94	33	2	0	0	38	0
Pct 9442	VBM	9442	1	970	325	33.51	29	24	119	69	3	0	0	81	0
Pct 9443	Election Day	9443	1	886	138	15.58	16	13	63	23	0	0	0	23	0
Pct 9443	VBM	9443	1	886	304	34.31	30	25	133	51	2	0	0	61	0
Pct 9444	Election Day	9444	1	901	118	13.1	8	10	37	26	1	0	0	37	0
Pct 9444	VBM	9444	1	901	312	34.63	37	33	114	57	2	0	0	69	1
Pct 9445	Election Day	9445	1	945	154	16.3	16	14	61	32	2	0	0	29	0
Pct 9445	VBM	9445	1	945	342	36.19	21	18	144	87	2	0	0	70	0
Pct 9446	Election Day	9446	1	1043	164	15.72	12	10	65	38	0	0	0	37	0
Pct 9446	VBM	9446	1	1043	417	39.98	38	24	152	115	0	0	0	90	1
Pct 9447	Election Day	9447	1	891	171	19.19	13	13	63	43	1	0	0	37	0
Pct 9447	VBM	9447	1	891	327	36.7	31	14	128	80	1	0	0	72	0
Pct 9448	Election Day	9448	1	877	159	18.13	13	18	66	30	2	0	0	30	0
Pct 9448	VBM	9448	1	877	307	35.01	18	21	130	60	1	0	0	79	0
Pct 9449	Election Day	9449	1	784	97	12.37	12	7	34	24	0	0	0	20	1
Pct 9449	VBM	9449	1	784	302	38.52	26	31	113	61	0	0	0	67	0
Pct 9451	Election Day	9451	1	414	57	13.77	5	3	29	9	1	0	0	10	0
Pct 9451	VBM	9451	1	414	154	37.2	12	14	63	32	3	0	0	27	0
Pct 9452	Election Day	9452	1	799	175	21.9	14	12	73	44	0	0	0	31	0
Pct 9452	VBM	9452	1	799	281	35.17	29	16	107	56	0	0	0	72	1
Pct 9453	Election Day	9453	1	488	90	18.44	10	8	27	23	0	0	0	22	0
Pct 9453	VBM	9453	1	488	175	35.86	17	11	65	50	1	0	0	31	0
Pct 9501 MB	Election Day	9501	1	149	5	3.36	0	0	0	2	0	0	0	3	0
Pct 9501 MB	VBM	9501	1	149	71	47.65	5	4	26	17	0	0	0	21	0
Pct 9502 MB	Election Day	9502	1	233	10	4.29	1	0	5	1	0	0	0	3	0
Pct 9502 MB	VBM	9502	1	233	116	49.79	10	2	49	30	1	0	0	24	0
Pct 9503/9504	Election Day	9503	1	725	128	17.66	16	2	46	34	1	0	0	31	0
Pct 9503/9504	VBM	9503	1	725	184	25.38	18	6	82	34	0	0	0	43	1
Pct 9505	Election Day	9505	1	756	147	19.44	12	9	65	32	0	0	0	31	0
Pct 9505	VBM	9505	1	756	274	36.24	24	13	129	45	0	0	0	62	1
Pct 9506	Election Day	9506	1	771	134	17.38	9	10	48	37	1	0	0	29	0
Pct 9506	VBM	9506	1	771	217	28.15	16	14	100	46	0	0	0	40	0
Pct 9507	Election Day	9507	1	733	170	23.19	15	4	85	31	1	0	0	33	0
Pct 9507	VBM	9507	1	733	218	29.74	22	5	110	39	1	0	0	43	0
Pct 9508	Election Day	9508	1	784	180	22.96	16	9	84	34	0	0	0	37	0
Pct 9508	VBM	9508	1	784	258	32.91	21	11	142	45	1	0	0	35	0
Pct 9509	Election Day	9509	1	719	165	22.95	12	11	82	22	0	0	0	38	0
Pct 9509	VBM	9509	1	719	239	33.24	16	2	117	46	1	0	0	58	0
Pct 9511	Election Day	9511	1	600	147	24.5	14	9	72	20	1	0	0	31	0
Pct 9511	VBM	9511	1	600	177	29.5	9	6	101	21	1	0	0	37	0
Pct 9512	Election Day	9512	1	771	161	20.88	14	12	75	21	0	0	0	39	0
Pct 9512	VBM	9512	1	771	251	32.56	23	10	127	47	0	0	0	49	0
Pct 9513	Election Day	9513	1	864	200	23.15	19	11	94	29	0	0	0	47	0
Pct 9513	VBM	9513	1	864	261	30.21	19	2	140	44	0	0	0	49	2
Pct 9514/9522	Election Day	9514	1	869	229	26.35	31	9	101	32	1	0	0	55	0
Pct 9514/9522	VBM	9514	1	869	257	29.57	11	8	118	54	0	0	0	65	0
Pct 9515	Election Day	9515	1	685	159	23.21	21	3	82	22	0	0	0	31	0
Pct 9515	VBM	9515	1	685	243	35.47	21	8	108	47	1	0	0	58	0
Pct 9516	Election Day	9516	1	864	206	23.84	15	21	84	31	1	0	0	53	1
Pct 9516	VBM	9516	1	864	269	31.13	29	15	117	46	0	0	0	61	0
Pct 9517	Election Day	9517	1	768	197	25.65	28	10	91	22	0	0	0	46	0
Pct 9517	VBM	9517	1	768	235	30.6	15	10	120	50	1	0	0	38	0
Pct 9518	Election Day	9518	1	783	180	22.99	15	7	95	25	2	0	0	35	0
Pct 9518	VBM	9518	1	783	242	30.91	22	5	127	35	1	0	0	52	0
Pct 9519	Election Day	9519	1	850	217	25.53	15	8	100	36	0	0	0	58	0
Pct 9519	VBM	9519	1	850	294	34.59	19	8	144	70	1	0	0	53	0
Pct 9521	Election Day	9521	1	893	254	28.44	19	11	116	51	3	0	0	54	0
Pct 9521	VBM	9521	1	893	290	32.47	14	5	139	79	0	0	0	50	0
Pct 9701	Election Day	9701	1	665	156	23.46	9	4	77	30	1	0	0	35	0
Pct 9701	VBM	9701	1	665	235	35.34	23	9	91	60	2	0	0	50	0
Pct 9702	Election Day	9702	1	710	194	27.32	16	11	92	27	3	0	0	45	0
Pct 9702	VBM	9702	1	710	231	32.54	10	9	102	46	1	0	0	63	0
Pct 9703	Election Day	9703	1	931	182	19.55	18	14	66	43	1	0	0	39	0
Pct 9703	VBM	9703	1	931	373	40.06	30	23	159	78	1	0	0	81	0
Pct 9704	Election Day	9704	1	942	191	20.28	10	6	87	39	0	0	0	49	0
Pct 9704	VBM	9704	1	942	354	37.58	16	10	168	91	0	0	0	70	0
Pct 9705	Election Day	9705	1	879	208	23.66	19	10	84	49	0	0	0	45	0
Pct 9705	VBM	9705	1	879	309	35.15	17	12	146	75	0	0	0	59	0
Pct 9706 MB	Election Day	9706	1	51	2	3.92	0	0	0	1	0	0	0	1	0
Pct 9706 MB	VBM	9706	1	51	32	62.75	3	2	12	4	0	0	0	11	0
Pct 9707	Election Day	9707	1	799	121	15.14	10	6	40	39	0	0	0	26	0
Pct 9707	VBM	9707	1	799	355	44.43	37	20	130	105	0	0	0	67	0
Pct 9708	Election Day	9708	1	919	193	21	16	8	78	38	1	0	0	51	0
Pct 9708	VBM	9708	1	919	324	35.26	21	19	142	72	1	0	0	67	0
Pct 9709	Election Day	9709	1	998	196	19.64	19	15	65	40	0	0	0	56	0
Pct 9709	VBM	9709	1	998	355	35.57	18	14	146	91	0	0	0	85	0
Pct 9711	Election Day	9711	1	625	167	26.72	20	7	57	45	2	0	0	36	0
Pct 9711	VBM	9711	1	625	254	40.64	17	11	103	83	2	0	0	38	0
Pct 9712	Election Day	9712	1	651	134	20.58	10	5	51	46	2	0	0	21	0
Pct 9712	VBM	9712	1	651	288	44.24	16	18	110	82	1	0	0	60	0
Pct 9713	Election Day	9713	1	930	161	17.31	15	10	49	37	1	0	0	49	0
Pct 9713	VBM	9713	1	930	362	38.92	41	21	132	99	0	0	0	67	1
Pct 9714	Election Day	9714	1	911	154	16.9	14	13	57	39	0	0	0	31	0
Pct 9714	VBM	9714	1	911	367	40.29	19	21	128	110	0	0	0	87	0
Pct 9715	Election Day	9715	1	566	162	28.62	11	12	52	56	1	0	0	29	1
Pct 9715	VBM	9715	1	566	218	38.52	10	13	75	76	0	0	0	43	0
Pct 9716	Election Day	9716	1	928	198	21.34	16	17	78	34	0	0	0	54	0
Pct 9716	VBM	9716	1	928	368	39.66	28	30	155	84	0	0	0	67	0
Pct 9717	Election Day	9717	1	967	206	21.3	10	18	74	54	1	0	0	50	0
Pct 9717	VBM	9717	1	967	371	38.37	20	16	178	87	0	0	0	64	0
Pct 9718	Election Day	9718	1	843	183	21.71	16	12	68	60	0	0	0	29	0
Pct 9718	VBM	9718	1	843	385	45.67	34	28	153	105	3	0	0	57	2
Pct 9719	Election Day	9719	1	863	186	21.55	18	12	66	49	0	0	0	41	0
Pct 9719	VBM	9719	1	863	389	45.08	10	22	126	141	1	0	0	88	0
Pct 9721	Election Day	9721	1	653	182	27.87	3	17	63	61	1	0	0	38	0
Pct 9721	VBM	9721	1	653	250	38.28	9	13	94	70	2	0	0	61	0
Pct 9722	Election Day	9722	1	593	86	14.5	9	4	27	26	0	0	0	20	0
Pct 9722	VBM	9722	1	593	269	45.36	18	20	101	84	2	0	0	47	0
Pct 9723	Election Day	9723	1	458	74	16.16	8	9	16	23	0	0	0	18	0
Pct 9723	VBM	9723	1	458	198	43.23	6	12	76	60	3	0	0	40	0
Pct 9724	Election Day	9724	1	950	144	15.16	12	7	50	43	0	0	0	32	0
Pct 9724	VBM	9724	1	950	386	40.63	33	40	133	90	0	0	0	91	0
Pct 9725	Election Day	9725	1	941	118	12.54	9	12	22	47	0	0	0	28	1
Pct 9725	VBM	9725	1	941	350	37.19	23	31	120	90	2	0	0	83	1
Pct 9726	Election Day	9726	1	685	83	12.12	8	5	34	23	0	0	0	13	0
Pct 9726	VBM	9726	1	685	137	20	12	12	67	23	1	0	0	22	0
Pct 9727	Election Day	9727	1	435	60	13.79	4	6	18	19	0	0	0	12	0
Pct 9727	VBM	9727	1	435	205	47.13	13	9	69	73	0	0	0	38	1
Pct 9728	Election Day	9728	1	906	204	22.52	16	17	74	66	1	0	0	30	0
Pct 9728	VBM	9728	1	906	378	41.72	37	13	135	134	1	0	0	60	0
Pct 9729	Election Day	9729	1	782	161	20.59	5	12	53	53	0	0	0	37	0
Pct 9729	VBM	9729	1	782	304	38.87	14	16	95	115	0	0	0	64	0
Pct 9731	Election Day	9731	1	529	138	26.09	12	8	43	40	1	0	0	34	0
Pct 9731	VBM	9731	1	529	189	35.73	11	13	66	65	1	0	0	33	0
Pct 9732 MB	Election Day	9732	1	73	3	4.11	1	0	2	0	0	0	0	0	0
Pct 9732 MB	VBM	9732	1	73	43	58.9	2	0	23	12	0	0	0	5	0
Pct 9733 MB	Election Day	9733	1	224	4	1.79	1	0	2	0	0	0	0	0	0
Pct 9733 MB	VBM	9733	1	224	146	65.18	11	5	61	40	0	0	0	29	0
Pct 9734	Election Day	9734	1	577	122	21.14	6	3	45	49	0	0	0	19	0
Pct 9734	VBM	9734	1	577	261	45.23	19	15	89	81	0	0	0	56	0
Pct 9735	Election Day	9735	1	782	167	21.36	13	11	53	48	2	0	0	39	0
Pct 9735	VBM	9735	1	782	344	43.99	25	27	122	102	2	0	0	66	0
Pct 9736	Election Day	9736	1	699	145	20.74	12	8	45	48	1	0	0	31	0
Pct 9736	VBM	9736	1	699	305	43.63	23	21	139	63	0	0	0	57	1
Pct 9737	Election Day	9737	1	792	175	22.1	23	9	63	50	0	1	0	30	0
Pct 9737	VBM	9737	1	792	343	43.31	26	24	155	79	1	0	0	60	1
Pct 9738	Election Day	9738	1	830	99	11.93	8	7	41	23	0	0	0	20	0
Pct 9738	VBM	9738	1	830	263	31.69	18	20	122	57	1	0	0	40	1
Pct 9739	Election Day	9739	1	826	126	15.25	16	11	53	29	0	0	0	16	1
Pct 9739	VBM	9739	1	826	193	23.37	20	18	98	32	0	0	0	28	0
Pct 9741	Election Day	9741	1	1022	19	1.86	5	2	9	0	0	0	0	3	0
Pct 9741	VBM	9741	1	1022	24	2.35	3	5	11	1	0	0	0	4	0
Pct 9742	Election Day	9742	1	647	134	20.71	11	9	52	37	0	0	0	25	0
Pct 9742	VBM	9742	1	647	187	28.9	10	17	67	54	1	0	0	37	0
Pct 9743	Election Day	9743	1	1093	172	15.74	27	10	82	22	0	0	0	31	0
Pct 9743	VBM	9743	1	1093	317	29	36	22	138	71	0	0	0	47	1
Pct 9744	Election Day	9744	1	902	141	15.63	17	6	61	33	0	0	0	23	1
Pct 9744	VBM	9744	1	902	234	25.94	19	17	93	59	0	0	0	44	1
Pct 9745	Election Day	9745	1	934	141	15.1	20	11	50	31	1	0	0	28	0
Pct 9745	VBM	9745	1	934	205	21.95	27	16	73	61	0	0	0	29	0
Pct 9746	Election Day	9746	1	867	192	22.15	17	15	66	55	1	0	0	38	0
Pct 9746	VBM	9746	1	867	334	38.52	29	22	132	82	1	0	0	66	0
Pct 9747	Election Day	9747	1	940	198	21.06	19	9	87	53	0	0	0	30	0
Pct 9747	VBM	9747	1	940	323	34.36	30	23	164	42	1	0	0	63	0
Pct 9748	Election Day	9748	1	913	164	17.96	17	8	62	31	2	0	0	44	0
Pct 9748	VBM	9748	1	913	342	37.46	29	24	146	75	0	0	0	64	1
Pct 9749	Election Day	9749	1	893	143	16.01	13	18	60	14	2	0	0	37	0
Pct 9749	VBM	9749	1	893	266	29.79	39	25	121	36	2	0	0	43	0
Pct 9751	Election Day	9751	1	977	157	16.07	16	13	55	40	1	0	0	33	0
Pct 9751	VBM	9751	1	977	384	39.3	27	27	177	65	1	0	0	85	0
Pct 9752	Election Day	9752	1	692	143	20.66	13	11	54	33	3	0	0	29	0
Pct 9752	VBM	9752	1	692	305	44.08	33	20	143	54	1	0	0	52	0
Pct 9753	Election Day	9753	1	735	148	20.14	19	8	60	27	1	0	0	33	0
Pct 9753	VBM	9753	1	735	266	36.19	33	20	115	51	1	0	0	47	0
Pct 9754	Election Day	9754	1	701	169	24.11	19	6	80	28	2	0	0	34	0
Pct 9754	VBM	9754	1	701	296	42.23	24	15	147	70	0	0	0	39	0
Pct 9755	Election Day	9755	1	553	120	21.7	12	9	65	18	1	0	0	16	0
Pct 9755	VBM	9755	1	553	201	36.35	12	25	93	47	0	0	0	24	0
Pct 9756	Election Day	9756	1	908	126	13.88	16	9	52	31	0	0	0	19	0
Pct 9756	VBM	9756	1	908	297	32.71	31	21	119	70	1	0	0	49	0
Pct 9801	Election Day	9801	1	399	76	19.05	9	6	28	15	0	0	0	18	0
Pct 9801	VBM	9801	1	399	148	37.09	23	6	72	27	2	0	0	18	0
Pct 9900 MB	Election Day	9900	1	0	0	0	0	0	0	0	0	0	0	0	0
Pct 9900 MB	VBM	9900	1	0	0	0	0	0	0	0	0	0	0	0	0
Pct 9901 MB	Election Day	9901	1	0	0	0	0	0	0	0	0	0	0	0	0
Pct 9901 MB	VBM	9901	1	0	0	0	0	0	0	0	0	0	0	0	0
Pct 9902 MB	Election Day	9902	1	0	0	0	0	0	0	0	0	0	0	0	0
Pct 9902 MB	VBM	9902	1	0	0	0	0	0	0	0	0	0	0	0	0
