PrecinctName	ReportingType	PrecinctID	Precincts	Registration	Ballots Cast	Turnout (%)	NIKI JUDITH SOLIS	JEFFREY S. ROSS	WRITE-IN	Under Vote	Over Vote
Pct 1101	Election Day	1101	1	544	83	15.26	43	19	0	21	0
Pct 1101	VBM	1101	1	544	198	36.4	72	101	0	25	0
Pct 1102	Election Day	1102	1	964	188	19.5	77	72	1	40	0
Pct 1102	VBM	1102	1	964	337	34.96	115	165	0	56	0
Pct 1103	Election Day	1103	1	914	163	17.83	58	71	0	34	0
Pct 1103	VBM	1103	1	914	348	38.07	106	190	2	49	0
Pct 1104/1105	Election Day	1104	1	953	167	17.52	66	61	0	40	0
Pct 1104/1105	VBM	1104	1	953	292	30.64	108	126	3	55	0
Pct 1106	Election Day	1106	1	740	113	15.27	43	51	0	19	0
Pct 1106	VBM	1106	1	740	231	31.22	72	130	0	28	1
Pct 1107	Election Day	1107	1	721	101	14.01	46	37	1	17	0
Pct 1107	VBM	1107	1	721	240	33.29	67	116	2	50	0
Pct 1108	Election Day	1108	1	882	156	17.69	55	60	2	40	0
Pct 1108	VBM	1108	1	882	328	37.19	90	181	0	54	0
Pct 1109	Election Day	1109	1	758	124	16.36	43	55	0	26	0
Pct 1109	VBM	1109	1	758	265	34.96	78	141	3	43	0
Pct 1111	Election Day	1111	1	938	132	14.07	60	48	0	25	0
Pct 1111	VBM	1111	1	938	330	35.18	88	175	3	60	1
Pct 1112	Election Day	1112	1	702	96	13.68	35	41	0	20	0
Pct 1112	VBM	1112	1	702	221	31.48	54	118	3	45	0
Pct 1113	Election Day	1113	1	701	82	11.7	29	26	2	25	0
Pct 1113	VBM	1113	1	701	272	38.8	82	125	2	60	1
Pct 1114	Election Day	1114	1	915	139	15.19	52	51	1	35	0
Pct 1114	VBM	1114	1	915	280	30.6	99	146	2	33	0
Pct 1115	Election Day	1115	1	835	97	11.62	37	41	2	18	0
Pct 1115	VBM	1115	1	835	279	33.41	84	134	0	60	0
Pct 1116	Election Day	1116	1	842	141	16.75	60	43	1	37	0
Pct 1116	VBM	1116	1	842	275	32.66	96	114	2	62	0
Pct 1117	Election Day	1117	1	827	138	16.69	49	50	2	40	0
Pct 1117	VBM	1117	1	827	240	29.02	69	128	1	41	0
Pct 1118	Election Day	1118	1	974	158	16.22	82	49	3	24	0
Pct 1118	VBM	1118	1	974	335	34.39	105	152	5	73	0
Pct 1119	Election Day	1119	1	745	97	13.02	45	30	1	21	0
Pct 1119	VBM	1119	1	745	274	36.78	91	131	1	51	0
Pct 1121	Election Day	1121	1	653	104	15.93	42	45	0	18	0
Pct 1121	VBM	1121	1	653	221	33.84	63	116	0	40	0
Pct 1122	Election Day	1122	1	607	69	11.37	23	28	2	16	0
Pct 1122	VBM	1122	1	607	213	35.09	44	110	1	58	0
Pct 1123	Election Day	1123	1	876	118	13.47	42	44	2	30	0
Pct 1123	VBM	1123	1	876	254	29	79	132	1	40	1
Pct 1124	Election Day	1124	1	773	109	14.1	34	39	1	35	0
Pct 1124	VBM	1124	1	773	200	25.87	69	98	1	32	1
Pct 1125	Election Day	1125	1	987	80	8.11	35	25	3	18	0
Pct 1125	VBM	1125	1	987	329	33.33	85	182	4	59	0
Pct 1126	Election Day	1126	1	900	92	10.22	35	35	2	22	0
Pct 1126	VBM	1126	1	900	292	32.44	73	162	3	53	0
Pct 1127	Election Day	1127	1	875	141	16.11	56	56	2	28	0
Pct 1127	VBM	1127	1	875	277	31.66	70	157	1	48	0
Pct 1128	Election Day	1128	1	813	104	12.79	36	36	3	29	0
Pct 1128	VBM	1128	1	813	246	30.26	77	125	0	44	0
Pct 1129	Election Day	1129	1	924	120	12.99	41	45	1	33	0
Pct 1129	VBM	1129	1	924	274	29.65	81	151	0	40	0
Pct 1131	Election Day	1131	1	783	85	10.86	29	46	1	9	0
Pct 1131	VBM	1131	1	783	288	36.78	76	160	2	49	0
Pct 1132	Election Day	1132	1	910	112	12.31	49	40	0	23	0
Pct 1132	VBM	1132	1	910	324	35.6	89	179	0	55	1
Pct 1133	Election Day	1133	1	826	99	11.99	40	37	0	22	0
Pct 1133	VBM	1133	1	826	292	35.35	81	153	5	55	0
Pct 1134	Election Day	1134	1	727	126	17.33	54	45	1	26	0
Pct 1134	VBM	1134	1	727	241	33.15	50	138	0	53	0
Pct 1135	Election Day	1135	1	511	71	13.89	20	36	1	14	0
Pct 1135	VBM	1135	1	511	217	42.47	58	125	2	32	0
Pct 1136	Election Day	1136	1	807	97	12.02	46	30	1	20	0
Pct 1136	VBM	1136	1	807	287	35.56	78	155	2	51	0
Pct 1141	Election Day	1141	1	998	149	14.93	65	48	0	36	0
Pct 1141	VBM	1141	1	998	368	36.87	126	183	1	58	0
Pct 1142	Election Day	1142	1	822	120	14.6	48	47	0	25	0
Pct 1142	VBM	1142	1	822	266	32.36	96	124	4	41	0
Pct 1143	Election Day	1143	1	989	147	14.86	72	51	2	23	0
Pct 1143	VBM	1143	1	989	311	31.45	106	122	5	77	1
Pct 1144	Election Day	1144	1	870	148	17.01	67	51	1	28	2
Pct 1144	VBM	1144	1	870	264	30.34	93	127	0	46	0
Pct 1145	Election Day	1145	1	879	136	15.47	55	53	1	26	0
Pct 1145	VBM	1145	1	879	370	42.09	125	184	1	59	1
Pct 1146	Election Day	1146	1	971	124	12.77	63	43	1	16	0
Pct 1146	VBM	1146	1	971	326	33.57	121	154	1	49	1
Pct 1147	Election Day	1147	1	853	166	19.46	69	50	1	45	0
Pct 1147	VBM	1147	1	853	279	32.71	106	134	0	39	1
Pct 1148	Election Day	1148	1	918	121	13.18	52	43	0	26	0
Pct 1148	VBM	1148	1	918	314	34.2	99	154	3	57	0
Pct 1149	Election Day	1149	1	873	148	16.95	64	47	0	39	0
Pct 1149	VBM	1149	1	873	285	32.65	95	138	1	51	0
Pct 1151 MB	Election Day	1151	1	0	0	0	0	0	0	0	0
Pct 1151 MB	VBM	1151	1	0	0	0	0	0	0	0	0
Pct 1152	Election Day	1152	1	838	125	14.92	55	44	1	26	0
Pct 1152	VBM	1152	1	838	286	34.13	83	151	0	51	0
Pct 1153	Election Day	1153	1	909	139	15.29	45	56	0	38	0
Pct 1153	VBM	1153	1	909	306	33.66	106	149	2	49	0
Pct 1154 MB	Election Day	1154	1	0	0	0	0	0	0	0	0
Pct 1154 MB	VBM	1154	1	0	0	0	0	0	0	0	0
Pct 7001	Election Day	7001	1	735	119	16.19	52	35	1	33	0
Pct 7001	VBM	7001	1	735	266	36.19	104	101	1	54	0
Pct 7002	Election Day	7002	1	641	132	20.59	57	47	0	27	0
Pct 7002	VBM	7002	1	641	173	26.99	64	84	0	25	0
Pct 7003	Election Day	7003	1	864	188	21.76	73	71	0	44	1
Pct 7003	VBM	7003	1	864	340	39.35	115	162	0	61	1
Pct 7004	Election Day	7004	1	835	175	20.96	52	72	0	52	0
Pct 7004	VBM	7004	1	835	306	36.65	98	152	2	48	0
Pct 7005	Election Day	7005	1	812	180	22.17	71	74	0	36	0
Pct 7005	VBM	7005	1	812	295	36.33	118	122	0	53	0
Pct 7006	Election Day	7006	1	884	213	24.1	106	58	1	49	0
Pct 7006	VBM	7006	1	884	290	32.81	129	114	1	45	0
Pct 7007	Election Day	7007	1	916	233	25.44	99	84	1	53	0
Pct 7007	VBM	7007	1	916	323	35.26	106	161	1	53	0
Pct 7008	Election Day	7008	1	861	187	21.72	64	73	0	50	0
Pct 7008	VBM	7008	1	861	345	40.07	105	168	0	72	0
Pct 7009	Election Day	7009	1	864	133	15.39	63	41	0	30	0
Pct 7009	VBM	7009	1	864	312	36.11	96	151	1	66	0
Pct 7011	Election Day	7011	1	976	141	14.45	46	51	3	41	0
Pct 7011	VBM	7011	1	976	205	21	80	86	2	36	0
Pct 7012	Election Day	7012	1	1061	224	21.11	87	93	2	42	0
Pct 7012	VBM	7012	1	1061	383	36.1	130	173	2	78	0
Pct 7013	Election Day	7013	1	805	132	16.4	50	53	2	27	0
Pct 7013	VBM	7013	1	805	251	31.18	85	120	3	41	0
Pct 7014	Election Day	7014	1	1213	188	15.5	76	75	1	38	0
Pct 7014	VBM	7014	1	1213	434	35.78	156	198	1	80	0
Pct 7015 MB	Election Day	7015	1	93	0	0	0	0	0	0	0
Pct 7015 MB	VBM	7015	1	93	34	36.56	23	10	0	1	0
Pct 7016	Election Day	7016	1	891	112	12.57	44	33	0	33	0
Pct 7016	VBM	7016	1	891	221	24.8	60	117	0	42	0
Pct 7017	Election Day	7017	1	734	79	10.76	25	23	0	31	0
Pct 7017	VBM	7017	1	734	167	22.75	67	66	0	33	0
Pct 7018	Election Day	7018	1	908	88	9.69	35	34	0	20	0
Pct 7018	VBM	7018	1	908	343	37.78	75	194	2	66	1
Pct 7019	Election Day	7019	1	864	111	12.85	37	40	1	31	0
Pct 7019	VBM	7019	1	864	349	40.39	96	199	2	52	1
Pct 7021	Election Day	7021	1	927	129	13.92	52	44	2	30	1
Pct 7021	VBM	7021	1	927	220	23.73	76	102	1	42	0
Pct 7022	Election Day	7022	1	923	164	17.77	69	64	1	31	0
Pct 7022	VBM	7022	1	923	270	29.25	92	130	1	45	0
Pct 7023	Election Day	7023	1	906	131	14.46	52	43	1	36	0
Pct 7023	VBM	7023	1	906	301	33.22	105	150	2	47	0
Pct 7024	Election Day	7024	1	386	30	7.77	5	11	2	12	0
Pct 7024	VBM	7024	1	386	47	12.18	9	34	0	3	0
Pct 7025	Election Day	7025	1	448	66	14.73	31	20	0	14	0
Pct 7025	VBM	7025	1	448	78	17.41	33	35	1	7	0
Pct 7026	Election Day	7026	1	971	90	9.27	22	46	1	22	0
Pct 7026	VBM	7026	1	971	350	36.05	55	222	1	63	1
Pct 7027	Election Day	7027	1	845	136	16.09	45	45	0	44	0
Pct 7027	VBM	7027	1	845	271	32.07	72	124	4	69	0
Pct 7028	Election Day	7028	1	835	157	18.8	61	59	0	36	2
Pct 7028	VBM	7028	1	835	180	21.56	60	86	2	32	0
Pct 7029	Election Day	7029	1	855	115	13.45	44	42	0	28	0
Pct 7029	VBM	7029	1	855	166	19.42	55	75	3	30	1
Pct 7030	Election Day	7030	1	729	94	12.89	30	44	2	18	0
Pct 7030	VBM	7030	1	729	277	38	61	160	2	54	0
Pct 7031	Election Day	7031	1	611	50	8.18	16	25	0	9	0
Pct 7031	VBM	7031	1	611	224	36.66	51	118	1	54	0
Pct 7032	Election Day	7032	1	867	126	14.53	45	43	2	38	0
Pct 7032	VBM	7032	1	867	238	27.45	82	117	1	37	0
Pct 7033	Election Day	7033	1	765	135	17.65	50	50	3	32	0
Pct 7033	VBM	7033	1	765	181	23.66	58	95	1	27	0
Pct 7034	Election Day	7034	1	914	97	10.61	28	37	0	31	1
Pct 7034	VBM	7034	1	914	154	16.85	52	68	2	33	0
Pct 7035	Election Day	7035	1	553	73	13.2	31	27	0	16	0
Pct 7035	VBM	7035	1	553	170	30.74	58	77	2	32	0
Pct 7036	Election Day	7036	1	898	52	5.79	24	19	0	9	0
Pct 7036	VBM	7036	1	898	265	29.51	62	162	2	39	0
Pct 7037	Election Day	7037	1	730	73	10	22	25	0	26	0
Pct 7037	VBM	7037	1	730	64	8.77	23	33	0	7	0
Pct 7038	Election Day	7038	1	880	84	9.55	28	32	3	21	0
Pct 7038	VBM	7038	1	880	255	28.98	49	156	1	49	0
Pct 7039	Election Day	7039	1	768	111	14.45	36	53	1	20	1
Pct 7039	VBM	7039	1	768	225	29.3	46	130	4	42	0
Pct 7041 MB	Election Day	7041	1	60	0	0	0	1	0	0	0
Pct 7041 MB	VBM	7041	1	60	24	40	6	12	0	5	0
Pct 7042	Election Day	7042	1	632	75	11.87	27	33	2	13	0
Pct 7042	VBM	7042	1	632	191	30.22	58	94	0	39	0
Pct 7043	Election Day	7043	1	915	97	10.6	48	26	1	22	0
Pct 7043	VBM	7043	1	915	282	30.82	96	136	0	49	1
Pct 7044	Election Day	7044	1	805	86	10.68	22	31	2	32	0
Pct 7044	VBM	7044	1	805	125	15.53	42	59	1	24	0
Pct 7045	Election Day	7045	1	763	87	11.4	26	31	2	28	0
Pct 7045	VBM	7045	1	763	282	36.96	52	140	1	88	0
Pct 7046	Election Day	7046	1	385	54	14.03	16	28	0	10	0
Pct 7046	VBM	7046	1	385	136	35.32	43	72	1	21	0
Pct 7047	Election Day	7047	1	781	68	8.71	26	27	0	16	0
Pct 7047	VBM	7047	1	781	298	38.16	82	165	3	46	0
Pct 7048	Election Day	7048	1	815	94	11.53	34	42	2	16	0
Pct 7048	VBM	7048	1	815	248	30.43	62	135	4	46	0
Pct 7049	Election Day	7049	1	751	108	14.38	24	54	2	28	0
Pct 7049	VBM	7049	1	751	241	32.09	47	136	4	54	0
Pct 7051	Election Day	7051	1	839	70	8.34	32	20	0	19	0
Pct 7051	VBM	7051	1	839	302	36	60	181	6	52	1
Pct 7052	Election Day	7052	1	806	120	14.89	43	57	0	21	0
Pct 7052	VBM	7052	1	806	278	34.49	58	171	0	48	0
Pct 7053	Election Day	7053	1	548	44	8.03	16	18	0	10	0
Pct 7053	VBM	7053	1	548	205	37.41	38	126	1	37	0
Pct 7054	Election Day	7054	1	1024	141	13.77	60	48	1	32	0
Pct 7054	VBM	7054	1	1024	275	26.86	115	113	0	46	0
Pct 7055	Election Day	7055	1	699	83	11.87	32	30	0	22	0
Pct 7055	VBM	7055	1	699	256	36.62	76	119	0	59	0
Pct 7101 MB	Election Day	7101	1	141	2	1.42	2	0	0	0	0
Pct 7101 MB	VBM	7101	1	141	83	58.87	24	40	0	19	0
Pct 7201	Election Day	7201	1	900	147	16.33	34	59	1	53	0
Pct 7201	VBM	7201	1	900	333	37	88	167	0	78	0
Pct 7202	Election Day	7202	1	830	138	16.63	28	76	2	33	0
Pct 7202	VBM	7202	1	830	271	32.65	54	167	0	52	0
Pct 7203	Election Day	7203	1	867	174	20.07	49	82	0	43	0
Pct 7203	VBM	7203	1	867	243	28.03	67	120	2	53	0
Pct 7204	Election Day	7204	1	888	157	17.68	36	75	0	46	0
Pct 7204	VBM	7204	1	888	340	38.29	86	193	0	59	0
Pct 7205	Election Day	7205	1	847	183	21.61	45	97	1	40	0
Pct 7205	VBM	7205	1	847	309	36.48	65	197	0	47	0
Pct 7206	Election Day	7206	1	375	88	23.47	28	46	1	13	0
Pct 7206	VBM	7206	1	375	124	33.07	31	53	1	38	0
Pct 7207	Election Day	7207	1	744	119	15.99	33	55	0	31	0
Pct 7207	VBM	7207	1	744	231	31.05	58	123	0	48	0
Pct 7208	Election Day	7208	1	567	76	13.4	32	25	0	19	0
Pct 7208	VBM	7208	1	567	206	36.33	53	111	2	39	0
Pct 7209	Election Day	7209	1	586	69	11.77	17	31	0	21	0
Pct 7209	VBM	7209	1	586	326	55.63	55	202	2	64	0
Pct 7301	Election Day	7301	1	1002	150	14.97	53	63	1	33	0
Pct 7301	VBM	7301	1	1002	299	29.84	76	156	1	63	0
Pct 7302	Election Day	7302	1	806	121	15.01	37	59	0	23	2
Pct 7302	VBM	7302	1	806	352	43.67	59	229	1	63	0
Pct 7303	Election Day	7303	1	986	167	16.94	55	65	0	48	0
Pct 7303	VBM	7303	1	986	318	32.25	80	156	1	80	0
Pct 7304	Election Day	7304	1	972	203	20.88	51	96	1	54	0
Pct 7304	VBM	7304	1	972	330	33.95	86	174	2	68	0
Pct 7305	Election Day	7305	1	851	171	20.09	52	69	0	50	0
Pct 7305	VBM	7305	1	851	306	35.96	61	174	3	69	0
Pct 7306	Election Day	7306	1	1014	179	17.65	47	74	0	58	0
Pct 7306	VBM	7306	1	1014	302	29.78	89	134	2	79	0
Pct 7307	Election Day	7307	1	726	143	19.7	41	66	0	36	0
Pct 7307	VBM	7307	1	726	226	31.13	58	113	0	53	0
Pct 7308	Election Day	7308	1	598	133	22.24	36	63	1	33	0
Pct 7308	VBM	7308	1	598	204	34.11	47	118	0	40	0
Pct 7309	Election Day	7309	1	826	160	19.37	52	70	0	40	0
Pct 7309	VBM	7309	1	826	209	25.3	62	101	0	46	0
Pct 7311	Election Day	7311	1	901	175	19.42	64	75	0	37	0
Pct 7311	VBM	7311	1	901	266	29.52	73	133	0	60	0
Pct 7312	Election Day	7312	1	810	128	15.8	32	57	0	39	0
Pct 7312	VBM	7312	1	810	332	40.99	64	194	1	69	1
Pct 7313	Election Day	7313	1	925	135	14.59	46	56	0	33	0
Pct 7313	VBM	7313	1	925	315	34.05	65	191	0	60	0
Pct 7314	Election Day	7314	1	760	92	12.11	22	33	0	37	0
Pct 7314	VBM	7314	1	760	213	28.03	30	126	1	57	0
Pct 7315	Election Day	7315	1	725	119	16.41	45	40	1	33	0
Pct 7315	VBM	7315	1	725	178	24.55	48	100	0	29	0
Pct 7316	Election Day	7316	1	824	122	14.81	54	40	1	27	0
Pct 7316	VBM	7316	1	824	266	32.28	82	130	0	54	0
Pct 7317	Election Day	7317	1	886	117	13.21	43	49	0	25	0
Pct 7317	VBM	7317	1	886	340	38.37	78	195	3	62	0
Pct 7318	Election Day	7318	1	709	123	17.35	39	41	1	42	0
Pct 7318	VBM	7318	1	709	243	34.27	47	152	0	46	0
Pct 7319	Election Day	7319	1	1035	182	17.58	66	72	0	44	0
Pct 7319	VBM	7319	1	1035	296	28.6	77	139	0	80	0
Pct 7321	Election Day	7321	1	644	100	15.53	29	38	1	32	0
Pct 7321	VBM	7321	1	644	211	32.76	45	119	1	46	0
Pct 7322	Election Day	7322	1	859	60	6.98	24	23	0	13	0
Pct 7322	VBM	7322	1	859	304	35.39	31	207	1	66	0
Pct 7323	Election Day	7323	1	881	146	16.57	41	66	0	37	1
Pct 7323	VBM	7323	1	881	273	30.99	58	151	0	64	0
Pct 7324	Election Day	7324	1	687	125	18.2	38	51	0	36	0
Pct 7324	VBM	7324	1	687	198	28.82	31	112	2	53	0
Pct 7325	Election Day	7325	1	870	150	17.24	50	53	1	46	0
Pct 7325	VBM	7325	1	870	276	31.72	47	151	2	76	0
Pct 7326	Election Day	7326	1	853	150	17.58	49	63	1	36	0
Pct 7326	VBM	7326	1	853	256	30.01	76	128	0	53	0
Pct 7327	Election Day	7327	1	684	62	9.06	20	22	0	20	0
Pct 7327	VBM	7327	1	684	277	40.5	49	172	0	55	0
Pct 7328	Election Day	7328	1	950	70	7.37	15	33	0	22	0
Pct 7328	VBM	7328	1	950	391	41.16	45	239	4	102	1
Pct 7329	Election Day	7329	1	610	71	11.64	16	33	1	22	0
Pct 7329	VBM	7329	1	610	205	33.61	32	141	1	33	0
Pct 7331	Election Day	7331	1	860	130	15.12	24	75	1	30	0
Pct 7331	VBM	7331	1	860	357	41.51	84	199	1	74	0
Pct 7332	Election Day	7332	1	799	154	19.27	67	52	2	33	0
Pct 7332	VBM	7332	1	799	209	26.16	72	92	1	44	0
Pct 7333	Election Day	7333	1	974	174	17.86	63	71	1	38	0
Pct 7333	VBM	7333	1	974	323	33.16	88	153	2	80	0
Pct 7334	Election Day	7334	1	854	113	13.23	42	44	0	27	0
Pct 7334	VBM	7334	1	854	275	32.2	84	136	1	56	0
Pct 7335	Election Day	7335	1	936	144	15.38	47	57	1	39	0
Pct 7335	VBM	7335	1	936	354	37.82	78	222	2	54	0
Pct 7336	Election Day	7336	1	920	155	16.85	47	67	0	39	0
Pct 7336	VBM	7336	1	920	324	35.22	86	171	1	66	0
Pct 7337	Election Day	7337	1	825	115	13.94	34	50	0	31	0
Pct 7337	VBM	7337	1	825	305	36.97	66	173	0	66	0
Pct 7338	Election Day	7338	1	884	100	11.31	27	44	0	28	0
Pct 7338	VBM	7338	1	884	364	41.18	55	232	0	79	1
Pct 7339	Election Day	7339	1	618	111	17.96	43	34	0	35	0
Pct 7339	VBM	7339	1	618	181	29.29	61	87	0	31	1
Pct 7341	Election Day	7341	1	877	124	14.14	49	47	0	28	0
Pct 7341	VBM	7341	1	877	246	28.05	80	120	0	48	0
Pct 7342	Election Day	7342	1	911	234	25.69	89	89	1	52	0
Pct 7342	VBM	7342	1	911	251	27.55	66	132	0	53	0
Pct 7343	Election Day	7343	1	707	144	20.37	64	41	0	39	0
Pct 7343	VBM	7343	1	707	186	26.31	87	59	0	37	0
Pct 7344	Election Day	7344	1	1039	179	17.23	64	76	1	39	0
Pct 7344	VBM	7344	1	1039	334	32.15	118	163	0	54	0
Pct 7345	Election Day	7345	1	1077	183	16.99	80	60	2	41	0
Pct 7345	VBM	7345	1	1077	283	26.28	88	132	3	58	0
Pct 7346	Election Day	7346	1	877	168	19.16	81	53	1	32	0
Pct 7346	VBM	7346	1	877	221	25.2	87	95	2	38	0
Pct 7347	Election Day	7347	1	968	137	14.15	67	43	2	25	0
Pct 7347	VBM	7347	1	968	279	28.82	115	124	0	40	0
Pct 7348	Election Day	7348	1	832	139	16.71	52	60	1	27	0
Pct 7348	VBM	7348	1	832	202	24.28	67	94	0	40	0
Pct 7349	Election Day	7349	1	921	147	15.96	53	63	3	28	1
Pct 7349	VBM	7349	1	921	282	30.62	81	147	3	51	0
Pct 7501	Election Day	7501	1	554	118	21.3	32	52	0	35	0
Pct 7501	VBM	7501	1	554	168	30.32	34	96	0	38	0
Pct 7502	Election Day	7502	1	741	113	15.25	46	35	2	29	0
Pct 7502	VBM	7502	1	741	349	47.1	91	192	1	69	0
Pct 7503	Election Day	7503	1	727	132	18.16	39	59	1	32	0
Pct 7503	VBM	7503	1	727	226	31.09	64	117	0	43	0
Pct 7504	Election Day	7504	1	484	76	15.7	23	34	0	19	0
Pct 7504	VBM	7504	1	484	158	32.64	37	84	2	34	0
Pct 7505	Election Day	7505	1	871	131	15.04	25	74	1	31	0
Pct 7505	VBM	7505	1	871	417	47.88	75	260	2	78	1
Pct 7506	Election Day	7506	1	920	133	14.46	52	48	1	31	0
Pct 7506	VBM	7506	1	920	252	27.39	85	105	0	60	0
Pct 7507	Election Day	7507	1	919	158	17.19	49	62	2	46	0
Pct 7507	VBM	7507	1	919	255	27.75	90	119	1	41	0
Pct 7508	Election Day	7508	1	702	106	15.1	26	58	1	21	0
Pct 7508	VBM	7508	1	702	340	48.43	85	170	2	82	1
Pct 7509/7511	Election Day	7509	1	909	171	18.81	63	77	2	31	0
Pct 7509/7511	VBM	7509	1	909	319	35.09	104	158	1	56	0
Pct 7512	Election Day	7512	1	604	96	15.89	28	37	1	28	0
Pct 7512	VBM	7512	1	604	196	32.45	68	93	0	32	1
Pct 7513	Election Day	7513	1	790	142	17.97	57	55	0	30	0
Pct 7513	VBM	7513	1	790	208	26.33	72	87	2	47	0
Pct 7514	Election Day	7514	1	863	95	11.01	23	35	2	37	0
Pct 7514	VBM	7514	1	863	235	27.23	87	103	0	42	1
Pct 7515	Election Day	7515	1	845	150	17.75	57	51	2	39	1
Pct 7515	VBM	7515	1	845	289	34.2	79	134	0	73	0
Pct 7516	Election Day	7516	1	886	145	16.37	45	66	1	33	0
Pct 7516	VBM	7516	1	886	378	42.66	103	211	3	61	0
Pct 7517	Election Day	7517	1	863	228	26.42	103	71	0	55	0
Pct 7517	VBM	7517	1	863	251	29.08	103	96	0	52	0
Pct 7518	Election Day	7518	1	939	235	25.03	98	83	0	54	0
Pct 7518	VBM	7518	1	939	298	31.74	136	108	0	54	0
Pct 7519	Election Day	7519	1	726	179	24.66	90	56	0	33	0
Pct 7519	VBM	7519	1	726	185	25.48	71	70	0	43	0
Pct 7521	Election Day	7521	1	802	211	26.31	95	67	0	49	0
Pct 7521	VBM	7521	1	802	215	26.81	85	81	0	49	1
Pct 7522	Election Day	7522	1	743	175	23.55	84	53	0	39	0
Pct 7522	VBM	7522	1	743	240	32.3	113	79	0	50	0
Pct 7523	Election Day	7523	1	737	208	28.22	125	42	2	39	0
Pct 7523	VBM	7523	1	737	223	30.26	93	91	0	41	0
Pct 7524	Election Day	7524	1	646	143	22.14	55	51	2	33	0
Pct 7524	VBM	7524	1	646	165	25.54	70	66	0	28	0
Pct 7525	Election Day	7525	1	779	145	18.61	60	47	2	39	0
Pct 7525	VBM	7525	1	779	214	27.47	79	83	2	46	0
Pct 7526	Election Day	7526	1	947	197	20.8	93	67	2	34	0
Pct 7526	VBM	7526	1	947	313	33.05	105	144	0	62	0
Pct 7527/7528	Election Day	7527	1	729	162	22.22	65	52	0	45	0
Pct 7527/7528	VBM	7527	1	729	237	32.51	78	100	2	52	1
Pct 7529	Election Day	7529	1	925	214	23.14	115	56	2	42	0
Pct 7529	VBM	7529	1	925	300	32.43	140	102	1	55	0
Pct 7531	Election Day	7531	1	847	179	21.13	79	51	0	49	0
Pct 7531	VBM	7531	1	847	263	31.05	104	96	1	62	0
Pct 7532	Election Day	7532	1	823	172	20.9	67	63	0	41	0
Pct 7532	VBM	7532	1	823	226	27.46	69	109	0	48	0
Pct 7533	Election Day	7533	1	951	268	28.18	132	82	1	54	0
Pct 7533	VBM	7533	1	951	297	31.23	136	111	0	50	0
Pct 7534	Election Day	7534	1	883	241	27.29	124	76	0	41	0
Pct 7534	VBM	7534	1	883	240	27.18	104	99	0	38	0
Pct 7535	Election Day	7535	1	743	201	27.05	93	69	1	38	0
Pct 7535	VBM	7535	1	743	251	33.78	106	102	0	43	0
Pct 7536	Election Day	7536	1	856	206	24.07	92	63	0	52	0
Pct 7536	VBM	7536	1	856	279	32.59	104	114	0	61	0
Pct 7537	Election Day	7537	1	734	187	25.48	86	59	2	40	0
Pct 7537	VBM	7537	1	734	225	30.65	85	90	0	49	0
Pct 7538	Election Day	7538	1	757	223	29.46	103	62	1	57	0
Pct 7538	VBM	7538	1	757	256	33.82	97	112	1	46	0
Pct 7539	Election Day	7539	1	884	250	28.28	134	61	0	54	0
Pct 7539	VBM	7539	1	884	286	32.35	115	107	0	65	0
Pct 7541	Election Day	7541	1	791	215	27.18	85	67	0	62	0
Pct 7541	VBM	7541	1	791	245	30.97	91	104	0	49	0
Pct 7542	Election Day	7542	1	787	183	23.25	86	57	0	40	0
Pct 7542	VBM	7542	1	787	247	31.39	111	89	0	46	0
Pct 7543	Election Day	7543	1	910	187	20.55	74	64	1	50	0
Pct 7543	VBM	7543	1	910	332	36.48	125	154	0	53	0
Pct 7544	Election Day	7544	1	877	186	21.21	80	66	2	38	0
Pct 7544	VBM	7544	1	877	331	37.74	137	128	3	66	0
Pct 7545	Election Day	7545	1	877	179	20.41	81	63	1	35	0
Pct 7545	VBM	7545	1	877	291	33.18	99	130	2	60	0
Pct 7546	Election Day	7546	1	913	219	23.99	82	97	1	39	0
Pct 7546	VBM	7546	1	913	310	33.95	128	140	0	40	1
Pct 7547	Election Day	7547	1	987	244	24.72	107	71	1	67	0
Pct 7547	VBM	7547	1	987	322	32.62	139	113	0	65	0
Pct 7548	Election Day	7548	1	1054	236	22.39	100	84	1	50	0
Pct 7548	VBM	7548	1	1054	345	32.73	119	164	2	56	0
Pct 7549	Election Day	7549	1	785	165	21.02	65	64	0	38	0
Pct 7549	VBM	7549	1	785	281	35.8	117	108	0	55	0
Pct 7551	Election Day	7551	1	705	199	28.23	76	83	1	40	0
Pct 7551	VBM	7551	1	705	240	34.04	87	107	0	44	0
Pct 7552	Election Day	7552	1	718	191	26.6	71	81	0	39	0
Pct 7552	VBM	7552	1	718	232	32.31	70	118	0	44	0
Pct 7553 MB	Election Day	7553	1	171	5	2.92	3	1	0	1	0
Pct 7553 MB	VBM	7553	1	171	87	50.88	25	52	0	8	0
Pct 7554	Election Day	7554	1	785	179	22.8	55	80	3	42	0
Pct 7554	VBM	7554	1	785	323	41.15	66	179	0	78	0
Pct 7555	Election Day	7555	1	847	242	28.57	71	121	1	49	0
Pct 7555	VBM	7555	1	847	304	35.89	93	165	0	45	0
Pct 7556/7557	Election Day	7556	1	961	223	23.2	64	105	0	57	0
Pct 7556/7557	VBM	7556	1	961	422	43.91	88	259	0	74	0
Pct 7601	Election Day	7601	1	744	128	17.2	52	48	2	27	0
Pct 7601	VBM	7601	1	744	185	24.87	69	78	2	33	0
Pct 7602	Election Day	7602	1	880	147	16.7	60	57	1	32	0
Pct 7602	VBM	7602	1	880	243	27.61	93	101	0	45	1
Pct 7603	Election Day	7603	1	826	152	18.4	65	49	0	37	0
Pct 7603	VBM	7603	1	826	215	26.03	83	94	0	38	0
Pct 7604	Election Day	7604	1	906	133	14.68	49	53	3	28	0
Pct 7604	VBM	7604	1	906	233	25.72	90	106	1	38	0
Pct 7605	Election Day	7605	1	651	77	11.83	28	33	0	16	0
Pct 7605	VBM	7605	1	651	155	23.81	41	76	2	33	0
Pct 7606	Election Day	7606	1	895	127	14.19	53	45	0	28	0
Pct 7606	VBM	7606	1	895	212	23.69	89	77	4	41	0
Pct 7607	Election Day	7607	1	955	120	12.57	47	49	1	23	0
Pct 7607	VBM	7607	1	955	265	27.75	89	138	0	41	1
Pct 7608	Election Day	7608	1	388	46	11.86	10	23	1	11	0
Pct 7608	VBM	7608	1	388	119	30.67	32	72	0	17	0
Pct 7609	Election Day	7609	1	916	101	11.03	29	39	1	32	0
Pct 7609	VBM	7609	1	916	297	32.42	61	180	0	54	0
Pct 7611	Election Day	7611	1	756	76	10.05	29	28	1	18	0
Pct 7611	VBM	7611	1	756	204	26.98	57	103	1	41	0
Pct 7612	Election Day	7612	1	574	76	13.24	19	42	0	15	0
Pct 7612	VBM	7612	1	574	210	36.59	49	115	0	47	0
Pct 7613	Election Day	7613	1	887	140	15.78	55	54	0	31	0
Pct 7613	VBM	7613	1	887	215	24.24	75	94	-1	45	0
Pct 7614	Election Day	7614	1	1015	123	12.12	53	44	0	28	0
Pct 7614	VBM	7614	1	1015	238	23.45	106	97	3	32	0
Pct 7615	Election Day	7615	1	832	108	12.98	34	39	2	31	2
Pct 7615	VBM	7615	1	832	170	20.43	36	95	1	38	0
Pct 7616	Election Day	7616	1	951	129	13.56	51	53	2	24	0
Pct 7616	VBM	7616	1	951	331	34.81	111	159	0	59	0
Pct 7617	Election Day	7617	1	751	84	11.19	26	36	1	22	0
Pct 7617	VBM	7617	1	751	223	29.69	54	114	0	53	0
Pct 7618	Election Day	7618	1	866	123	14.2	53	37	0	32	0
Pct 7618	VBM	7618	1	866	272	31.41	98	128	1	48	0
Pct 7619	Election Day	7619	1	993	154	15.51	79	39	0	37	0
Pct 7619	VBM	7619	1	993	308	31.02	113	142	0	54	0
Pct 7621	Election Day	7621	1	1132	163	14.4	68	67	3	26	0
Pct 7621	VBM	7621	1	1132	346	30.57	114	166	3	60	0
Pct 7622	Election Day	7622	1	964	99	10.27	38	37	0	22	0
Pct 7622	VBM	7622	1	964	193	20.02	70	84	1	36	1
Pct 7623	Election Day	7623	1	712	122	17.13	57	49	1	29	1
Pct 7623	VBM	7623	1	712	196	27.53	60	104	0	30	0
Pct 7624	Election Day	7624	1	905	104	11.49	39	48	1	15	0
Pct 7624	VBM	7624	1	905	195	21.55	68	93	0	33	0
Pct 7625	Election Day	7625	1	821	73	8.89	17	31	0	25	0
Pct 7625	VBM	7625	1	821	415	50.55	56	273	1	84	1
Pct 7626	Election Day	7626	1	1081	128	11.84	31	61	0	35	0
Pct 7626	VBM	7626	1	1081	361	33.4	84	194	1	81	0
Pct 7627	Election Day	7627	1	1075	116	10.79	36	52	0	29	0
Pct 7627	VBM	7627	1	1075	319	29.67	69	173	0	77	0
Pct 7628	Election Day	7628	1	906	156	17.22	60	52	0	44	0
Pct 7628	VBM	7628	1	906	267	29.47	109	113	2	43	0
Pct 7629	Election Day	7629	1	805	108	13.42	50	35	0	24	0
Pct 7629	VBM	7629	1	805	206	25.59	64	94	1	45	0
Pct 7631	Election Day	7631	1	1085	146	13.46	64	48	2	33	0
Pct 7631	VBM	7631	1	1085	339	31.24	92	178	1	66	0
Pct 7632	Election Day	7632	1	965	167	17.31	59	71	1	35	0
Pct 7632	VBM	7632	1	965	286	29.64	120	121	0	45	0
Pct 7633	Election Day	7633	1	702	90	12.82	30	40	1	19	0
Pct 7633	VBM	7633	1	702	253	36.04	58	151	0	44	0
Pct 7634	Election Day	7634	1	859	120	13.97	36	51	2	30	0
Pct 7634	VBM	7634	1	859	291	33.88	77	168	0	44	0
Pct 7635	Election Day	7635	1	782	89	11.38	36	30	2	21	0
Pct 7635	VBM	7635	1	782	242	30.95	93	111	5	30	0
Pct 7636	Election Day	7636	1	920	134	14.57	33	65	0	37	0
Pct 7636	VBM	7636	1	920	251	27.28	78	112	0	62	0
Pct 7637	Election Day	7637	1	732	89	12.16	30	37	0	22	0
Pct 7637	VBM	7637	1	732	249	34.02	65	134	0	49	1
Pct 7638	Election Day	7638	1	1365	129	9.45	38	55	0	36	0
Pct 7638	VBM	7638	1	1365	492	36.04	83	296	1	110	0
Pct 7639	Election Day	7639	1	962	110	11.43	31	43	1	34	0
Pct 7639	VBM	7639	1	962	319	33.16	74	172	1	74	0
Pct 7641	Election Day	7641	1	931	114	12.24	27	58	0	29	0
Pct 7641	VBM	7641	1	931	374	40.17	83	205	2	84	0
Pct 7642	Election Day	7642	1	909	84	9.24	22	29	1	32	0
Pct 7642	VBM	7642	1	909	268	29.48	68	86	2	112	0
Pct 7643	Election Day	7643	1	871	99	11.37	24	35	1	39	0
Pct 7643	VBM	7643	1	871	355	40.76	79	210	0	63	1
Pct 7644	Election Day	7644	1	1082	156	14.42	44	70	0	44	0
Pct 7644	VBM	7644	1	1082	291	26.89	76	147	0	66	1
Pct 7645	Election Day	7645	1	631	63	9.98	19	31	1	12	0
Pct 7645	VBM	7645	1	631	241	38.19	60	136	0	48	0
Pct 7646	Election Day	7646	1	1035	110	10.63	33	39	2	36	0
Pct 7646	VBM	7646	1	1035	326	31.5	74	183	0	69	0
Pct 7647	Election Day	7647	1	1027	107	10.42	49	35	2	21	0
Pct 7647	VBM	7647	1	1027	185	18.01	74	77	0	34	0
Pct 7648 MB	Election Day	7648	1	2	0	0	0	0	0	0	0
Pct 7648 MB	VBM	7648	1	2	0	0	0	0	0	0	0
Pct 7649	Election Day	7649	1	877	97	11.06	34	38	5	19	0
Pct 7649	VBM	7649	1	877	234	26.68	63	124	1	44	0
Pct 7651	Election Day	7651	1	555	48	8.65	20	19	2	7	0
Pct 7651	VBM	7651	1	555	155	27.93	50	79	0	26	0
Pct 7652	Election Day	7652	1	580	68	11.72	19	30	0	20	0
Pct 7652	VBM	7652	1	580	163	28.1	50	79	0	37	0
Pct 7653	Election Day	7653	1	1092	137	12.55	43	60	0	33	0
Pct 7653	VBM	7653	1	1092	321	29.4	92	162	2	65	0
Pct 7701	Election Day	7701	1	1012	225	22.23	79	82	3	61	0
Pct 7701	VBM	7701	1	1012	383	37.85	114	173	1	92	1
Pct 7702	Election Day	7702	1	704	117	16.62	23	71	0	23	0
Pct 7702	VBM	7702	1	704	302	42.9	71	170	1	60	1
Pct 7703 MB	Election Day	7703	1	172	0	0	0	0	0	0	0
Pct 7703 MB	VBM	7703	1	172	66	38.37	16	29	1	18	1
Pct 7704	Election Day	7704	1	977	208	21.29	57	97	4	50	0
Pct 7704	VBM	7704	1	977	396	40.53	97	222	2	74	0
Pct 7705	Election Day	7705	1	547	123	22.49	23	72	1	27	0
Pct 7705	VBM	7705	1	547	227	41.5	62	122	0	43	0
Pct 7706	Election Day	7706	1	821	189	23.02	60	100	0	29	0
Pct 7706	VBM	7706	1	821	341	41.53	100	174	3	63	1
Pct 7707	Election Day	7707	1	839	200	23.84	62	94	0	43	0
Pct 7707	VBM	7707	1	839	379	45.17	82	215	0	83	0
Pct 7708	Election Day	7708	1	860	181	21.05	51	84	1	44	0
Pct 7708	VBM	7708	1	860	400	46.51	102	243	0	56	0
Pct 7709	Election Day	7709	1	383	85	22.19	37	25	0	22	0
Pct 7709	VBM	7709	1	383	174	45.43	79	63	0	32	0
Pct 7711	Election Day	7711	1	772	162	20.98	61	62	0	39	0
Pct 7711	VBM	7711	1	772	344	44.56	96	189	1	58	0
Pct 7712	Election Day	7712	1	524	131	25	63	43	0	25	0
Pct 7712	VBM	7712	1	524	230	43.89	86	103	4	38	0
Pct 7801	Election Day	7801	1	970	230	23.71	79	100	0	50	0
Pct 7801	VBM	7801	1	970	424	43.71	107	253	0	66	0
Pct 7802	Election Day	7802	1	762	205	26.9	59	96	1	50	0
Pct 7802	VBM	7802	1	762	313	41.08	92	156	0	63	0
Pct 7803	Election Day	7803	1	823	143	17.38	59	52	0	32	0
Pct 7803	VBM	7803	1	823	412	50.06	108	235	0	69	1
Pct 7804	Election Day	7804	1	891	236	26.49	96	100	2	38	0
Pct 7804	VBM	7804	1	891	394	44.22	98	224	2	70	0
Pct 7805	Election Day	7805	1	785	176	22.42	78	69	0	28	0
Pct 7805	VBM	7805	1	785	348	44.33	99	180	0	70	0
Pct 7806	Election Day	7806	1	699	163	23.32	71	55	0	37	0
Pct 7806	VBM	7806	1	699	283	40.49	81	141	0	58	0
Pct 7807	Election Day	7807	1	796	228	28.64	93	89	0	44	0
Pct 7807	VBM	7807	1	796	273	34.3	99	114	2	58	0
Pct 7808	Election Day	7808	1	655	178	27.18	50	92	1	35	0
Pct 7808	VBM	7808	1	655	243	37.1	96	102	0	45	0
Pct 7809	Election Day	7809	1	742	160	21.56	71	57	0	33	0
Pct 7809	VBM	7809	1	742	267	35.98	97	124	0	46	0
Pct 7811	Election Day	7811	1	726	186	25.62	88	68	0	31	0
Pct 7811	VBM	7811	1	726	243	33.47	98	101	0	43	0
Pct 7812	Election Day	7812	1	843	207	24.56	75	86	0	46	0
Pct 7812	VBM	7812	1	843	292	34.64	99	144	4	47	0
Pct 7813	Election Day	7813	1	988	251	25.4	95	90	2	65	0
Pct 7813	VBM	7813	1	988	362	36.64	132	161	0	68	0
Pct 7814	Election Day	7814	1	892	173	19.39	92	46	2	34	0
Pct 7814	VBM	7814	1	892	223	25	91	96	1	33	1
Pct 7815	Election Day	7815	1	914	178	19.47	61	71	0	47	0
Pct 7815	VBM	7815	1	914	407	44.53	132	201	0	73	1
Pct 7816	Election Day	7816	1	858	202	23.54	77	89	1	34	0
Pct 7816	VBM	7816	1	858	390	45.45	103	213	0	74	0
Pct 7817	Election Day	7817	1	795	215	27.04	84	94	1	37	0
Pct 7817	VBM	7817	1	795	309	38.87	117	148	0	42	0
Pct 7818	Election Day	7818	1	823	172	20.9	63	69	1	39	0
Pct 7818	VBM	7818	1	823	335	40.7	115	158	1	61	0
Pct 7819	Election Day	7819	1	760	169	22.24	73	63	0	33	0
Pct 7819	VBM	7819	1	760	297	39.08	108	133	0	55	0
Pct 7821	Election Day	7821	1	947	229	24.18	83	94	0	52	0
Pct 7821	VBM	7821	1	947	439	46.36	139	228	1	71	0
Pct 7822	Election Day	7822	1	927	244	26.32	96	103	0	45	0
Pct 7822	VBM	7822	1	927	343	37	120	173	1	48	0
Pct 7823	Election Day	7823	1	857	237	27.65	111	80	2	44	0
Pct 7823	VBM	7823	1	857	347	40.49	132	154	0	60	0
Pct 7824	Election Day	7824	1	756	170	22.49	68	66	2	34	0
Pct 7824	VBM	7824	1	756	274	36.24	102	126	0	42	1
Pct 7825	Election Day	7825	1	580	160	27.59	62	64	0	35	0
Pct 7825	VBM	7825	1	580	215	37.07	83	93	0	39	0
Pct 7826	Election Day	7826	1	665	214	32.18	89	74	2	49	0
Pct 7826	VBM	7826	1	665	194	29.17	87	67	0	42	0
Pct 7827	Election Day	7827	1	828	199	24.03	104	56	0	39	0
Pct 7827	VBM	7827	1	828	252	30.43	110	104	1	37	0
Pct 7828	Election Day	7828	1	976	205	21	73	79	0	51	0
Pct 7828	VBM	7828	1	976	397	40.68	128	191	1	78	0
Pct 7829	Election Day	7829	1	882	199	22.56	66	96	0	37	0
Pct 7829	VBM	7829	1	882	391	44.33	95	227	0	70	0
Pct 7831	Election Day	7831	1	828	202	24.4	71	88	0	42	0
Pct 7831	VBM	7831	1	828	369	44.57	105	197	0	66	0
Pct 7832	Election Day	7832	1	781	162	20.74	49	80	2	32	0
Pct 7832	VBM	7832	1	781	343	43.92	101	179	0	64	0
Pct 7833	Election Day	7833	1	745	182	24.43	83	52	0	48	0
Pct 7833	VBM	7833	1	745	271	36.38	123	102	0	46	0
Pct 7834	Election Day	7834	1	836	225	26.91	110	62	1	53	0
Pct 7834	VBM	7834	1	836	288	34.45	131	107	1	50	0
Pct 7835	Election Day	7835	1	808	175	21.66	66	70	3	36	0
Pct 7835	VBM	7835	1	808	338	41.83	102	181	1	55	0
Pct 7836	Election Day	7836	1	979	199	20.33	79	89	2	29	0
Pct 7836	VBM	7836	1	979	421	43	146	192	4	79	0
Pct 7837	Election Day	7837	1	883	237	26.84	75	118	0	43	0
Pct 7837	VBM	7837	1	883	339	38.39	65	194	0	80	0
Pct 7838	Election Day	7838	1	891	210	23.57	60	109	0	41	0
Pct 7838	VBM	7838	1	891	413	46.35	121	224	0	66	1
Pct 7839	Election Day	7839	1	830	172	20.72	38	90	0	46	0
Pct 7839	VBM	7839	1	830	389	46.87	104	218	0	66	0
Pct 7841	Election Day	7841	1	898	240	26.73	77	98	2	63	0
Pct 7841	VBM	7841	1	898	353	39.31	122	160	1	69	1
Pct 7842	Election Day	7842	1	873	214	24.51	94	86	0	34	0
Pct 7842	VBM	7842	1	873	308	35.28	124	130	0	52	0
Pct 7843	Election Day	7843	1	751	182	24.23	86	63	1	33	0
Pct 7843	VBM	7843	1	751	267	35.55	103	112	0	52	0
Pct 7844	Election Day	7844	1	635	160	25.2	79	47	0	33	0
Pct 7844	VBM	7844	1	635	245	38.58	115	90	1	40	0
Pct 7845	Election Day	7845	1	803	202	25.16	59	95	0	49	0
Pct 7845	VBM	7845	1	803	314	39.1	87	170	0	58	0
Pct 7846	Election Day	7846	1	871	221	25.37	55	112	2	53	0
Pct 7846	VBM	7846	1	871	330	37.89	83	181	1	62	0
Pct 7847	Election Day	7847	1	878	207	23.58	68	92	1	46	0
Pct 7847	VBM	7847	1	878	358	40.77	114	177	0	68	1
Pct 7848	Election Day	7848	1	838	209	24.94	71	101	1	38	0
Pct 7848	VBM	7848	1	838	346	41.29	109	178	2	58	1
Pct 7849	Election Day	7849	1	904	237	26.22	91	91	1	55	0
Pct 7849	VBM	7849	1	904	353	39.05	117	172	0	64	0
Pct 7851	Election Day	7851	1	493	118	23.94	23	60	0	35	0
Pct 7851	VBM	7851	1	493	204	41.38	49	123	0	32	0
Pct 7852	Election Day	7852	1	634	104	16.4	25	57	0	22	0
Pct 7852	VBM	7852	1	634	303	47.79	83	174	0	46	0
Pct 7853	Election Day	7853	1	837	180	21.51	46	90	2	42	0
Pct 7853	VBM	7853	1	837	333	39.78	78	211	0	44	0
Pct 7854	Election Day	7854	1	874	216	24.71	78	88	1	49	0
Pct 7854	VBM	7854	1	874	346	39.59	104	178	0	64	0
Pct 7855	Election Day	7855	1	949	259	27.29	91	121	0	47	0
Pct 7855	VBM	7855	1	949	359	37.83	117	167	0	77	0
Pct 7856	Election Day	7856	1	790	204	25.82	79	90	1	33	0
Pct 7856	VBM	7856	1	790	312	39.49	96	153	2	62	0
Pct 7857	Election Day	7857	1	913	225	24.64	99	73	1	53	0
Pct 7857	VBM	7857	1	913	350	38.34	129	144	0	77	0
Pct 7858	Election Day	7858	1	743	192	25.84	95	56	0	41	0
Pct 7858	VBM	7858	1	743	252	33.92	115	104	0	32	0
Pct 7859	Election Day	7859	1	879	219	24.91	67	104	1	47	0
Pct 7859	VBM	7859	1	879	352	40.05	92	194	0	66	0
Pct 7861	Election Day	7861	1	835	184	22.04	71	78	2	33	0
Pct 7861	VBM	7861	1	835	367	43.95	106	200	0	60	1
Pct 7862	Election Day	7862	1	850	237	27.88	88	104	0	45	0
Pct 7862	VBM	7862	1	850	323	38	93	175	1	55	0
Pct 7863	Election Day	7863	1	870	237	27.24	108	86	2	41	0
Pct 7863	VBM	7863	1	870	302	34.71	118	135	0	49	0
Pct 7864	Election Day	7864	1	773	188	24.32	85	70	0	33	0
Pct 7864	VBM	7864	1	773	284	36.74	103	129	0	53	1
Pct 7865	Election Day	7865	1	808	178	22.03	73	64	0	41	0
Pct 7865	VBM	7865	1	808	310	38.37	126	127	0	56	1
Pct 7866	Election Day	7866	1	816	184	22.55	49	94	0	41	0
Pct 7866	VBM	7866	1	816	389	47.67	84	244	0	61	0
Pct 7867	Election Day	7867	1	932	209	22.42	62	86	3	58	0
Pct 7867	VBM	7867	1	932	385	41.31	134	187	2	58	1
Pct 7868	Election Day	7868	1	860	218	25.35	79	102	3	34	0
Pct 7868	VBM	7868	1	860	324	37.67	80	194	1	48	0
Pct 7869	Election Day	7869	1	842	219	26.01	81	97	0	40	0
Pct 7869	VBM	7869	1	842	376	44.66	120	189	1	67	0
Pct 7871	Election Day	7871	1	882	240	27.21	81	108	0	51	3
Pct 7871	VBM	7871	1	882	364	41.27	103	200	3	57	0
Pct 7872	Election Day	7872	1	864	242	28.01	78	96	0	68	0
Pct 7872	VBM	7872	1	864	369	42.71	121	162	0	86	0
Pct 7873	Election Day	7873	1	841	231	27.47	95	92	1	43	0
Pct 7873	VBM	7873	1	841	387	46.02	117	216	1	53	0
Pct 7874	Election Day	7874	1	453	85	18.76	30	41	0	14	0
Pct 7874	VBM	7874	1	453	174	38.41	58	88	1	26	0
Pct 7875	Election Day	7875	1	615	127	20.65	60	43	1	23	0
Pct 7875	VBM	7875	1	615	203	33.01	83	80	1	41	0
Pct 7876	Election Day	7876	1	491	101	20.57	40	38	0	23	0
Pct 7876	VBM	7876	1	491	148	30.14	44	64	0	41	0
Pct 7901	Election Day	7901	1	466	87	18.67	36	21	2	29	0
Pct 7901	VBM	7901	1	466	133	28.54	53	53	0	27	0
Pct 7902	Election Day	7902	1	921	188	20.41	99	52	3	34	0
Pct 7902	VBM	7902	1	921	259	28.12	121	90	2	46	0
Pct 7903	Election Day	7903	1	819	144	17.58	69	37	1	36	1
Pct 7903	VBM	7903	1	819	244	29.79	114	89	0	41	0
Pct 7904	Election Day	7904	1	846	137	16.19	70	41	0	26	0
Pct 7904	VBM	7904	1	846	248	29.31	95	116	0	38	0
Pct 7905	Election Day	7905	1	821	199	24.24	88	65	2	43	0
Pct 7905	VBM	7905	1	821	275	33.5	103	125	1	43	0
Pct 7906	Election Day	7906	1	769	164	21.33	73	46	1	43	0
Pct 7906	VBM	7906	1	769	214	27.83	90	81	0	44	0
Pct 7907	Election Day	7907	1	926	201	21.71	114	53	1	31	0
Pct 7907	VBM	7907	1	926	286	30.89	134	107	1	43	0
Pct 7908	Election Day	7908	1	936	191	20.41	90	66	2	33	0
Pct 7908	VBM	7908	1	936	267	28.53	119	112	2	34	0
Pct 7909	Election Day	7909	1	726	190	26.17	118	45	2	25	0
Pct 7909	VBM	7909	1	726	221	30.44	110	72	0	39	0
Pct 7911	Election Day	7911	1	849	192	22.61	90	62	3	37	0
Pct 7911	VBM	7911	1	849	250	29.45	112	88	1	48	0
Pct 7912	Election Day	7912	1	1036	215	20.75	112	49	2	50	0
Pct 7912	VBM	7912	1	1036	314	30.31	125	125	0	60	0
Pct 7913	Election Day	7913	1	887	240	27.06	127	69	2	42	0
Pct 7913	VBM	7913	1	887	244	27.51	124	87	0	33	1
Pct 7914	Election Day	7914	1	833	208	24.97	110	59	3	36	0
Pct 7914	VBM	7914	1	833	253	30.37	145	66	2	39	0
Pct 7915	Election Day	7915	1	802	213	26.56	111	49	0	52	1
Pct 7915	VBM	7915	1	802	222	27.68	115	72	0	34	0
Pct 7916	Election Day	7916	1	887	215	24.24	115	57	1	42	0
Pct 7916	VBM	7916	1	887	289	32.58	144	108	0	37	0
Pct 7917	Election Day	7917	1	983	254	25.84	147	50	2	56	0
Pct 7917	VBM	7917	1	983	287	29.2	153	94	3	35	2
Pct 7918	Election Day	7918	1	790	191	24.18	97	48	4	42	0
Pct 7918	VBM	7918	1	790	234	29.62	121	77	0	37	0
Pct 7919	Election Day	7919	1	857	217	25.32	110	65	1	40	1
Pct 7919	VBM	7919	1	857	241	28.12	128	77	0	36	0
Pct 7921	Election Day	7921	1	883	151	17.1	78	40	5	28	1
Pct 7921	VBM	7921	1	883	210	23.78	88	90	0	32	0
Pct 7922	Election Day	7922	1	797	182	22.84	97	46	1	37	0
Pct 7922	VBM	7922	1	797	241	30.24	115	91	1	33	0
Pct 7923	Election Day	7923	1	863	202	23.41	106	57	2	37	0
Pct 7923	VBM	7923	1	863	241	27.93	128	79	1	33	0
Pct 7924	Election Day	7924	1	806	172	21.34	96	43	3	29	0
Pct 7924	VBM	7924	1	806	247	30.65	133	90	0	24	0
Pct 7925	Election Day	7925	1	570	114	20	73	21	0	20	0
Pct 7925	VBM	7925	1	570	191	33.51	96	65	0	30	0
Pct 7926	Election Day	7926	1	768	177	23.05	92	53	2	30	0
Pct 7926	VBM	7926	1	768	296	38.54	113	123	2	56	2
Pct 7927	Election Day	7927	1	733	187	25.51	96	53	3	35	0
Pct 7927	VBM	7927	1	733	289	39.43	125	120	1	44	0
Pct 7928	Election Day	7928	1	899	253	28.14	120	83	2	49	0
Pct 7928	VBM	7928	1	899	297	33.04	136	125	0	34	0
Pct 7929	Election Day	7929	1	840	200	23.81	83	72	0	46	0
Pct 7929	VBM	7929	1	840	367	43.69	151	167	0	47	0
Pct 7931	Election Day	7931	1	732	189	25.82	69	76	0	44	0
Pct 7931	VBM	7931	1	732	317	43.31	126	136	2	54	0
Pct 7932	Election Day	7932	1	551	112	20.33	50	42	1	19	0
Pct 7932	VBM	7932	1	551	225	40.83	84	100	1	40	0
Pct 7933 MB	Election Day	7933	1	8	0	0	0	0	0	0	0
Pct 7933 MB	VBM	7933	1	8	4	50	1	3	0	0	0
Pct 7934	Election Day	7934	1	885	195	22.03	106	47	1	45	0
Pct 7934	VBM	7934	1	885	328	37.06	139	136	2	49	0
Pct 7935	Election Day	7935	1	938	283	30.17	137	89	0	57	0
Pct 7935	VBM	7935	1	938	370	39.45	164	148	0	56	0
Pct 7936	Election Day	7936	1	832	246	29.57	134	66	0	47	0
Pct 7936	VBM	7936	1	832	326	39.18	162	116	0	47	0
Pct 7937	Election Day	7937	1	874	223	25.51	113	70	0	39	1
Pct 7937	VBM	7937	1	874	309	35.35	127	137	1	44	0
Pct 7938	Election Day	7938	1	774	162	20.93	81	43	1	37	0
Pct 7938	VBM	7938	1	774	247	31.91	115	102	0	30	0
Pct 7939	Election Day	7939	1	667	186	27.89	85	54	4	41	0
Pct 7939	VBM	7939	1	667	230	34.48	96	90	0	43	0
Pct 7941	Election Day	7941	1	728	167	22.94	80	55	3	28	0
Pct 7941	VBM	7941	1	728	236	32.42	115	81	0	38	1
Pct 7942	Election Day	7942	1	893	166	18.59	66	58	0	41	0
Pct 7942	VBM	7942	1	893	286	32.03	130	103	2	52	0
Pct 7943	Election Day	7943	1	887	192	21.65	85	77	0	30	0
Pct 7943	VBM	7943	1	887	319	35.96	130	143	1	43	0
Pct 7944	Election Day	7944	1	769	201	26.14	97	71	1	33	0
Pct 7944	VBM	7944	1	769	235	30.56	101	96	1	36	1
Pct 7945	Election Day	7945	1	897	118	13.15	55	42	1	20	0
Pct 7945	VBM	7945	1	897	294	32.78	134	108	0	49	0
Pct 7946	Election Day	7946	1	909	134	14.74	56	47	1	29	0
Pct 7946	VBM	7946	1	909	348	38.28	85	191	4	65	0
Pct 7947	Election Day	7947	1	894	128	14.32	51	49	1	28	0
Pct 7947	VBM	7947	1	894	327	36.58	68	180	2	78	0
Pct 7948	Election Day	7948	1	900	165	18.33	69	60	1	35	0
Pct 7948	VBM	7948	1	900	313	34.78	99	153	3	60	0
Pct 7949	Election Day	7949	1	552	78	14.13	31	24	0	20	0
Pct 7949	VBM	7949	1	552	224	40.58	44	135	1	44	0
Pct 7951	Election Day	7951	1	830	97	11.69	37	43	0	17	0
Pct 7951	VBM	7951	1	830	341	41.08	96	179	2	64	0
Pct 7952	Election Day	7952	1	823	100	12.15	38	36	2	24	0
Pct 7952	VBM	7952	1	823	288	34.99	78	161	0	50	0
Pct 7953	Election Day	7953	1	795	103	12.96	44	41	1	19	0
Pct 7953	VBM	7953	1	795	294	36.98	80	158	0	56	0
Pct 7954 MB	Election Day	7954	1	0	0	0	0	0	0	0	0
Pct 7954 MB	VBM	7954	1	0	0	0	0	0	0	0	0
Pct 7955	Election Day	7955	1	854	116	13.58	46	50	0	20	0
Pct 7955	VBM	7955	1	854	320	37.47	86	173	0	61	0
Pct 7956	Election Day	7956	1	779	101	12.97	31	30	1	39	0
Pct 7956	VBM	7956	1	779	247	31.71	56	153	0	35	0
Pct 7957	Election Day	7957	1	623	97	15.57	35	35	3	23	0
Pct 7957	VBM	7957	1	623	217	34.83	59	112	1	45	0
Pct 7958 MB	Election Day	7958	1	263	13	4.94	7	4	0	3	0
Pct 7958 MB	VBM	7958	1	263	104	39.54	26	59	1	18	0
Pct 7959	Election Day	7959	1	695	110	15.83	57	30	1	22	0
Pct 7959	VBM	7959	1	695	190	27.34	68	87	3	32	0
Pct 9001 MB	Election Day	9001	1	257	8	3.11	5	2	0	1	0
Pct 9001 MB	VBM	9001	1	257	101	39.3	28	58	2	11	0
Pct 9101	Election Day	9101	1	833	190	22.81	66	75	1	48	0
Pct 9101	VBM	9101	1	833	323	38.78	84	174	0	65	0
Pct 9102	Election Day	9102	1	950	182	19.16	66	72	0	45	0
Pct 9102	VBM	9102	1	950	335	35.26	94	179	0	58	0
Pct 9103	Election Day	9103	1	924	174	18.83	53	84	1	36	0
Pct 9103	VBM	9103	1	924	302	32.68	77	153	4	68	0
Pct 9104	Election Day	9104	1	937	176	18.78	80	47	3	46	0
Pct 9104	VBM	9104	1	937	332	35.43	107	161	0	64	0
Pct 9105	Election Day	9105	1	888	191	21.51	44	96	1	49	0
Pct 9105	VBM	9105	1	888	339	38.18	97	187	3	53	0
Pct 9106	Election Day	9106	1	907	213	23.48	57	107	0	48	0
Pct 9106	VBM	9106	1	907	334	36.82	99	167	0	64	0
Pct 9107	Election Day	9107	1	806	164	20.35	54	70	0	40	0
Pct 9107	VBM	9107	1	806	246	30.52	95	99	1	50	0
Pct 9108	Election Day	9108	1	761	185	24.31	78	70	1	37	0
Pct 9108	VBM	9108	1	761	220	28.91	69	113	0	39	0
Pct 9109	Election Day	9109	1	848	205	24.17	67	80	2	57	0
Pct 9109	VBM	9109	1	848	285	33.61	78	154	0	49	0
Pct 9111	Election Day	9111	1	756	150	19.84	57	56	0	37	0
Pct 9111	VBM	9111	1	756	226	29.89	83	106	1	37	0
Pct 9112	Election Day	9112	1	918	211	22.98	75	93	1	42	0
Pct 9112	VBM	9112	1	918	295	32.14	100	136	1	57	1
Pct 9113	Election Day	9113	1	959	231	24.09	78	99	1	53	0
Pct 9113	VBM	9113	1	959	351	36.6	94	180	0	76	0
Pct 9114	Election Day	9114	1	820	170	20.73	58	60	1	51	0
Pct 9114	VBM	9114	1	820	273	33.29	89	128	0	55	0
Pct 9115	Election Day	9115	1	873	172	19.7	71	66	0	35	0
Pct 9115	VBM	9115	1	873	287	32.88	116	119	2	48	0
Pct 9116	Election Day	9116	1	903	193	21.37	87	64	4	36	0
Pct 9116	VBM	9116	1	903	314	34.77	108	141	2	58	1
Pct 9117	Election Day	9117	1	756	180	23.81	61	85	0	32	0
Pct 9117	VBM	9117	1	756	285	37.7	64	159	0	60	1
Pct 9118	Election Day	9118	1	923	184	19.93	54	80	1	49	0
Pct 9118	VBM	9118	1	923	268	29.04	70	136	0	62	0
Pct 9119	Election Day	9119	1	856	152	17.76	52	61	0	41	0
Pct 9119	VBM	9119	1	856	323	37.73	102	172	0	49	0
Pct 9121	Election Day	9121	1	890	188	21.12	62	82	1	43	0
Pct 9121	VBM	9121	1	890	274	30.79	81	138	3	52	0
Pct 9122	Election Day	9122	1	913	131	14.35	43	59	0	29	0
Pct 9122	VBM	9122	1	913	292	31.98	78	148	0	65	0
Pct 9123	Election Day	9123	1	829	175	21.11	63	76	0	36	0
Pct 9123	VBM	9123	1	829	270	32.57	85	136	2	46	0
Pct 9124	Election Day	9124	1	832	150	18.03	47	64	0	39	0
Pct 9124	VBM	9124	1	832	290	34.86	78	147	2	62	0
Pct 9125	Election Day	9125	1	822	159	19.34	56	61	2	39	0
Pct 9125	VBM	9125	1	822	299	36.37	93	149	0	60	0
Pct 9126	Election Day	9126	1	945	186	19.68	65	75	0	46	0
Pct 9126	VBM	9126	1	945	350	37.04	104	161	1	84	0
Pct 9127	Election Day	9127	1	908	209	23.02	61	96	0	52	0
Pct 9127	VBM	9127	1	908	315	34.69	91	163	0	62	0
Pct 9128	Election Day	9128	1	805	188	23.35	68	80	0	40	0
Pct 9128	VBM	9128	1	805	296	36.77	79	153	0	64	0
Pct 9129	Election Day	9129	1	713	173	24.26	56	79	2	36	0
Pct 9129	VBM	9129	1	713	225	31.56	65	108	0	49	0
Pct 9131	Election Day	9131	1	740	151	20.41	67	51	1	32	0
Pct 9131	VBM	9131	1	740	274	37.03	88	137	0	46	1
Pct 9132	Election Day	9132	1	827	167	20.19	73	50	1	43	0
Pct 9132	VBM	9132	1	827	251	30.35	78	120	2	51	0
Pct 9133	Election Day	9133	1	1007	188	18.67	68	84	0	36	0
Pct 9133	VBM	9133	1	1007	388	38.53	139	174	1	72	1
Pct 9134	Election Day	9134	1	893	132	14.78	57	38	1	36	0
Pct 9134	VBM	9134	1	893	297	33.26	101	138	2	52	1
Pct 9135	Election Day	9135	1	778	149	19.15	51	62	1	35	0
Pct 9135	VBM	9135	1	778	269	34.58	88	131	2	47	0
Pct 9136	Election Day	9136	1	894	191	21.36	74	78	1	38	0
Pct 9136	VBM	9136	1	894	289	32.33	94	123	1	67	0
Pct 9137	Election Day	9137	1	946	201	21.25	69	77	0	55	0
Pct 9137	VBM	9137	1	946	323	34.14	90	152	1	77	0
Pct 9138	Election Day	9138	1	892	155	17.38	45	69	0	42	0
Pct 9138	VBM	9138	1	892	323	36.21	84	175	5	61	0
Pct 9139	Election Day	9139	1	912	163	17.87	48	70	1	45	0
Pct 9139	VBM	9139	1	912	356	39.04	93	199	1	62	0
Pct 9141	Election Day	9141	1	904	168	18.58	64	65	0	37	0
Pct 9141	VBM	9141	1	904	328	36.28	99	178	0	52	0
Pct 9142	Election Day	9142	1	921	219	23.78	98	81	2	37	0
Pct 9142	VBM	9142	1	921	288	31.27	97	139	1	52	0
Pct 9143	Election Day	9143	1	887	196	22.1	69	80	1	46	0
Pct 9143	VBM	9143	1	887	315	35.51	83	165	0	64	0
Pct 9144	Election Day	9144	1	931	221	23.74	79	82	1	58	0
Pct 9144	VBM	9144	1	931	322	34.59	74	180	1	69	0
Pct 9145	Election Day	9145	1	837	197	23.54	66	85	0	46	0
Pct 9145	VBM	9145	1	837	282	33.69	82	145	0	55	0
Pct 9146	Election Day	9146	1	866	206	23.79	81	76	1	48	0
Pct 9146	VBM	9146	1	866	297	34.3	115	121	1	61	0
Pct 9147	Election Day	9147	1	920	227	24.67	95	92	1	38	0
Pct 9147	VBM	9147	1	920	318	34.57	106	138	1	75	0
Pct 9148	Election Day	9148	1	946	226	23.89	87	92	1	46	0
Pct 9148	VBM	9148	1	946	322	34.04	100	167	1	51	0
Pct 9149	Election Day	9149	1	884	196	22.17	78	78	1	39	0
Pct 9149	VBM	9149	1	884	296	33.48	103	140	2	52	0
Pct 9151	Election Day	9151	1	806	152	18.86	50	68	0	35	0
Pct 9151	VBM	9151	1	806	267	33.13	64	141	1	62	0
Pct 9152	Election Day	9152	1	712	67	9.41	30	22	0	14	0
Pct 9152	VBM	9152	1	712	138	19.38	56	60	1	20	0
Pct 9201	Election Day	9201	1	953	201	21.09	97	67	1	36	0
Pct 9201	VBM	9201	1	953	229	24.03	79	96	2	50	0
Pct 9202	Election Day	9202	1	908	184	20.26	56	87	0	42	0
Pct 9202	VBM	9202	1	908	218	24.01	84	88	0	46	0
Pct 9203	Election Day	9203	1	968	145	14.98	34	68	1	42	0
Pct 9203	VBM	9203	1	968	300	30.99	58	177	0	61	0
Pct 9204	Election Day	9204	1	809	147	18.17	36	64	1	46	0
Pct 9204	VBM	9204	1	809	223	27.56	41	135	0	50	0
Pct 9205	Election Day	9205	1	694	113	16.28	31	45	0	37	0
Pct 9205	VBM	9205	1	694	201	28.96	38	104	0	57	0
Pct 9206	Election Day	9206	1	887	135	15.22	32	76	0	28	0
Pct 9206	VBM	9206	1	887	294	33.15	62	175	1	56	0
Pct 9207	Election Day	9207	1	913	148	16.21	27	81	1	39	0
Pct 9207	VBM	9207	1	913	249	27.27	40	156	0	52	0
Pct 9208	Election Day	9208	1	936	147	15.71	28	74	2	43	0
Pct 9208	VBM	9208	1	936	240	25.64	57	122	0	62	0
Pct 9209	Election Day	9209	1	675	121	17.93	27	52	0	43	0
Pct 9209	VBM	9209	1	675	188	27.85	22	118	2	46	0
Pct 9211	Election Day	9211	1	834	130	15.59	30	69	0	31	0
Pct 9211	VBM	9211	1	834	212	25.42	45	115	2	49	0
Pct 9212	Election Day	9212	1	764	121	15.84	30	59	0	32	0
Pct 9212	VBM	9212	1	764	205	26.83	46	103	1	52	0
Pct 9213	Election Day	9213	1	890	140	15.73	39	66	0	35	0
Pct 9213	VBM	9213	1	890	260	29.21	62	125	1	70	0
Pct 9214	Election Day	9214	1	581	92	15.83	18	39	0	35	0
Pct 9214	VBM	9214	1	581	203	34.94	36	114	1	50	0
Pct 9215	Election Day	9215	1	626	130	20.77	21	65	0	44	0
Pct 9215	VBM	9215	1	626	170	27.16	23	117	0	31	0
Pct 9216	Election Day	9216	1	798	134	16.79	25	73	0	37	0
Pct 9216	VBM	9216	1	798	206	25.81	36	115	0	55	0
Pct 9217	Election Day	9217	1	684	123	17.98	33	58	0	32	0
Pct 9217	VBM	9217	1	684	187	27.34	46	94	0	44	0
Pct 9218	Election Day	9218	1	797	119	14.93	29	59	1	30	0
Pct 9218	VBM	9218	1	797	225	28.23	42	120	0	60	1
Pct 9219	Election Day	9219	1	733	146	19.92	41	67	1	37	0
Pct 9219	VBM	9219	1	733	187	25.51	46	101	0	39	1
Pct 9221	Election Day	9221	1	641	121	18.88	17	69	1	34	0
Pct 9221	VBM	9221	1	641	278	43.37	37	189	0	50	1
Pct 9222	Election Day	9222	1	842	139	16.51	19	84	1	36	0
Pct 9222	VBM	9222	1	842	268	31.83	41	167	0	57	0
Pct 9223	Election Day	9223	1	606	88	14.52	20	48	0	19	0
Pct 9223	VBM	9223	1	606	202	33.33	28	130	0	43	0
Pct 9224	Election Day	9224	1	912	171	18.75	45	74	1	45	0
Pct 9224	VBM	9224	1	912	308	33.77	68	165	1	67	0
Pct 9225	Election Day	9225	1	898	161	17.93	40	86	1	34	0
Pct 9225	VBM	9225	1	898	243	27.06	54	133	0	56	0
Pct 9226	Election Day	9226	1	905	143	15.8	29	77	1	37	0
Pct 9226	VBM	9226	1	905	312	34.48	62	166	2	82	0
Pct 9227	Election Day	9227	1	729	140	19.2	35	74	1	30	0
Pct 9227	VBM	9227	1	729	304	41.7	50	195	0	60	0
Pct 9228	Election Day	9228	1	726	175	24.1	34	94	0	44	0
Pct 9228	VBM	9228	1	726	277	38.15	45	172	0	56	0
Pct 9229	Election Day	9229	1	596	130	21.81	29	71	0	31	0
Pct 9229	VBM	9229	1	596	219	36.74	32	152	0	36	0
Pct 9231	Election Day	9231	1	919	221	24.05	52	126	0	45	0
Pct 9231	VBM	9231	1	919	294	31.99	77	165	0	54	0
Pct 9232	Election Day	9232	1	701	151	21.54	39	73	2	37	0
Pct 9232	VBM	9232	1	701	274	39.09	46	174	1	52	0
Pct 9233	Election Day	9233	1	774	139	17.96	17	75	0	47	0
Pct 9233	VBM	9233	1	774	308	39.79	52	182	0	72	0
Pct 9234	Election Day	9234	1	731	131	17.92	25	74	0	33	0
Pct 9234	VBM	9234	1	731	281	38.44	46	183	0	49	0
Pct 9235	Election Day	9235	1	842	174	20.67	40	91	0	42	0
Pct 9235	VBM	9235	1	842	298	35.39	54	181	1	62	1
Pct 9236	Election Day	9236	1	658	130	19.76	19	72	0	39	0
Pct 9236	VBM	9236	1	658	207	31.46	38	122	0	44	0
Pct 9237	Election Day	9237	1	880	145	16.48	36	72	1	36	0
Pct 9237	VBM	9237	1	880	331	37.61	55	189	2	86	0
Pct 9238	Election Day	9238	1	792	130	16.41	25	68	0	37	0
Pct 9238	VBM	9238	1	792	271	34.22	45	169	1	57	0
Pct 9239	Election Day	9239	1	835	117	14.01	20	64	2	31	0
Pct 9239	VBM	9239	1	835	318	38.08	56	199	0	63	0
Pct 9241	Election Day	9241	1	961	158	16.44	39	86	1	31	0
Pct 9241	VBM	9241	1	961	322	33.51	65	203	1	51	0
Pct 9242	Election Day	9242	1	940	154	16.38	31	70	0	53	0
Pct 9242	VBM	9242	1	940	300	31.91	74	168	1	54	0
Pct 9243	Election Day	9243	1	572	135	23.6	31	67	1	36	0
Pct 9243	VBM	9243	1	572	188	32.87	48	96	0	43	0
Pct 9244	Election Day	9244	1	880	149	16.93	35	76	2	35	0
Pct 9244	VBM	9244	1	880	269	30.57	66	134	0	70	0
Pct 9245	Election Day	9245	1	706	128	18.13	25	67	2	34	0
Pct 9245	VBM	9245	1	706	226	32.01	53	117	1	52	1
Pct 9246	Election Day	9246	1	910	139	15.27	29	66	0	44	0
Pct 9246	VBM	9246	1	910	299	32.86	77	136	1	86	0
Pct 9247	Election Day	9247	1	936	151	16.13	48	70	1	33	0
Pct 9247	VBM	9247	1	936	303	32.37	82	161	0	59	0
Pct 9248	Election Day	9248	1	898	181	20.16	63	64	0	54	0
Pct 9248	VBM	9248	1	898	282	31.4	76	138	0	62	0
Pct 9249	Election Day	9249	1	910	187	20.55	50	87	0	49	0
Pct 9249	VBM	9249	1	910	314	34.51	68	184	1	58	0
Pct 9251	Election Day	9251	1	946	204	21.56	46	113	0	45	0
Pct 9251	VBM	9251	1	946	342	36.15	80	194	0	69	0
Pct 9252	Election Day	9252	1	913	140	15.33	51	56	0	34	0
Pct 9252	VBM	9252	1	913	352	38.55	93	196	2	60	0
Pct 9253	Election Day	9253	1	751	138	18.38	39	59	1	35	0
Pct 9253	VBM	9253	1	751	272	36.22	56	157	0	59	0
Pct 9254	Election Day	9254	1	889	168	18.9	59	74	1	34	0
Pct 9254	VBM	9254	1	889	318	35.77	78	181	1	60	0
Pct 9255	Election Day	9255	1	545	126	23.12	54	45	0	27	0
Pct 9255	VBM	9255	1	545	128	23.49	41	58	0	28	0
Pct 9256	Election Day	9256	1	433	77	17.78	27	25	0	25	0
Pct 9256	VBM	9256	1	433	103	23.79	41	42	0	21	0
Pct 9257 MB	Election Day	9257	1	312	9	2.88	4	3	0	2	0
Pct 9257 MB	VBM	9257	1	312	150	48.08	62	64	1	24	0
Pct 9258	Election Day	9258	1	699	127	18.17	38	60	0	29	0
Pct 9258	VBM	9258	1	699	244	34.91	74	126	0	46	0
Pct 9401	Election Day	9401	1	970	194	20	93	60	2	40	0
Pct 9401	VBM	9401	1	970	293	30.21	109	127	1	58	0
Pct 9402	Election Day	9402	1	931	197	21.16	77	75	0	45	0
Pct 9402	VBM	9402	1	931	307	32.98	99	138	1	68	0
Pct 9403	Election Day	9403	1	853	167	19.58	66	64	1	36	0
Pct 9403	VBM	9403	1	853	286	33.53	95	140	1	48	0
Pct 9404	Election Day	9404	1	889	153	17.21	61	59	0	33	0
Pct 9404	VBM	9404	1	889	320	36	93	157	0	67	0
Pct 9405	Election Day	9405	1	757	160	21.14	41	74	0	46	0
Pct 9405	VBM	9405	1	757	245	32.36	61	134	0	49	0
Pct 9406	Election Day	9406	1	815	179	21.96	55	85	0	39	0
Pct 9406	VBM	9406	1	815	277	33.99	78	138	5	55	0
Pct 9407	Election Day	9407	1	861	191	22.18	54	86	1	49	0
Pct 9407	VBM	9407	1	861	284	32.98	117	117	0	51	0
Pct 9408	Election Day	9408	1	837	187	22.34	76	64	1	45	0
Pct 9408	VBM	9408	1	837	246	29.39	91	110	0	47	0
Pct 9409	Election Day	9409	1	565	140	24.78	59	60	0	21	0
Pct 9409	VBM	9409	1	565	170	30.09	54	79	1	34	0
Pct 9411	Election Day	9411	1	936	175	18.7	79	62	1	34	0
Pct 9411	VBM	9411	1	936	261	27.88	95	122	1	42	0
Pct 9412	Election Day	9412	1	843	164	19.45	61	66	4	33	0
Pct 9412	VBM	9412	1	843	285	33.81	86	130	2	67	0
Pct 9413	Election Day	9413	1	858	172	20.05	53	71	0	49	0
Pct 9413	VBM	9413	1	858	310	36.13	72	151	0	84	0
Pct 9414	Election Day	9414	1	862	159	18.45	42	55	1	60	0
Pct 9414	VBM	9414	1	862	307	35.61	84	161	2	59	0
Pct 9415	Election Day	9415	1	755	121	16.03	31	66	0	24	0
Pct 9415	VBM	9415	1	755	284	37.62	69	161	1	55	0
Pct 9416	Election Day	9416	1	962	198	20.58	66	84	2	46	0
Pct 9416	VBM	9416	1	962	316	32.85	86	159	0	68	0
Pct 9417	Election Day	9417	1	714	117	16.39	42	47	0	29	0
Pct 9417	VBM	9417	1	714	286	40.06	63	161	1	53	0
Pct 9418	Election Day	9418	1	753	157	20.85	43	69	0	44	0
Pct 9418	VBM	9418	1	753	269	35.72	46	147	3	73	0
Pct 9419	Election Day	9419	1	893	167	18.7	50	68	0	49	0
Pct 9419	VBM	9419	1	893	326	36.51	76	187	1	61	0
Pct 9421	Election Day	9421	1	878	150	17.08	40	70	1	40	0
Pct 9421	VBM	9421	1	878	316	35.99	75	171	2	69	0
Pct 9422	Election Day	9422	1	1010	200	19.8	67	77	0	57	0
Pct 9422	VBM	9422	1	1010	358	35.45	75	201	3	79	0
Pct 9423	Election Day	9423	1	853	147	17.23	43	61	0	43	0
Pct 9423	VBM	9423	1	853	292	34.23	77	157	2	57	0
Pct 9424	Election Day	9424	1	910	146	16.04	46	66	0	33	0
Pct 9424	VBM	9424	1	910	331	36.37	79	187	2	64	0
Pct 9425	Election Day	9425	1	903	136	15.06	40	53	0	42	0
Pct 9425	VBM	9425	1	903	313	34.66	68	164	3	75	0
Pct 9426	Election Day	9426	1	801	143	17.85	44	64	2	34	0
Pct 9426	VBM	9426	1	801	283	35.33	54	143	1	84	0
Pct 9427	Election Day	9427	1	889	129	14.51	28	67	1	34	0
Pct 9427	VBM	9427	1	889	333	37.46	84	159	3	86	0
Pct 9428	Election Day	9428	1	892	122	13.68	39	49	2	33	0
Pct 9428	VBM	9428	1	892	346	38.79	84	192	3	68	0
Pct 9429	Election Day	9429	1	866	173	19.98	47	86	0	40	0
Pct 9429	VBM	9429	1	866	308	35.57	71	174	2	61	0
Pct 9431	Election Day	9431	1	954	152	15.93	33	84	1	35	0
Pct 9431	VBM	9431	1	954	352	36.9	63	213	2	69	1
Pct 9432	Election Day	9432	1	901	155	17.2	45	72	0	38	0
Pct 9432	VBM	9432	1	901	307	34.07	65	161	3	78	0
Pct 9433	Election Day	9433	1	912	155	17	44	68	3	40	0
Pct 9433	VBM	9433	1	912	317	34.76	66	168	0	85	0
Pct 9434	Election Day	9434	1	963	188	19.52	48	77	3	60	0
Pct 9434	VBM	9434	1	963	349	36.24	83	214	0	53	0
Pct 9435	Election Day	9435	1	934	195	20.88	60	90	3	42	0
Pct 9435	VBM	9435	1	934	320	34.26	76	154	3	85	0
Pct 9436	Election Day	9436	1	941	161	17.11	42	81	0	38	0
Pct 9436	VBM	9436	1	941	337	35.81	79	171	2	85	0
Pct 9437	Election Day	9437	1	873	170	19.47	42	81	1	46	0
Pct 9437	VBM	9437	1	873	324	37.11	71	195	0	57	0
Pct 9438	Election Day	9438	1	918	129	14.05	42	59	1	26	0
Pct 9438	VBM	9438	1	918	336	36.6	74	199	0	64	0
Pct 9439	Election Day	9439	1	827	126	15.24	30	62	1	33	0
Pct 9439	VBM	9439	1	827	314	37.97	46	193	0	76	0
Pct 9441	Election Day	9441	1	939	205	21.83	76	78	2	50	0
Pct 9441	VBM	9441	1	939	337	35.89	75	195	1	67	0
Pct 9442	Election Day	9442	1	970	200	20.62	72	84	1	42	1
Pct 9442	VBM	9442	1	970	325	33.51	77	165	7	76	0
Pct 9443	Election Day	9443	1	886	138	15.58	47	66	0	25	0
Pct 9443	VBM	9443	1	886	304	34.31	99	150	1	51	1
Pct 9444	Election Day	9444	1	901	118	13.1	34	50	1	34	0
Pct 9444	VBM	9444	1	901	312	34.63	69	166	2	76	0
Pct 9445	Election Day	9445	1	945	154	16.3	36	80	2	36	0
Pct 9445	VBM	9445	1	945	342	36.19	79	192	2	69	0
Pct 9446	Election Day	9446	1	1043	164	15.72	39	84	0	39	0
Pct 9446	VBM	9446	1	1043	417	39.98	100	215	1	103	1
Pct 9447	Election Day	9447	1	891	171	19.19	55	73	2	40	0
Pct 9447	VBM	9447	1	891	327	36.7	74	177	0	75	0
Pct 9448	Election Day	9448	1	877	159	18.13	54	68	1	36	0
Pct 9448	VBM	9448	1	877	307	35.01	77	154	1	77	0
Pct 9449	Election Day	9449	1	784	97	12.37	24	52	0	22	0
Pct 9449	VBM	9449	1	784	302	38.52	69	166	1	62	0
Pct 9451	Election Day	9451	1	414	57	13.77	18	32	0	7	0
Pct 9451	VBM	9451	1	414	154	37.2	22	101	1	27	0
Pct 9452	Election Day	9452	1	799	175	21.9	44	94	0	36	0
Pct 9452	VBM	9452	1	799	281	35.17	63	151	1	66	0
Pct 9453	Election Day	9453	1	488	90	18.44	21	54	1	14	0
Pct 9453	VBM	9453	1	488	175	35.86	40	100	0	35	0
Pct 9501 MB	Election Day	9501	1	149	5	3.36	1	1	0	3	0
Pct 9501 MB	VBM	9501	1	149	71	47.65	19	31	1	22	0
Pct 9502 MB	Election Day	9502	1	233	10	4.29	3	4	0	3	0
Pct 9502 MB	VBM	9502	1	233	116	49.79	39	56	1	20	0
Pct 9503/9504	Election Day	9503	1	725	128	17.66	39	57	0	34	0
Pct 9503/9504	VBM	9503	1	725	184	25.38	56	84	0	43	1
Pct 9505	Election Day	9505	1	756	147	19.44	44	62	0	43	0
Pct 9505	VBM	9505	1	756	274	36.24	89	115	2	68	0
Pct 9506	Election Day	9506	1	771	134	17.38	50	55	0	29	0
Pct 9506	VBM	9506	1	771	217	28.15	76	106	0	34	0
Pct 9507	Election Day	9507	1	733	170	23.19	64	65	0	40	0
Pct 9507	VBM	9507	1	733	218	29.74	92	85	0	42	1
Pct 9508	Election Day	9508	1	784	180	22.96	101	49	0	30	0
Pct 9508	VBM	9508	1	784	258	32.91	117	102	4	32	0
Pct 9509	Election Day	9509	1	719	165	22.95	78	48	0	39	0
Pct 9509	VBM	9509	1	719	239	33.24	92	93	0	54	1
Pct 9511	Election Day	9511	1	600	147	24.5	70	37	1	39	0
Pct 9511	VBM	9511	1	600	177	29.5	88	57	0	30	0
Pct 9512	Election Day	9512	1	771	161	20.88	82	49	0	30	0
Pct 9512	VBM	9512	1	771	251	32.56	106	106	1	43	0
Pct 9513	Election Day	9513	1	864	200	23.15	74	73	2	51	0
Pct 9513	VBM	9513	1	864	261	30.21	98	109	0	49	0
Pct 9514/9522	Election Day	9514	1	869	229	26.35	91	86	1	51	0
Pct 9514/9522	VBM	9514	1	869	257	29.57	84	109	0	63	0
Pct 9515	Election Day	9515	1	685	159	23.21	66	58	0	35	0
Pct 9515	VBM	9515	1	685	243	35.47	80	106	1	56	0
Pct 9516	Election Day	9516	1	864	206	23.84	76	79	1	50	0
Pct 9516	VBM	9516	1	864	269	31.13	98	124	0	46	0
Pct 9517	Election Day	9517	1	768	197	25.65	85	64	0	48	0
Pct 9517	VBM	9517	1	768	235	30.6	88	102	0	44	0
Pct 9518	Election Day	9518	1	783	180	22.99	75	66	1	37	0
Pct 9518	VBM	9518	1	783	242	30.91	88	114	0	40	0
Pct 9519	Election Day	9519	1	850	217	25.53	73	88	0	56	0
Pct 9519	VBM	9519	1	850	294	34.59	103	147	1	44	0
Pct 9521	Election Day	9521	1	893	254	28.44	105	95	3	51	0
Pct 9521	VBM	9521	1	893	290	32.47	97	135	0	54	1
Pct 9701	Election Day	9701	1	665	156	23.46	63	62	0	31	0
Pct 9701	VBM	9701	1	665	235	35.34	76	106	0	53	0
Pct 9702	Election Day	9702	1	710	194	27.32	81	65	1	47	0
Pct 9702	VBM	9702	1	710	231	32.54	63	110	0	58	0
Pct 9703	Election Day	9703	1	931	182	19.55	49	91	2	39	0
Pct 9703	VBM	9703	1	931	373	40.06	103	199	0	70	0
Pct 9704	Election Day	9704	1	942	191	20.28	66	78	0	47	0
Pct 9704	VBM	9704	1	942	354	37.58	97	188	2	68	0
Pct 9705	Election Day	9705	1	879	208	23.66	71	100	1	35	0
Pct 9705	VBM	9705	1	879	309	35.15	96	162	0	51	0
Pct 9706 MB	Election Day	9706	1	51	2	3.92	0	1	0	1	0
Pct 9706 MB	VBM	9706	1	51	32	62.75	14	12	0	6	0
Pct 9707	Election Day	9707	1	799	121	15.14	22	66	2	31	0
Pct 9707	VBM	9707	1	799	355	44.43	84	214	0	61	0
Pct 9708	Election Day	9708	1	919	193	21	67	72	0	53	0
Pct 9708	VBM	9708	1	919	324	35.26	93	139	2	88	0
Pct 9709	Election Day	9709	1	998	196	19.64	52	86	1	56	0
Pct 9709	VBM	9709	1	998	355	35.57	58	218	1	77	0
Pct 9711	Election Day	9711	1	625	167	26.72	45	81	3	38	0
Pct 9711	VBM	9711	1	625	254	40.64	45	168	4	37	0
Pct 9712	Election Day	9712	1	651	134	20.58	29	84	1	20	1
Pct 9712	VBM	9712	1	651	288	44.24	59	178	0	50	0
Pct 9713	Election Day	9713	1	930	161	17.31	36	72	2	51	0
Pct 9713	VBM	9713	1	930	362	38.92	80	209	2	70	0
Pct 9714	Election Day	9714	1	911	154	16.9	31	85	1	37	0
Pct 9714	VBM	9714	1	911	367	40.29	66	225	3	71	0
Pct 9715	Election Day	9715	1	566	162	28.62	32	103	2	25	0
Pct 9715	VBM	9715	1	566	218	38.52	31	155	0	31	0
Pct 9716	Election Day	9716	1	928	198	21.34	67	79	0	53	0
Pct 9716	VBM	9716	1	928	368	39.66	91	208	1	64	0
Pct 9717	Election Day	9717	1	967	206	21.3	57	101	1	48	0
Pct 9717	VBM	9717	1	967	371	38.37	101	206	0	57	1
Pct 9718	Election Day	9718	1	843	183	21.71	47	104	0	34	0
Pct 9718	VBM	9718	1	843	385	45.67	95	228	2	57	0
Pct 9719	Election Day	9719	1	863	186	21.55	53	97	1	35	0
Pct 9719	VBM	9719	1	863	389	45.08	64	246	2	76	0
Pct 9721	Election Day	9721	1	653	182	27.87	24	125	1	33	0
Pct 9721	VBM	9721	1	653	250	38.28	45	144	2	58	0
Pct 9722	Election Day	9722	1	593	86	14.5	20	42	0	24	0
Pct 9722	VBM	9722	1	593	269	45.36	59	164	1	48	0
Pct 9723	Election Day	9723	1	458	74	16.16	13	39	0	22	0
Pct 9723	VBM	9723	1	458	198	43.23	36	115	4	42	0
Pct 9724	Election Day	9724	1	950	144	15.16	30	80	1	33	0
Pct 9724	VBM	9724	1	950	386	40.63	59	239	0	89	0
Pct 9725	Election Day	9725	1	941	118	12.54	30	57	0	32	0
Pct 9725	VBM	9725	1	941	350	37.19	64	204	2	80	0
Pct 9726	Election Day	9726	1	685	83	12.12	26	36	0	21	0
Pct 9726	VBM	9726	1	685	137	20	37	69	2	29	0
Pct 9727	Election Day	9727	1	435	60	13.79	10	36	0	13	0
Pct 9727	VBM	9727	1	435	205	47.13	36	133	0	34	0
Pct 9728	Election Day	9728	1	906	204	22.52	40	129	0	35	0
Pct 9728	VBM	9728	1	906	378	41.72	72	243	3	62	0
Pct 9729	Election Day	9729	1	782	161	20.59	28	97	1	34	0
Pct 9729	VBM	9729	1	782	304	38.87	37	211	0	56	0
Pct 9731	Election Day	9731	1	529	138	26.09	21	86	2	29	0
Pct 9731	VBM	9731	1	529	189	35.73	36	121	0	31	1
Pct 9732 MB	Election Day	9732	1	73	3	4.11	1	1	0	1	0
Pct 9732 MB	VBM	9732	1	73	43	58.9	12	22	0	8	0
Pct 9733 MB	Election Day	9733	1	224	4	1.79	2	0	0	1	0
Pct 9733 MB	VBM	9733	1	224	146	65.18	38	80	1	27	0
Pct 9734	Election Day	9734	1	577	122	21.14	22	80	0	20	0
Pct 9734	VBM	9734	1	577	261	45.23	45	173	0	42	0
Pct 9735	Election Day	9735	1	782	167	21.36	32	95	3	36	0
Pct 9735	VBM	9735	1	782	344	43.99	70	224	0	50	0
Pct 9736	Election Day	9736	1	699	145	20.74	39	76	2	28	0
Pct 9736	VBM	9736	1	699	305	43.63	82	173	0	49	0
Pct 9737	Election Day	9737	1	792	175	22.1	58	81	0	37	0
Pct 9737	VBM	9737	1	792	343	43.31	91	194	1	60	0
Pct 9738	Election Day	9738	1	830	99	11.93	40	38	0	21	0
Pct 9738	VBM	9738	1	830	263	31.69	89	126	1	43	0
Pct 9739	Election Day	9739	1	826	126	15.25	53	51	1	20	1
Pct 9739	VBM	9739	1	826	193	23.37	74	77	0	45	0
Pct 9741	Election Day	9741	1	1022	19	1.86	12	4	0	3	0
Pct 9741	VBM	9741	1	1022	24	2.35	14	6	0	4	0
Pct 9742	Election Day	9742	1	647	134	20.71	27	78	0	29	0
Pct 9742	VBM	9742	1	647	187	28.9	39	109	1	37	0
Pct 9743	Election Day	9743	1	1093	172	15.74	76	62	1	33	0
Pct 9743	VBM	9743	1	1093	317	29	100	171	0	44	0
Pct 9744	Election Day	9744	1	902	141	15.63	59	62	0	20	0
Pct 9744	VBM	9744	1	902	234	25.94	78	105	0	49	1
Pct 9745	Election Day	9745	1	934	141	15.1	48	61	1	31	0
Pct 9745	VBM	9745	1	934	205	21.95	89	86	2	29	0
Pct 9746	Election Day	9746	1	867	192	22.15	50	93	1	48	0
Pct 9746	VBM	9746	1	867	334	38.52	83	183	0	66	0
Pct 9747	Election Day	9747	1	940	198	21.06	70	97	1	30	0
Pct 9747	VBM	9747	1	940	323	34.36	98	158	2	65	0
Pct 9748	Election Day	9748	1	913	164	17.96	44	80	4	36	0
Pct 9748	VBM	9748	1	913	342	37.46	90	182	0	67	0
Pct 9749	Election Day	9749	1	893	143	16.01	55	53	2	34	0
Pct 9749	VBM	9749	1	893	266	29.79	103	121	3	39	0
Pct 9751	Election Day	9751	1	977	157	16.07	47	75	1	34	1
Pct 9751	VBM	9751	1	977	384	39.3	71	236	3	72	0
Pct 9752	Election Day	9752	1	692	143	20.66	49	61	0	33	0
Pct 9752	VBM	9752	1	692	305	44.08	98	148	1	56	0
Pct 9753	Election Day	9753	1	735	148	20.14	44	73	1	30	0
Pct 9753	VBM	9753	1	735	266	36.19	97	125	0	45	0
Pct 9754	Election Day	9754	1	701	169	24.11	60	74	1	34	0
Pct 9754	VBM	9754	1	701	296	42.23	108	150	0	37	0
Pct 9755	Election Day	9755	1	553	120	21.7	42	59	0	19	1
Pct 9755	VBM	9755	1	553	201	36.35	70	100	1	30	0
Pct 9756	Election Day	9756	1	908	126	13.88	46	55	1	25	0
Pct 9756	VBM	9756	1	908	297	32.71	88	150	2	51	0
Pct 9801	Election Day	9801	1	399	76	19.05	23	34	0	19	0
Pct 9801	VBM	9801	1	399	148	37.09	56	70	1	21	0
Pct 9900 MB	Election Day	9900	1	0	0	0	0	0	0	0	0
Pct 9900 MB	VBM	9900	1	0	0	0	0	0	0	0	0
Pct 9901 MB	Election Day	9901	1	0	0	0	0	0	0	0	0
Pct 9901 MB	VBM	9901	1	0	0	0	0	0	0	0	0
Pct 9902 MB	Election Day	9902	1	0	0	0	0	0	0	0	0
Pct 9902 MB	VBM	9902	1	0	0	0	0	0	0	0	0
